Table Name,State Code,District Code,Tehsil Code,Area Name,Mother Tongue Code,Mother Tongue,Total - Persons,Total - Males,Total - Females,Rural - Persons,Rural - Males,Rural - Females,Urban - Persons,Urban - Males,Urban - Females
C0116,09,00,0000,State - UTTAR PRADESH  09,001000,1 ASSAMESE,7922,4390,3532,416,194,222,7506,4196,3310
C0116,09,00,0000,State - UTTAR PRADESH  09,001002, 1 ASSAMESE,7913,4383,3530,416,194,222,7497,4189,3308
C0116,09,00,0000,State - UTTAR PRADESH  09,001999,1 Others,9,7,2,0,0,0,9,7,2
C0116,09,00,0000,State - UTTAR PRADESH  09,002000,2 BENGALI,181634,93972,87662,101351,52091,49260,80283,41881,38402
C0116,09,00,0000,State - UTTAR PRADESH  09,002004, 1 BENGALI,181608,93955,87653,101339,52083,49256,80269,41872,38397
C0116,09,00,0000,State - UTTAR PRADESH  09,002009, 2 HAIJONG/HAJONG,1,1,0,0,0,0,1,1,0
C0116,09,00,0000,State - UTTAR PRADESH  09,002023, 3 RAJBANGSI,2,1,1,0,0,0,2,1,1
C0116,09,00,0000,State - UTTAR PRADESH  09,002999,2 Others,23,15,8,12,8,4,11,7,4
C0116,09,00,0000,State - UTTAR PRADESH  09,003000,3 BODO,58,37,21,3,0,3,55,37,18
C0116,09,00,0000,State - UTTAR PRADESH  09,003001, 1 BODO,58,37,21,3,0,3,55,37,18
C0116,09,00,0000,State - UTTAR PRADESH  09,004000,4 DOGRI,4464,3796,668,101,74,27,4363,3722,641
C0116,09,00,0000,State - UTTAR PRADESH  09,004001, 1 DOGRI,4464,3796,668,101,74,27,4363,3722,641
C0116,09,00,0000,State - UTTAR PRADESH  09,005000,5 GUJARATI,8169,4376,3793,1891,995,896,6278,3381,2897
C0116,09,00,0000,State - UTTAR PRADESH  09,005011, 1 GUJARATI,7914,4245,3669,1828,966,862,6086,3279,2807
C0116,09,00,0000,State - UTTAR PRADESH  09,005012, 2 GUJRAO/GUJRAU,65,34,31,2,2,0,63,32,31
C0116,09,00,0000,State - UTTAR PRADESH  09,005036, 3 SAURASHTRA/SAURASHTRI,18,9,9,0,0,0,18,9,9
C0116,09,00,0000,State - UTTAR PRADESH  09,005999,5 Others,172,88,84,61,27,34,111,61,50
C0116,09,00,0000,State - UTTAR PRADESH  09,006000,6 HINDI,151770131,79998968,71771163,125008211,65686160,59322051,26761920,14312808,12449112
C0116,09,00,0000,State - UTTAR PRADESH  09,006008, 1 AWADHI,2502330,1278687,1223643,2431591,1241682,1189909,70739,37005,33734
C0116,09,00,0000,State - UTTAR PRADESH  09,006016, 2 BAGHELI/BAGHEL KHANDI,146,69,77,18,4,14,128,65,63
C0116,09,00,0000,State - UTTAR PRADESH  09,006026, 3 BANJARI,1987,1081,906,1981,1077,904,6,4,2
C0116,09,00,0000,State - UTTAR PRADESH  09,006038, 4 BHADRAWAHI,1,0,1,0,0,0,1,0,1
C0116,09,00,0000,State - UTTAR PRADESH  09,006045, 5 BHOJPURI,10994863,5552474,5442389,10423182,5251844,5171338,571681,300630,271051
C0116,09,00,0000,State - UTTAR PRADESH  09,006059, 6 BRAJBHASHA,127922,69383,58539,119792,64678,55114,8130,4705,3425
C0116,09,00,0000,State - UTTAR PRADESH  09,006060, 7 BUNDELI/BUNDELKHANDI,174305,91988,82317,153425,80929,72496,20880,11059,9821
C0116,09,00,0000,State - UTTAR PRADESH  09,006072, 8 CHHATTISGARHI,28919,14930,13989,24219,12439,11780,4700,2491,2209
C0116,09,00,0000,State - UTTAR PRADESH  09,006095, 9 GARHWALI,43813,24213,19600,31684,17478,14206,12129,6735,5394
C0116,09,00,0000,State - UTTAR PRADESH  09,006103, 10 GOJRI,4,3,1,0,0,0,4,3,1
C0116,09,00,0000,State - UTTAR PRADESH  09,006117, 11 HARYANVI,4299,2156,2143,1614,557,1057,2685,1599,1086
C0116,09,00,0000,State - UTTAR PRADESH  09,006118, 12 HINDI,137823602,72927392,64896210,111784935,58996621,52788314,26038667,13930771,12107896
C0116,09,00,0000,State - UTTAR PRADESH  09,006127, 13 JAUNSARI,1186,635,551,974,505,469,212,130,82
C0116,09,00,0000,State - UTTAR PRADESH  09,006138, 14 KANGRI,61,36,25,13,8,5,48,28,20
C0116,09,00,0000,State - UTTAR PRADESH  09,006148, 15 KHARI BOLI,17669,9320,8349,6540,3370,3170,11129,5950,5179
C0116,09,00,0000,State - UTTAR PRADESH  09,006153, 16 KHORTHA/KHOTTA,5,4,1,1,1,0,4,3,1
C0116,09,00,0000,State - UTTAR PRADESH  09,006162, 17 KUMAUNI,9561,5253,4308,1613,864,749,7948,4389,3559
C0116,09,00,0000,State - UTTAR PRADESH  09,006165, 18 KURMALI THAR,6,4,2,0,0,0,6,4,2
C0116,09,00,0000,State - UTTAR PRADESH  09,006167, 19 LABANI,326,156,170,326,156,170,0,0,0
C0116,09,00,0000,State - UTTAR PRADESH  09,006172, 20 LARIA,8,2,6,8,2,6,0,0,0
C0116,09,00,0000,State - UTTAR PRADESH  09,006179, 21 MAGADHI/MAGAHI,500,266,234,211,114,97,289,152,137
C0116,09,00,0000,State - UTTAR PRADESH  09,006187, 22 MALVI,6,4,2,1,1,0,5,3,2
C0116,09,00,0000,State - UTTAR PRADESH  09,006192, 23 MARWARI,5159,2768,2391,2559,1380,1179,2600,1388,1212
C0116,09,00,0000,State - UTTAR PRADESH  09,006195, 24 MEWARI,1311,728,583,885,509,376,426,219,207
C0116,09,00,0000,State - UTTAR PRADESH  09,006196, 25 MEWATI,463,250,213,460,249,211,3,1,2
C0116,09,00,0000,State - UTTAR PRADESH  09,006204, 26 NAGPURIA,464,231,233,453,225,228,11,6,5
C0116,09,00,0000,State - UTTAR PRADESH  09,006210, 27 NIMADI,2,2,0,0,0,0,2,2,0
C0116,09,00,0000,State - UTTAR PRADESH  09,006213, 28 PAHARI,1140,629,511,165,96,69,975,533,442
C0116,09,00,0000,State - UTTAR PRADESH  09,006224, 29 PANCH PARGANIA,40,24,16,40,24,16,0,0,0
C0116,09,00,0000,State - UTTAR PRADESH  09,006242, 30 RAJASTHANI,8018,4473,3545,4089,2212,1877,3929,2261,1668
C0116,09,00,0000,State - UTTAR PRADESH  09,006251, 31 SADAN/SADRI,821,420,401,758,392,366,63,28,35
C0116,09,00,0000,State - UTTAR PRADESH  09,006259, 32 SIRMAURI,4,2,2,4,2,2,0,0,0
C0116,09,00,0000,State - UTTAR PRADESH  09,006999,6 Others,21190,11385,9805,16670,8741,7929,4520,2644,1876
C0116,09,00,0000,State - UTTAR PRADESH  09,007000,7 KANNADA,2799,1674,1125,787,438,349,2012,1236,776
C0116,09,00,0000,State - UTTAR PRADESH  09,007002, 1 BADAGA,14,1,13,0,0,0,14,1,13
C0116,09,00,0000,State - UTTAR PRADESH  09,007013, 2 KANNADA,2669,1610,1059,721,405,316,1948,1205,743
C0116,09,00,0000,State - UTTAR PRADESH  09,007999,7 Others,116,63,53,66,33,33,50,30,20
C0116,09,00,0000,State - UTTAR PRADESH  09,008000,8 KASHMIRI,3153,1773,1380,209,168,41,2944,1605,1339
C0116,09,00,0000,State - UTTAR PRADESH  09,008002, 1 KASHMIRI,3139,1767,1372,209,168,41,2930,1599,1331
C0116,09,00,0000,State - UTTAR PRADESH  09,008999,8 Others,14,6,8,0,0,0,14,6,8
C0116,09,00,0000,State - UTTAR PRADESH  09,009000,9 KONKANI,323,185,138,103,56,47,220,129,91
C0116,09,00,0000,State - UTTAR PRADESH  09,009010, 1 KONKANI,290,163,127,98,52,46,192,111,81
C0116,09,00,0000,State - UTTAR PRADESH  09,009011, 2 KUDUBI/KUDUMBI,5,4,1,5,4,1,0,0,0
C0116,09,00,0000,State - UTTAR PRADESH  09,009013, 3 MALWANI,14,9,5,0,0,0,14,9,5
C0116,09,00,0000,State - UTTAR PRADESH  09,009999,9 Others,14,9,5,0,0,0,14,9,5
C0116,09,00,0000,State - UTTAR PRADESH  09,010000,10 MAITHILI,7224,4335,2889,1166,721,445,6058,3614,2444
C0116,09,00,0000,State - UTTAR PRADESH  09,010006, 1 MAITHILI,7214,4332,2882,1166,721,445,6048,3611,2437
C0116,09,00,0000,State - UTTAR PRADESH  09,010999,10 Others,10,3,7,0,0,0,10,3,7
C0116,09,00,0000,State - UTTAR PRADESH  09,011000,11 MALAYALAM,19683,10110,9573,2148,975,1173,17535,9135,8400
C0116,09,00,0000,State - UTTAR PRADESH  09,011013, 1 MALAYALAM,19355,9932,9423,2078,933,1145,17277,8999,8278
C0116,09,00,0000,State - UTTAR PRADESH  09,011999,11 Others,328,178,150,70,42,28,258,136,122
C0116,09,00,0000,State - UTTAR PRADESH  09,012000,12 MANIPURI,532,397,135,39,31,8,493,366,127
C0116,09,00,0000,State - UTTAR PRADESH  09,012002, 1 MANIPURI,526,391,135,39,31,8,487,360,127
C0116,09,00,0000,State - UTTAR PRADESH  09,012999,12 Others,6,6,0,0,0,0,6,6,0
C0116,09,00,0000,State - UTTAR PRADESH  09,013000,13 MARATHI,13074,7682,5392,1620,826,794,11454,6856,4598
C0116,09,00,0000,State - UTTAR PRADESH  09,013048, 1 MARATHI,12640,7458,5182,1269,653,616,11371,6805,4566
C0116,09,00,0000,State - UTTAR PRADESH  09,013999,13 Others,434,224,210,351,173,178,83,51,32
C0116,09,00,0000,State - UTTAR PRADESH  09,014000,14 NEPALI,263982,145106,118876,204364,110609,93755,59618,34497,25121
C0116,09,00,0000,State - UTTAR PRADESH  09,014009, 1 NEPALI,263935,145073,118862,204343,110597,93746,59592,34476,25116
C0116,09,00,0000,State - UTTAR PRADESH  09,014999,14 Others,47,33,14,21,12,9,26,21,5
C0116,09,00,0000,State - UTTAR PRADESH  09,015000,15 ORIYA,15052,8671,6381,7872,4141,3731,7180,4530,2650
C0116,09,00,0000,State - UTTAR PRADESH  09,015031, 1 ORIYA,14960,8615,6345,7790,4090,3700,7170,4525,2645
C0116,09,00,0000,State - UTTAR PRADESH  09,015042, 2 SAMBALPURI,2,1,1,0,0,0,2,1,1
C0116,09,00,0000,State - UTTAR PRADESH  09,015999,15 Others,90,55,35,82,51,31,8,4,4
C0116,09,00,0000,State - UTTAR PRADESH  09,016000,16 PUNJABI,523094,276412,246682,336111,177692,158419,186983,98720,88263
C0116,09,00,0000,State - UTTAR PRADESH  09,016001, 1 BAGRI,88,49,39,74,42,32,14,7,7
C0116,09,00,0000,State - UTTAR PRADESH  09,016018, 2 PUNJABI,511711,270416,241295,327177,172976,154201,184534,97440,87094
C0116,09,00,0000,State - UTTAR PRADESH  09,016999,16 Others,11295,5947,5348,8860,4674,4186,2435,1273,1162
C0116,09,00,0000,State - UTTAR PRADESH  09,017000,17 SANSKRIT,7048,3856,3192,5230,2833,2397,1818,1023,795
C0116,09,00,0000,State - UTTAR PRADESH  09,017002, 1 SANSKRIT,7048,3856,3192,5230,2833,2397,1818,1023,795
C0116,09,00,0000,State - UTTAR PRADESH  09,018000,18 SANTALI,491,248,243,315,162,153,176,86,90
C0116,09,00,0000,State - UTTAR PRADESH  09,018013, 1 SANTALI,380,204,176,209,122,87,171,82,89
C0116,09,00,0000,State - UTTAR PRADESH  09,018999,18 Others,111,44,67,106,40,66,5,4,1
C0116,09,00,0000,State - UTTAR PRADESH  09,019000,19 SINDHI,34330,17425,16905,2812,1483,1329,31518,15942,15576
C0116,09,00,0000,State - UTTAR PRADESH  09,019013, 1 SINDHI,34321,17420,16901,2809,1482,1327,31512,15938,15574
C0116,09,00,0000,State - UTTAR PRADESH  09,019999,19 Others,9,5,4,3,1,2,6,4,2
C0116,09,00,0000,State - UTTAR PRADESH  09,020000,20 TAMIL,13665,8128,5537,2950,1775,1175,10715,6353,4362
C0116,09,00,0000,State - UTTAR PRADESH  09,020007, 1 KAIKADI,7,4,3,0,0,0,7,4,3
C0116,09,00,0000,State - UTTAR PRADESH  09,020020, 2 TAMIL,13549,8066,5483,2926,1763,1163,10623,6303,4320
C0116,09,00,0000,State - UTTAR PRADESH  09,020999,20 Others,109,58,51,24,12,12,85,46,39
C0116,09,00,0000,State - UTTAR PRADESH  09,021000,21 TELUGU,7645,4549,3096,792,465,327,6853,4084,2769
C0116,09,00,0000,State - UTTAR PRADESH  09,021035, 1 TELUGU,7550,4499,3051,783,461,322,6767,4038,2729
C0116,09,00,0000,State - UTTAR PRADESH  09,021999,21 Others,95,50,45,9,4,5,86,46,40
C0116,09,00,0000,State - UTTAR PRADESH  09,022000,22 URDU,13272080,6947596,6324484,5954982,3102664,2852318,7317098,3844932,3472166
C0116,09,00,0000,State - UTTAR PRADESH  09,022014, 1 URDU,13272074,6947591,6324483,5954978,3102660,2852318,7317096,3844931,3472165
C0116,09,00,0000,State - UTTAR PRADESH  09,022999,22 Others,6,5,1,4,4,0,2,1,1
C0116,09,00,0000,State - UTTAR PRADESH  09,023000,23 ADI,10,9,1,3,3,0,7,6,1
C0116,09,00,0000,State - UTTAR PRADESH  09,023002, 1 ADI,3,3,0,0,0,0,3,3,0
C0116,09,00,0000,State - UTTAR PRADESH  09,023999,23 Others,7,6,1,3,3,0,4,3,1
C0116,09,00,0000,State - UTTAR PRADESH  09,024000,24 AFGHANI/KABULI/PASHTO,2,1,1,0,0,0,2,1,1
C0116,09,00,0000,State - UTTAR PRADESH  09,024001,1,2,1,1,0,0,0,2,1,1
C0116,09,00,0000,State - UTTAR PRADESH  09,025000,25 ANAL,4,3,1,0,0,0,4,3,1
C0116,09,00,0000,State - UTTAR PRADESH  09,025001, 1 ANAL,4,3,1,0,0,0,4,3,1
C0116,09,00,0000,State - UTTAR PRADESH  09,026000,26 ANGAMI,1,0,1,0,0,0,1,0,1
C0116,09,00,0000,State - UTTAR PRADESH  09,026002, 1 ANGAMI,1,0,1,0,0,0,1,0,1
C0116,09,00,0000,State - UTTAR PRADESH  09,027000,27 AO,7,6,1,0,0,0,7,6,1
C0116,09,00,0000,State - UTTAR PRADESH  09,027001, 1 AO,7,6,1,0,0,0,7,6,1
C0116,09,00,0000,State - UTTAR PRADESH  09,028000,28 ARABIC/ARBI,8493,4386,4107,6703,3450,3253,1790,936,854
C0116,09,00,0000,State - UTTAR PRADESH  09,028001, 1 ARABIC/ARBI,8493,4386,4107,6703,3450,3253,1790,936,854
C0116,09,00,0000,State - UTTAR PRADESH  09,030000,30 BHILI/BHILODI,84,32,52,23,8,15,61,24,37
C0116,09,00,0000,State - UTTAR PRADESH  09,030006, 1 BHILALI,1,1,0,0,0,0,1,1,0
C0116,09,00,0000,State - UTTAR PRADESH  09,030013, 2 DHODIA,5,3,2,0,0,0,5,3,2
C0116,09,00,0000,State - UTTAR PRADESH  09,030019, 3 GARASIA,3,1,2,0,0,0,3,1,2
C0116,09,00,0000,State - UTTAR PRADESH  09,030027, 4 KOKNA/KOKNI/KUKNA,44,12,32,10,2,8,34,10,24
C0116,09,00,0000,State - UTTAR PRADESH  09,030032, 5 MAWCHI,11,5,6,11,5,6,0,0,0
C0116,09,00,0000,State - UTTAR PRADESH  09,030048, 6 RATHI,2,1,1,2,1,1,0,0,0
C0116,09,00,0000,State - UTTAR PRADESH  09,030050, 7 TADAVI,1,1,0,0,0,0,1,1,0
C0116,09,00,0000,State - UTTAR PRADESH  09,030999,30 Others,17,8,9,0,0,0,17,8,9
C0116,09,00,0000,State - UTTAR PRADESH  09,031000,31 BHOTIA,9,4,5,0,0,0,9,4,5
C0116,09,00,0000,State - UTTAR PRADESH  09,031001, 1 BHOTIA,9,4,5,0,0,0,9,4,5
C0116,09,00,0000,State - UTTAR PRADESH  09,032000,32 BHUMIJ,16,9,7,2,2,0,14,7,7
C0116,09,00,0000,State - UTTAR PRADESH  09,032999,32 Others,16,9,7,2,2,0,14,7,7
C0116,09,00,0000,State - UTTAR PRADESH  09,033000,33 BISHNUPURIYA,12,8,4,2,2,0,10,6,4
C0116,09,00,0000,State - UTTAR PRADESH  09,033001, 1 BISHNUPRIYA MANIPURI/MANIPURI BISHNUPRIYA,4,3,1,2,2,0,2,1,1
C0116,09,00,0000,State - UTTAR PRADESH  09,033999,33 Others,8,5,3,0,0,0,8,5,3
C0116,09,00,0000,State - UTTAR PRADESH  09,037000,37 COORGI/KODAGU,10,6,4,1,1,0,9,5,4
C0116,09,00,0000,State - UTTAR PRADESH  09,037001, 1 COORGI/KODAGU,10,6,4,1,1,0,9,5,4
C0116,09,00,0000,State - UTTAR PRADESH  09,038000,38 DEORI,1,0,1,0,0,0,1,0,1
C0116,09,00,0000,State - UTTAR PRADESH  09,038001, 1 DEORI,1,0,1,0,0,0,1,0,1
C0116,09,00,0000,State - UTTAR PRADESH  09,039000,39 DIMASA,7,5,2,0,0,0,7,5,2
C0116,09,00,0000,State - UTTAR PRADESH  09,039999,39 Others,7,5,2,0,0,0,7,5,2
C0116,09,00,0000,State - UTTAR PRADESH  09,040000,40 ENGLISH,11163,5830,5333,3749,2021,1728,7414,3809,3605
C0116,09,00,0000,State - UTTAR PRADESH  09,040001, 1 ENGLISH,11163,5830,5333,3749,2021,1728,7414,3809,3605
C0116,09,00,0000,State - UTTAR PRADESH  09,041000,41 GADABA,17,8,9,16,7,9,1,1,0
C0116,09,00,0000,State - UTTAR PRADESH  09,041001, 1 GADABA,1,1,0,0,0,0,1,1,0
C0116,09,00,0000,State - UTTAR PRADESH  09,041999,41 Others,16,7,9,16,7,9,0,0,0
C0116,09,00,0000,State - UTTAR PRADESH  09,043000,43 GARO,15,14,1,1,1,0,14,13,1
C0116,09,00,0000,State - UTTAR PRADESH  09,043005, 1 GARO,13,12,1,0,0,0,13,12,1
C0116,09,00,0000,State - UTTAR PRADESH  09,043999,43 Others,2,2,0,1,1,0,1,1,0
C0116,09,00,0000,State - UTTAR PRADESH  09,044000,44 GONDI,1864,976,888,1695,877,818,169,99,70
C0116,09,00,0000,State - UTTAR PRADESH  09,044006, 1 GONDI,414,201,213,406,195,211,8,6,2
C0116,09,00,0000,State - UTTAR PRADESH  09,044017, 2 MURIA,80,44,36,80,44,36,0,0,0
C0116,09,00,0000,State - UTTAR PRADESH  09,044999,44 Others,1370,731,639,1209,638,571,161,93,68
C0116,09,00,0000,State - UTTAR PRADESH  09,046000,46 HALAM,3,2,1,0,0,0,3,2,1
C0116,09,00,0000,State - UTTAR PRADESH  09,046999,46 Others,3,2,1,0,0,0,3,2,1
C0116,09,00,0000,State - UTTAR PRADESH  09,048000,48 HO,24,12,12,0,0,0,24,12,12
C0116,09,00,0000,State - UTTAR PRADESH  09,048002, 1 HO,24,12,12,0,0,0,24,12,12
C0116,09,00,0000,State - UTTAR PRADESH  09,051000,51 KABUI,7,3,4,6,3,3,1,0,1
C0116,09,00,0000,State - UTTAR PRADESH  09,051003, 1 KABUI,7,3,4,6,3,3,1,0,1
C0116,09,00,0000,State - UTTAR PRADESH  09,052000,52 KARBI / MIKIR,1,1,0,0,0,0,1,1,0
C0116,09,00,0000,State - UTTAR PRADESH  09,052002, 1 KARBI,1,1,0,0,0,0,1,1,0
C0116,09,00,0000,State - UTTAR PRADESH  09,053000,53 KHANDESHI,68,49,19,50,38,12,18,11,7
C0116,09,00,0000,State - UTTAR PRADESH  09,053002, 1 AHIRANI,2,2,0,0,0,0,2,2,0
C0116,09,00,0000,State - UTTAR PRADESH  09,053005, 2 GUJARI,66,47,19,50,38,12,16,9,7
C0116,09,00,0000,State - UTTAR PRADESH  09,054000,54 KHARIA,91,41,50,50,22,28,41,19,22
C0116,09,00,0000,State - UTTAR PRADESH  09,054004, 1 KHARIA,35,17,18,1,1,0,34,16,18
C0116,09,00,0000,State - UTTAR PRADESH  09,054999,54 Others,56,24,32,49,21,28,7,3,4
C0116,09,00,0000,State - UTTAR PRADESH  09,055000,55 KHASI,8,5,3,2,1,1,6,4,2
C0116,09,00,0000,State - UTTAR PRADESH  09,055006, 1 KHASI,8,5,3,2,1,1,6,4,2
C0116,09,00,0000,State - UTTAR PRADESH  09,061000,61 KOCH,3,2,1,1,0,1,2,2,0
C0116,09,00,0000,State - UTTAR PRADESH  09,061002, 1 KOCH,1,1,0,0,0,0,1,1,0
C0116,09,00,0000,State - UTTAR PRADESH  09,061999,61 Others,2,1,1,1,0,1,1,1,0
C0116,09,00,0000,State - UTTAR PRADESH  09,062000,62 KODA/KORA,44,22,22,41,20,21,3,2,1
C0116,09,00,0000,State - UTTAR PRADESH  09,062003, 1 KODA/KORA,9,3,6,8,2,6,1,1,0
C0116,09,00,0000,State - UTTAR PRADESH  09,062999,62 Others,35,19,16,33,18,15,2,1,1
C0116,09,00,0000,State - UTTAR PRADESH  09,064000,64 KOM,1,0,1,0,0,0,1,0,1
C0116,09,00,0000,State - UTTAR PRADESH  09,064001, 1 KOM,1,0,1,0,0,0,1,0,1
C0116,09,00,0000,State - UTTAR PRADESH  09,065000,65 KONDA,42,22,20,42,22,20,0,0,0
C0116,09,00,0000,State - UTTAR PRADESH  09,065999,65 Others,42,22,20,42,22,20,0,0,0
C0116,09,00,0000,State - UTTAR PRADESH  09,068000,68 KORWA,6,4,2,1,0,1,5,4,1
C0116,09,00,0000,State - UTTAR PRADESH  09,068999,68 Others,6,4,2,1,0,1,5,4,1
C0116,09,00,0000,State - UTTAR PRADESH  09,071000,71 KUKI,25,23,2,2,1,1,23,22,1
C0116,09,00,0000,State - UTTAR PRADESH  09,071007, 1 KUKI,25,23,2,2,1,1,23,22,1
C0116,09,00,0000,State - UTTAR PRADESH  09,072000,72 KURUKH/ORAON,2223,1089,1134,2016,980,1036,207,109,98
C0116,09,00,0000,State - UTTAR PRADESH  09,072009, 1 KURUKH/ORAON,2106,1023,1083,1938,943,995,168,80,88
C0116,09,00,0000,State - UTTAR PRADESH  09,072999,72 Others,117,66,51,78,37,41,39,29,10
C0116,09,00,0000,State - UTTAR PRADESH  09,073000,73 LADAKHI,14,8,6,0,0,0,14,8,6
C0116,09,00,0000,State - UTTAR PRADESH  09,073002, 1 LADAKHI,14,8,6,0,0,0,14,8,6
C0116,09,00,0000,State - UTTAR PRADESH  09,075000,75 LAHNDA,155,76,79,8,4,4,147,72,75
C0116,09,00,0000,State - UTTAR PRADESH  09,075012, 1 MULTANI,148,73,75,6,3,3,142,70,72
C0116,09,00,0000,State - UTTAR PRADESH  09,075015, 2 PUNCHHI,1,1,0,1,1,0,0,0,0
C0116,09,00,0000,State - UTTAR PRADESH  09,075999,75 Others,6,2,4,1,0,1,5,2,3
C0116,09,00,0000,State - UTTAR PRADESH  09,078000,78 LEPCHA,1,1,0,0,0,0,1,1,0
C0116,09,00,0000,State - UTTAR PRADESH  09,078001, 1 LEPCHA,1,1,0,0,0,0,1,1,0
C0116,09,00,0000,State - UTTAR PRADESH  09,082000,82 LUSHAI/MIZO,95,79,16,1,1,0,94,78,16
C0116,09,00,0000,State - UTTAR PRADESH  09,082003, 1 LUSHAI/MIZO,95,79,16,1,1,0,94,78,16
C0116,09,00,0000,State - UTTAR PRADESH  09,083000,83 MALTO,3,0,3,0,0,0,3,0,3
C0116,09,00,0000,State - UTTAR PRADESH  09,083999,83 Others,3,0,3,0,0,0,3,0,3
C0116,09,00,0000,State - UTTAR PRADESH  09,086000,86 MIRI/MISHING,4,2,2,0,0,0,4,2,2
C0116,09,00,0000,State - UTTAR PRADESH  09,086003, 1 MIRI/MISHING,4,2,2,0,0,0,4,2,2
C0116,09,00,0000,State - UTTAR PRADESH  09,087000,87 MISHMI,4,3,1,1,0,1,3,3,0
C0116,09,00,0000,State - UTTAR PRADESH  09,087999,87 Others,4,3,1,1,0,1,3,3,0
C0116,09,00,0000,State - UTTAR PRADESH  09,090000,90 MUNDA,1109,615,494,894,472,422,215,143,72
C0116,09,00,0000,State - UTTAR PRADESH  09,090003, 1 KOL,6,2,4,6,2,4,0,0,0
C0116,09,00,0000,State - UTTAR PRADESH  09,090006, 2 MUNDA,210,120,90,94,45,49,116,75,41
C0116,09,00,0000,State - UTTAR PRADESH  09,090999,90 Others,893,493,400,794,425,369,99,68,31
C0116,09,00,0000,State - UTTAR PRADESH  09,091000,91 MUNDARI,418,205,213,298,148,150,120,57,63
C0116,09,00,0000,State - UTTAR PRADESH  09,091004, 1 MUNDARI,413,203,210,298,148,150,115,55,60
C0116,09,00,0000,State - UTTAR PRADESH  09,091999,91 Others,5,2,3,0,0,0,5,2,3
C0116,09,00,0000,State - UTTAR PRADESH  09,092000,92 NICOBARESE,2,1,1,0,0,0,2,1,1
C0116,09,00,0000,State - UTTAR PRADESH  09,092001, 1 NICOBARESE,2,1,1,0,0,0,2,1,1
C0116,09,00,0000,State - UTTAR PRADESH  09,093000,93 NISSI/DAFLA,13,7,6,4,1,3,9,6,3
C0116,09,00,0000,State - UTTAR PRADESH  09,093001, 1 APATANI,4,1,3,4,1,3,0,0,0
C0116,09,00,0000,State - UTTAR PRADESH  09,093002, 2 BANGNI,2,1,1,0,0,0,2,1,1
C0116,09,00,0000,State - UTTAR PRADESH  09,093999,93 Others,7,5,2,0,0,0,7,5,2
C0116,09,00,0000,State - UTTAR PRADESH  09,094000,94 NOCTE,1,1,0,0,0,0,1,1,0
C0116,09,00,0000,State - UTTAR PRADESH  09,094003, 1 NOCTE,1,1,0,0,0,0,1,1,0
C0116,09,00,0000,State - UTTAR PRADESH  09,095000,95 PAITE,12,6,6,0,0,0,12,6,6
C0116,09,00,0000,State - UTTAR PRADESH  09,095002, 1 PAITE,12,6,6,0,0,0,12,6,6
C0116,09,00,0000,State - UTTAR PRADESH  09,097000,97 PAWI,1,0,1,1,0,1,0,0,0
C0116,09,00,0000,State - UTTAR PRADESH  09,097001, 1 PAWI,1,0,1,1,0,1,0,0,0
C0116,09,00,0000,State - UTTAR PRADESH  09,098000,98 PERSIAN,405,227,178,349,194,155,56,33,23
C0116,09,00,0000,State - UTTAR PRADESH  09,098001, 1 PERSIAN,405,227,178,349,194,155,56,33,23
C0116,09,00,0000,State - UTTAR PRADESH  09,104000,104 SANGTAM,1,1,0,0,0,0,1,1,0
C0116,09,00,0000,State - UTTAR PRADESH  09,104003, 1 SANGTAM,1,1,0,0,0,0,1,1,0
C0116,09,00,0000,State - UTTAR PRADESH  09,105000,105 SAVARA,1,0,1,0,0,0,1,0,1
C0116,09,00,0000,State - UTTAR PRADESH  09,105999,105 Others,1,0,1,0,0,0,1,0,1
C0116,09,00,0000,State - UTTAR PRADESH  09,108000,108 SHINA,2,2,0,0,0,0,2,2,0
C0116,09,00,0000,State - UTTAR PRADESH  09,108005, 1 SHINA,1,1,0,0,0,0,1,1,0
C0116,09,00,0000,State - UTTAR PRADESH  09,108999,108 Others,1,1,0,0,0,0,1,1,0
C0116,09,00,0000,State - UTTAR PRADESH  09,110000,110 TAMANG,30,20,10,27,19,8,3,1,2
C0116,09,00,0000,State - UTTAR PRADESH  09,110001, 1 TAMANG,30,20,10,27,19,8,3,1,2
C0116,09,00,0000,State - UTTAR PRADESH  09,111000,111 TANGKHUL,1,1,0,0,0,0,1,1,0
C0116,09,00,0000,State - UTTAR PRADESH  09,111005, 1 TANGKHUL,1,1,0,0,0,0,1,1,0
C0116,09,00,0000,State - UTTAR PRADESH  09,112000,112 TANGSA,1,0,1,1,0,1,0,0,0
C0116,09,00,0000,State - UTTAR PRADESH  09,112017, 1 TANGSA,1,0,1,1,0,1,0,0,0
C0116,09,00,0000,State - UTTAR PRADESH  09,113000,113 THADO,58,28,30,55,25,30,3,3,0
C0116,09,00,0000,State - UTTAR PRADESH  09,113015, 1 THADO,53,23,30,53,23,30,0,0,0
C0116,09,00,0000,State - UTTAR PRADESH  09,113999,113 Others,5,5,0,2,2,0,3,3,0
C0116,09,00,0000,State - UTTAR PRADESH  09,114000,114 TIBETAN,50,22,28,0,0,0,50,22,28
C0116,09,00,0000,State - UTTAR PRADESH  09,114008, 1 TIBETAN,46,22,24,0,0,0,46,22,24
C0116,09,00,0000,State - UTTAR PRADESH  09,114999,114 Others,4,0,4,0,0,0,4,0,4
C0116,09,00,0000,State - UTTAR PRADESH  09,115000,115 TRIPURI,11,8,3,1,1,0,10,7,3
C0116,09,00,0000,State - UTTAR PRADESH  09,115002, 1 KOK BARAK,3,2,1,0,0,0,3,2,1
C0116,09,00,0000,State - UTTAR PRADESH  09,115006, 2 TRIPURI,8,6,2,1,1,0,7,5,2
C0116,09,00,0000,State - UTTAR PRADESH  09,116000,116 TULU,50,27,23,3,2,1,47,25,22
C0116,09,00,0000,State - UTTAR PRADESH  09,116009, 1 TULU,44,22,22,2,1,1,42,21,21
C0116,09,00,0000,State - UTTAR PRADESH  09,116999,116 Others,6,5,1,1,1,0,5,4,1
C0116,09,00,0000,State - UTTAR PRADESH  09,117000,117 VAIPHEI,1,1,0,0,0,0,1,1,0
C0116,09,00,0000,State - UTTAR PRADESH  09,117001, 1 VAIPHEI,1,1,0,0,0,0,1,1,0
C0116,09,00,0000,State - UTTAR PRADESH  09,121000,121 ZEMI,4,4,0,1,1,0,3,3,0
C0116,09,00,0000,State - UTTAR PRADESH  09,121999,121 Others,4,4,0,1,1,0,3,3,0
C0116,09,00,0000,State - UTTAR PRADESH  09,123000,123 OTHERS,14660,7766,6894,8816,4590,4226,5844,3176,2668
C0116,09,01,0000,District - Saharanpur  01,001000,1 ASSAMESE,22,17,5,4,1,3,18,16,2
C0116,09,01,0000,District - Saharanpur  01,001002, 1 ASSAMESE,22,17,5,4,1,3,18,16,2
C0116,09,01,0000,District - Saharanpur  01,002000,2 BENGALI,696,444,252,348,247,101,348,197,151
C0116,09,01,0000,District - Saharanpur  01,002004, 1 BENGALI,696,444,252,348,247,101,348,197,151
C0116,09,01,0000,District - Saharanpur  01,004000,4 DOGRI,6,3,3,0,0,0,6,3,3
C0116,09,01,0000,District - Saharanpur  01,004001, 1 DOGRI,6,3,3,0,0,0,6,3,3
C0116,09,01,0000,District - Saharanpur  01,005000,5 GUJARATI,75,38,37,6,3,3,69,35,34
C0116,09,01,0000,District - Saharanpur  01,005011, 1 GUJARATI,75,38,37,6,3,3,69,35,34
C0116,09,01,0000,District - Saharanpur  01,006000,6 HINDI,2284534,1224844,1059690,1872695,1005693,867002,411839,219151,192688
C0116,09,01,0000,District - Saharanpur  01,006008, 1 AWADHI,16,13,3,5,5,0,11,8,3
C0116,09,01,0000,District - Saharanpur  01,006045, 2 BHOJPURI,392,227,165,128,79,49,264,148,116
C0116,09,01,0000,District - Saharanpur  01,006059, 3 BRAJBHASHA,12,7,5,0,0,0,12,7,5
C0116,09,01,0000,District - Saharanpur  01,006060, 4 BUNDELI/BUNDELKHANDI,133,74,59,67,41,26,66,33,33
C0116,09,01,0000,District - Saharanpur  01,006095, 5 GARHWALI,508,320,188,130,77,53,378,243,135
C0116,09,01,0000,District - Saharanpur  01,006117, 6 HARYANVI,510,116,394,491,105,386,19,11,8
C0116,09,01,0000,District - Saharanpur  01,006118, 7 HINDI,2282382,1223737,1058645,1871553,1005172,866381,410829,218565,192264
C0116,09,01,0000,District - Saharanpur  01,006127, 8 JAUNSARI,13,8,5,6,2,4,7,6,1
C0116,09,01,0000,District - Saharanpur  01,006162, 9 KUMAUNI,101,53,48,39,20,19,62,33,29
C0116,09,01,0000,District - Saharanpur  01,006192, 10 MARWARI,2,1,1,0,0,0,2,1,1
C0116,09,01,0000,District - Saharanpur  01,006195, 11 MEWARI,41,22,19,0,0,0,41,22,19
C0116,09,01,0000,District - Saharanpur  01,006213, 12 PAHARI,14,7,7,3,1,2,11,6,5
C0116,09,01,0000,District - Saharanpur  01,006242, 13 RAJASTHANI,69,31,38,19,10,9,50,21,29
C0116,09,01,0000,District - Saharanpur  01,006259, 14 SIRMAURI,4,2,2,4,2,2,0,0,0
C0116,09,01,0000,District - Saharanpur  01,006999,6 Others,337,226,111,250,179,71,87,47,40
C0116,09,01,0000,District - Saharanpur  01,007000,7 KANNADA,7,4,3,1,1,0,6,3,3
C0116,09,01,0000,District - Saharanpur  01,007013, 1 KANNADA,7,4,3,1,1,0,6,3,3
C0116,09,01,0000,District - Saharanpur  01,008000,8 KASHMIRI,63,61,2,27,27,0,36,34,2
C0116,09,01,0000,District - Saharanpur  01,008002, 1 KASHMIRI,62,60,2,27,27,0,35,33,2
C0116,09,01,0000,District - Saharanpur  01,008999,8 Others,1,1,0,0,0,0,1,1,0
C0116,09,01,0000,District - Saharanpur  01,009000,9 KONKANI,1,0,1,0,0,0,1,0,1
C0116,09,01,0000,District - Saharanpur  01,009010, 1 KONKANI,1,0,1,0,0,0,1,0,1
C0116,09,01,0000,District - Saharanpur  01,010000,10 MAITHILI,21,13,8,7,5,2,14,8,6
C0116,09,01,0000,District - Saharanpur  01,010006, 1 MAITHILI,21,13,8,7,5,2,14,8,6
C0116,09,01,0000,District - Saharanpur  01,011000,11 MALAYALAM,129,67,62,32,17,15,97,50,47
C0116,09,01,0000,District - Saharanpur  01,011013, 1 MALAYALAM,121,61,60,28,14,14,93,47,46
C0116,09,01,0000,District - Saharanpur  01,011999,11 Others,8,6,2,4,3,1,4,3,1
C0116,09,01,0000,District - Saharanpur  01,012000,12 MANIPURI,10,10,0,4,4,0,6,6,0
C0116,09,01,0000,District - Saharanpur  01,012002, 1 MANIPURI,10,10,0,4,4,0,6,6,0
C0116,09,01,0000,District - Saharanpur  01,013000,13 MARATHI,104,58,46,29,16,13,75,42,33
C0116,09,01,0000,District - Saharanpur  01,013048, 1 MARATHI,104,58,46,29,16,13,75,42,33
C0116,09,01,0000,District - Saharanpur  01,014000,14 NEPALI,415,232,183,261,141,120,154,91,63
C0116,09,01,0000,District - Saharanpur  01,014009, 1 NEPALI,415,232,183,261,141,120,154,91,63
C0116,09,01,0000,District - Saharanpur  01,015000,15 ORIYA,198,107,91,17,12,5,181,95,86
C0116,09,01,0000,District - Saharanpur  01,015031, 1 ORIYA,198,107,91,17,12,5,181,95,86
C0116,09,01,0000,District - Saharanpur  01,016000,16 PUNJABI,22480,11683,10797,6064,3229,2835,16416,8454,7962
C0116,09,01,0000,District - Saharanpur  01,016001, 1 BAGRI,4,2,2,4,2,2,0,0,0
C0116,09,01,0000,District - Saharanpur  01,016018, 2 PUNJABI,22305,11590,10715,5918,3151,2767,16387,8439,7948
C0116,09,01,0000,District - Saharanpur  01,016999,16 Others,171,91,80,142,76,66,29,15,14
C0116,09,01,0000,District - Saharanpur  01,017000,17 SANSKRIT,1,1,0,0,0,0,1,1,0
C0116,09,01,0000,District - Saharanpur  01,017002, 1 SANSKRIT,1,1,0,0,0,0,1,1,0
C0116,09,01,0000,District - Saharanpur  01,018000,18 SANTALI,1,0,1,0,0,0,1,0,1
C0116,09,01,0000,District - Saharanpur  01,018013, 1 SANTALI,1,0,1,0,0,0,1,0,1
C0116,09,01,0000,District - Saharanpur  01,019000,19 SINDHI,9,4,5,2,1,1,7,3,4
C0116,09,01,0000,District - Saharanpur  01,019013, 1 SINDHI,9,4,5,2,1,1,7,3,4
C0116,09,01,0000,District - Saharanpur  01,020000,20 TAMIL,76,48,28,25,15,10,51,33,18
C0116,09,01,0000,District - Saharanpur  01,020020, 1 TAMIL,75,47,28,25,15,10,50,32,18
C0116,09,01,0000,District - Saharanpur  01,020999,20 Others,1,1,0,0,0,0,1,1,0
C0116,09,01,0000,District - Saharanpur  01,021000,21 TELUGU,48,25,23,6,5,1,42,20,22
C0116,09,01,0000,District - Saharanpur  01,021035, 1 TELUGU,48,25,23,6,5,1,42,20,22
C0116,09,01,0000,District - Saharanpur  01,022000,22 URDU,587336,315327,272009,269556,143821,125735,317780,171506,146274
C0116,09,01,0000,District - Saharanpur  01,022014, 1 URDU,587336,315327,272009,269556,143821,125735,317780,171506,146274
C0116,09,01,0000,District - Saharanpur  01,028000,28 ARABIC/ARBI,9,2,7,5,2,3,4,0,4
C0116,09,01,0000,District - Saharanpur  01,028001, 1 ARABIC/ARBI,9,2,7,5,2,3,4,0,4
C0116,09,01,0000,District - Saharanpur  01,031000,31 BHOTIA,1,1,0,0,0,0,1,1,0
C0116,09,01,0000,District - Saharanpur  01,031001, 1 BHOTIA,1,1,0,0,0,0,1,1,0
C0116,09,01,0000,District - Saharanpur  01,040000,40 ENGLISH,453,234,219,123,63,60,330,171,159
C0116,09,01,0000,District - Saharanpur  01,040001, 1 ENGLISH,453,234,219,123,63,60,330,171,159
C0116,09,01,0000,District - Saharanpur  01,044000,44 GONDI,2,1,1,2,1,1,0,0,0
C0116,09,01,0000,District - Saharanpur  01,044999,44 Others,2,1,1,2,1,1,0,0,0
C0116,09,01,0000,District - Saharanpur  01,053000,53 KHANDESHI,48,37,11,48,37,11,0,0,0
C0116,09,01,0000,District - Saharanpur  01,053005, 1 GUJARI,48,37,11,48,37,11,0,0,0
C0116,09,01,0000,District - Saharanpur  01,054000,54 KHARIA,1,0,1,1,0,1,0,0,0
C0116,09,01,0000,District - Saharanpur  01,054999,54 Others,1,0,1,1,0,1,0,0,0
C0116,09,01,0000,District - Saharanpur  01,072000,72 KURUKH/ORAON,1,0,1,0,0,0,1,0,1
C0116,09,01,0000,District - Saharanpur  01,072999,72 Others,1,0,1,0,0,0,1,0,1
C0116,09,01,0000,District - Saharanpur  01,073000,73 LADAKHI,2,2,0,0,0,0,2,2,0
C0116,09,01,0000,District - Saharanpur  01,073002, 1 LADAKHI,2,2,0,0,0,0,2,2,0
C0116,09,01,0000,District - Saharanpur  01,075000,75 LAHNDA,7,5,2,1,1,0,6,4,2
C0116,09,01,0000,District - Saharanpur  01,075012, 1 MULTANI,6,4,2,0,0,0,6,4,2
C0116,09,01,0000,District - Saharanpur  01,075015, 2 PUNCHHI,1,1,0,1,1,0,0,0,0
C0116,09,01,0000,District - Saharanpur  01,090000,90 MUNDA,1,0,1,0,0,0,1,0,1
C0116,09,01,0000,District - Saharanpur  01,090999,90 Others,1,0,1,0,0,0,1,0,1
C0116,09,01,0000,District - Saharanpur  01,098000,98 PERSIAN,35,23,12,0,0,0,35,23,12
C0116,09,01,0000,District - Saharanpur  01,098001, 1 PERSIAN,35,23,12,0,0,0,35,23,12
C0116,09,01,0000,District - Saharanpur  01,114000,114 TIBETAN,22,10,12,0,0,0,22,10,12
C0116,09,01,0000,District - Saharanpur  01,114008, 1 TIBETAN,22,10,12,0,0,0,22,10,12
C0116,09,01,0000,District - Saharanpur  01,123000,123 OTHERS,49,21,28,27,10,17,22,11,11
C0116,09,01,0001,Tehsil - Behat 0001,002000,2 BENGALI,160,141,19,156,139,17,4,2,2
C0116,09,01,0001,Tehsil - Behat 0001,002004, 1 BENGALI,160,141,19,156,139,17,4,2,2
C0116,09,01,0001,Tehsil - Behat 0001,006000,6 HINDI,351482,187629,163853,331604,177055,154549,19878,10574,9304
C0116,09,01,0001,Tehsil - Behat 0001,006045, 1 BHOJPURI,19,13,6,19,13,6,0,0,0
C0116,09,01,0001,Tehsil - Behat 0001,006060, 2 BUNDELI/BUNDELKHANDI,24,8,16,18,7,11,6,1,5
C0116,09,01,0001,Tehsil - Behat 0001,006095, 3 GARHWALI,32,21,11,32,21,11,0,0,0
C0116,09,01,0001,Tehsil - Behat 0001,006117, 4 HARYANVI,132,28,104,132,28,104,0,0,0
C0116,09,01,0001,Tehsil - Behat 0001,006118, 5 HINDI,351072,187401,163671,331200,176828,154372,19872,10573,9299
C0116,09,01,0001,Tehsil - Behat 0001,006242, 6 RAJASTHANI,6,4,2,6,4,2,0,0,0
C0116,09,01,0001,Tehsil - Behat 0001,006999,6 Others,197,154,43,197,154,43,0,0,0
C0116,09,01,0001,Tehsil - Behat 0001,008000,8 KASHMIRI,27,27,0,27,27,0,0,0,0
C0116,09,01,0001,Tehsil - Behat 0001,008002, 1 KASHMIRI,27,27,0,27,27,0,0,0,0
C0116,09,01,0001,Tehsil - Behat 0001,011000,11 MALAYALAM,9,2,7,6,1,5,3,1,2
C0116,09,01,0001,Tehsil - Behat 0001,011013, 1 MALAYALAM,9,2,7,6,1,5,3,1,2
C0116,09,01,0001,Tehsil - Behat 0001,012000,12 MANIPURI,4,4,0,4,4,0,0,0,0
C0116,09,01,0001,Tehsil - Behat 0001,012002, 1 MANIPURI,4,4,0,4,4,0,0,0,0
C0116,09,01,0001,Tehsil - Behat 0001,013000,13 MARATHI,6,4,2,6,4,2,0,0,0
C0116,09,01,0001,Tehsil - Behat 0001,013048, 1 MARATHI,6,4,2,6,4,2,0,0,0
C0116,09,01,0001,Tehsil - Behat 0001,014000,14 NEPALI,88,48,40,85,45,40,3,3,0
C0116,09,01,0001,Tehsil - Behat 0001,014009, 1 NEPALI,88,48,40,85,45,40,3,3,0
C0116,09,01,0001,Tehsil - Behat 0001,015000,15 ORIYA,4,2,2,4,2,2,0,0,0
C0116,09,01,0001,Tehsil - Behat 0001,015031, 1 ORIYA,4,2,2,4,2,2,0,0,0
C0116,09,01,0001,Tehsil - Behat 0001,016000,16 PUNJABI,133,71,62,32,15,17,101,56,45
C0116,09,01,0001,Tehsil - Behat 0001,016018, 1 PUNJABI,133,71,62,32,15,17,101,56,45
C0116,09,01,0001,Tehsil - Behat 0001,022000,22 URDU,73919,39673,34246,66465,35662,30803,7454,4011,3443
C0116,09,01,0001,Tehsil - Behat 0001,022014, 1 URDU,73919,39673,34246,66465,35662,30803,7454,4011,3443
C0116,09,01,0001,Tehsil - Behat 0001,040000,40 ENGLISH,105,53,52,105,53,52,0,0,0
C0116,09,01,0001,Tehsil - Behat 0001,040001, 1 ENGLISH,105,53,52,105,53,52,0,0,0
C0116,09,01,0001,Tehsil - Behat 0001,053000,53 KHANDESHI,48,37,11,48,37,11,0,0,0
C0116,09,01,0001,Tehsil - Behat 0001,053005, 1 GUJARI,48,37,11,48,37,11,0,0,0
C0116,09,01,0001,Tehsil - Behat 0001,123000,123 OTHERS,1,0,1,1,0,1,0,0,0
C0116,09,01,0002,Tehsil - Saharanpur 0002,001000,1 ASSAMESE,3,1,2,2,0,2,1,1,0
C0116,09,01,0002,Tehsil - Saharanpur 0002,001002, 1 ASSAMESE,3,1,2,2,0,2,1,1,0
C0116,09,01,0002,Tehsil - Saharanpur 0002,002000,2 BENGALI,291,155,136,45,26,19,246,129,117
C0116,09,01,0002,Tehsil - Saharanpur 0002,002004, 1 BENGALI,291,155,136,45,26,19,246,129,117
C0116,09,01,0002,Tehsil - Saharanpur 0002,004000,4 DOGRI,1,1,0,0,0,0,1,1,0
C0116,09,01,0002,Tehsil - Saharanpur 0002,004001, 1 DOGRI,1,1,0,0,0,0,1,1,0
C0116,09,01,0002,Tehsil - Saharanpur 0002,005000,5 GUJARATI,69,32,37,6,3,3,63,29,34
C0116,09,01,0002,Tehsil - Saharanpur 0002,005011, 1 GUJARATI,69,32,37,6,3,3,63,29,34
C0116,09,01,0002,Tehsil - Saharanpur 0002,006000,6 HINDI,660704,352506,308198,394572,211191,183381,266132,141315,124817
C0116,09,01,0002,Tehsil - Saharanpur 0002,006008, 1 AWADHI,3,2,1,0,0,0,3,2,1
C0116,09,01,0002,Tehsil - Saharanpur 0002,006045, 2 BHOJPURI,178,102,76,3,2,1,175,100,75
C0116,09,01,0002,Tehsil - Saharanpur 0002,006059, 3 BRAJBHASHA,8,4,4,0,0,0,8,4,4
C0116,09,01,0002,Tehsil - Saharanpur 0002,006060, 4 BUNDELI/BUNDELKHANDI,61,36,25,13,8,5,48,28,20
C0116,09,01,0002,Tehsil - Saharanpur 0002,006095, 5 GARHWALI,212,104,108,28,14,14,184,90,94
C0116,09,01,0002,Tehsil - Saharanpur 0002,006117, 6 HARYANVI,65,8,57,60,6,54,5,2,3
C0116,09,01,0002,Tehsil - Saharanpur 0002,006118, 7 HINDI,659998,352162,307836,394458,211158,183300,265540,141004,124536
C0116,09,01,0002,Tehsil - Saharanpur 0002,006162, 8 KUMAUNI,29,14,15,1,0,1,28,14,14
C0116,09,01,0002,Tehsil - Saharanpur 0002,006213, 9 PAHARI,8,5,3,2,1,1,6,4,2
C0116,09,01,0002,Tehsil - Saharanpur 0002,006242, 10 RAJASTHANI,50,21,29,0,0,0,50,21,29
C0116,09,01,0002,Tehsil - Saharanpur 0002,006999,6 Others,92,48,44,7,2,5,85,46,39
C0116,09,01,0002,Tehsil - Saharanpur 0002,007000,7 KANNADA,3,1,2,0,0,0,3,1,2
C0116,09,01,0002,Tehsil - Saharanpur 0002,007013, 1 KANNADA,3,1,2,0,0,0,3,1,2
C0116,09,01,0002,Tehsil - Saharanpur 0002,008000,8 KASHMIRI,6,4,2,0,0,0,6,4,2
C0116,09,01,0002,Tehsil - Saharanpur 0002,008002, 1 KASHMIRI,5,3,2,0,0,0,5,3,2
C0116,09,01,0002,Tehsil - Saharanpur 0002,008999,8 Others,1,1,0,0,0,0,1,1,0
C0116,09,01,0002,Tehsil - Saharanpur 0002,009000,9 KONKANI,1,0,1,0,0,0,1,0,1
C0116,09,01,0002,Tehsil - Saharanpur 0002,009010, 1 KONKANI,1,0,1,0,0,0,1,0,1
C0116,09,01,0002,Tehsil - Saharanpur 0002,010000,10 MAITHILI,10,5,5,0,0,0,10,5,5
C0116,09,01,0002,Tehsil - Saharanpur 0002,010006, 1 MAITHILI,10,5,5,0,0,0,10,5,5
C0116,09,01,0002,Tehsil - Saharanpur 0002,011000,11 MALAYALAM,37,19,18,0,0,0,37,19,18
C0116,09,01,0002,Tehsil - Saharanpur 0002,011013, 1 MALAYALAM,37,19,18,0,0,0,37,19,18
C0116,09,01,0002,Tehsil - Saharanpur 0002,013000,13 MARATHI,54,28,26,0,0,0,54,28,26
C0116,09,01,0002,Tehsil - Saharanpur 0002,013048, 1 MARATHI,54,28,26,0,0,0,54,28,26
C0116,09,01,0002,Tehsil - Saharanpur 0002,014000,14 NEPALI,164,95,69,54,35,19,110,60,50
C0116,09,01,0002,Tehsil - Saharanpur 0002,014009, 1 NEPALI,164,95,69,54,35,19,110,60,50
C0116,09,01,0002,Tehsil - Saharanpur 0002,015000,15 ORIYA,90,44,46,3,3,0,87,41,46
C0116,09,01,0002,Tehsil - Saharanpur 0002,015031, 1 ORIYA,90,44,46,3,3,0,87,41,46
C0116,09,01,0002,Tehsil - Saharanpur 0002,016000,16 PUNJABI,15409,7937,7472,986,524,462,14423,7413,7010
C0116,09,01,0002,Tehsil - Saharanpur 0002,016018, 1 PUNJABI,15361,7913,7448,967,515,452,14394,7398,6996
C0116,09,01,0002,Tehsil - Saharanpur 0002,016999,16 Others,48,24,24,19,9,10,29,15,14
C0116,09,01,0002,Tehsil - Saharanpur 0002,019000,19 SINDHI,8,4,4,1,1,0,7,3,4
C0116,09,01,0002,Tehsil - Saharanpur 0002,019013, 1 SINDHI,8,4,4,1,1,0,7,3,4
C0116,09,01,0002,Tehsil - Saharanpur 0002,020000,20 TAMIL,34,24,10,0,0,0,34,24,10
C0116,09,01,0002,Tehsil - Saharanpur 0002,020020, 1 TAMIL,33,23,10,0,0,0,33,23,10
C0116,09,01,0002,Tehsil - Saharanpur 0002,020999,20 Others,1,1,0,0,0,0,1,1,0
C0116,09,01,0002,Tehsil - Saharanpur 0002,021000,21 TELUGU,5,3,2,0,0,0,5,3,2
C0116,09,01,0002,Tehsil - Saharanpur 0002,021035, 1 TELUGU,5,3,2,0,0,0,5,3,2
C0116,09,01,0002,Tehsil - Saharanpur 0002,022000,22 URDU,272151,144335,127816,88248,46836,41412,183903,97499,86404
C0116,09,01,0002,Tehsil - Saharanpur 0002,022014, 1 URDU,272151,144335,127816,88248,46836,41412,183903,97499,86404
C0116,09,01,0002,Tehsil - Saharanpur 0002,028000,28 ARABIC/ARBI,5,1,4,3,1,2,2,0,2
C0116,09,01,0002,Tehsil - Saharanpur 0002,028001, 1 ARABIC/ARBI,5,1,4,3,1,2,2,0,2
C0116,09,01,0002,Tehsil - Saharanpur 0002,040000,40 ENGLISH,335,173,162,8,3,5,327,170,157
C0116,09,01,0002,Tehsil - Saharanpur 0002,040001, 1 ENGLISH,335,173,162,8,3,5,327,170,157
C0116,09,01,0002,Tehsil - Saharanpur 0002,072000,72 KURUKH/ORAON,1,0,1,0,0,0,1,0,1
C0116,09,01,0002,Tehsil - Saharanpur 0002,072999,72 Others,1,0,1,0,0,0,1,0,1
C0116,09,01,0002,Tehsil - Saharanpur 0002,075000,75 LAHNDA,6,4,2,0,0,0,6,4,2
C0116,09,01,0002,Tehsil - Saharanpur 0002,075012, 1 MULTANI,6,4,2,0,0,0,6,4,2
C0116,09,01,0002,Tehsil - Saharanpur 0002,114000,114 TIBETAN,22,10,12,0,0,0,22,10,12
C0116,09,01,0002,Tehsil - Saharanpur 0002,114008, 1 TIBETAN,22,10,12,0,0,0,22,10,12
C0116,09,01,0002,Tehsil - Saharanpur 0002,123000,123 OTHERS,16,6,10,0,0,0,16,6,10
C0116,09,01,0003,Tehsil - Nakur 0003,001000,1 ASSAMESE,5,4,1,2,1,1,3,3,0
C0116,09,01,0003,Tehsil - Nakur 0003,001002, 1 ASSAMESE,5,4,1,2,1,1,3,3,0
C0116,09,01,0003,Tehsil - Nakur 0003,002000,2 BENGALI,116,69,47,59,38,21,57,31,26
C0116,09,01,0003,Tehsil - Nakur 0003,002004, 1 BENGALI,116,69,47,59,38,21,57,31,26
C0116,09,01,0003,Tehsil - Nakur 0003,004000,4 DOGRI,5,2,3,0,0,0,5,2,3
C0116,09,01,0003,Tehsil - Nakur 0003,004001, 1 DOGRI,5,2,3,0,0,0,5,2,3
C0116,09,01,0003,Tehsil - Nakur 0003,006000,6 HINDI,613853,329521,284332,543958,292144,251814,69895,37377,32518
C0116,09,01,0003,Tehsil - Nakur 0003,006008, 1 AWADHI,11,9,2,5,5,0,6,4,2
C0116,09,01,0003,Tehsil - Nakur 0003,006045, 2 BHOJPURI,102,54,48,14,6,8,88,48,40
C0116,09,01,0003,Tehsil - Nakur 0003,006060, 3 BUNDELI/BUNDELKHANDI,26,13,13,20,12,8,6,1,5
C0116,09,01,0003,Tehsil - Nakur 0003,006095, 4 GARHWALI,237,181,56,61,38,23,176,143,33
C0116,09,01,0003,Tehsil - Nakur 0003,006117, 5 HARYANVI,189,66,123,175,57,118,14,9,5
C0116,09,01,0003,Tehsil - Nakur 0003,006118, 6 HINDI,613108,329102,284006,543592,291981,251611,69516,37121,32395
C0116,09,01,0003,Tehsil - Nakur 0003,006127, 7 JAUNSARI,12,8,4,6,2,4,6,6,0
C0116,09,01,0003,Tehsil - Nakur 0003,006162, 8 KUMAUNI,71,39,32,38,20,18,33,19,14
C0116,09,01,0003,Tehsil - Nakur 0003,006192, 9 MARWARI,2,1,1,0,0,0,2,1,1
C0116,09,01,0003,Tehsil - Nakur 0003,006195, 10 MEWARI,41,22,19,0,0,0,41,22,19
C0116,09,01,0003,Tehsil - Nakur 0003,006213, 11 PAHARI,5,2,3,0,0,0,5,2,3
C0116,09,01,0003,Tehsil - Nakur 0003,006242, 12 RAJASTHANI,13,6,7,13,6,7,0,0,0
C0116,09,01,0003,Tehsil - Nakur 0003,006259, 13 SIRMAURI,4,2,2,4,2,2,0,0,0
C0116,09,01,0003,Tehsil - Nakur 0003,006999,6 Others,32,16,16,30,15,15,2,1,1
C0116,09,01,0003,Tehsil - Nakur 0003,007000,7 KANNADA,4,3,1,1,1,0,3,2,1
C0116,09,01,0003,Tehsil - Nakur 0003,007013, 1 KANNADA,4,3,1,1,1,0,3,2,1
C0116,09,01,0003,Tehsil - Nakur 0003,010000,10 MAITHILI,8,6,2,4,3,1,4,3,1
C0116,09,01,0003,Tehsil - Nakur 0003,010006, 1 MAITHILI,8,6,2,4,3,1,4,3,1
C0116,09,01,0003,Tehsil - Nakur 0003,011000,11 MALAYALAM,66,38,28,18,11,7,48,27,21
C0116,09,01,0003,Tehsil - Nakur 0003,011013, 1 MALAYALAM,62,35,27,18,11,7,44,24,20
C0116,09,01,0003,Tehsil - Nakur 0003,011999,11 Others,4,3,1,0,0,0,4,3,1
C0116,09,01,0003,Tehsil - Nakur 0003,013000,13 MARATHI,41,23,18,23,12,11,18,11,7
C0116,09,01,0003,Tehsil - Nakur 0003,013048, 1 MARATHI,41,23,18,23,12,11,18,11,7
C0116,09,01,0003,Tehsil - Nakur 0003,014000,14 NEPALI,62,39,23,36,21,15,26,18,8
C0116,09,01,0003,Tehsil - Nakur 0003,014009, 1 NEPALI,62,39,23,36,21,15,26,18,8
C0116,09,01,0003,Tehsil - Nakur 0003,015000,15 ORIYA,104,61,43,10,7,3,94,54,40
C0116,09,01,0003,Tehsil - Nakur 0003,015031, 1 ORIYA,104,61,43,10,7,3,94,54,40
C0116,09,01,0003,Tehsil - Nakur 0003,016000,16 PUNJABI,5880,3120,2760,4950,2641,2309,930,479,451
C0116,09,01,0003,Tehsil - Nakur 0003,016001, 1 BAGRI,4,2,2,4,2,2,0,0,0
C0116,09,01,0003,Tehsil - Nakur 0003,016018, 2 PUNJABI,5753,3051,2702,4823,2572,2251,930,479,451
C0116,09,01,0003,Tehsil - Nakur 0003,016999,16 Others,123,67,56,123,67,56,0,0,0
C0116,09,01,0003,Tehsil - Nakur 0003,017000,17 SANSKRIT,1,1,0,0,0,0,1,1,0
C0116,09,01,0003,Tehsil - Nakur 0003,017002, 1 SANSKRIT,1,1,0,0,0,0,1,1,0
C0116,09,01,0003,Tehsil - Nakur 0003,018000,18 SANTALI,1,0,1,0,0,0,1,0,1
C0116,09,01,0003,Tehsil - Nakur 0003,018013, 1 SANTALI,1,0,1,0,0,0,1,0,1
C0116,09,01,0003,Tehsil - Nakur 0003,020000,20 TAMIL,35,20,15,19,12,7,16,8,8
C0116,09,01,0003,Tehsil - Nakur 0003,020020, 1 TAMIL,35,20,15,19,12,7,16,8,8
C0116,09,01,0003,Tehsil - Nakur 0003,021000,21 TELUGU,43,22,21,6,5,1,37,17,20
C0116,09,01,0003,Tehsil - Nakur 0003,021035, 1 TELUGU,43,22,21,6,5,1,37,17,20
C0116,09,01,0003,Tehsil - Nakur 0003,022000,22 URDU,127192,68472,58720,67166,35692,31474,60026,32780,27246
C0116,09,01,0003,Tehsil - Nakur 0003,022014, 1 URDU,127192,68472,58720,67166,35692,31474,60026,32780,27246
C0116,09,01,0003,Tehsil - Nakur 0003,028000,28 ARABIC/ARBI,4,1,3,2,1,1,2,0,2
C0116,09,01,0003,Tehsil - Nakur 0003,028001, 1 ARABIC/ARBI,4,1,3,2,1,1,2,0,2
C0116,09,01,0003,Tehsil - Nakur 0003,031000,31 BHOTIA,1,1,0,0,0,0,1,1,0
C0116,09,01,0003,Tehsil - Nakur 0003,031001, 1 BHOTIA,1,1,0,0,0,0,1,1,0
C0116,09,01,0003,Tehsil - Nakur 0003,040000,40 ENGLISH,7,6,1,5,5,0,2,1,1
C0116,09,01,0003,Tehsil - Nakur 0003,040001, 1 ENGLISH,7,6,1,5,5,0,2,1,1
C0116,09,01,0003,Tehsil - Nakur 0003,044000,44 GONDI,2,1,1,2,1,1,0,0,0
C0116,09,01,0003,Tehsil - Nakur 0003,044999,44 Others,2,1,1,2,1,1,0,0,0
C0116,09,01,0003,Tehsil - Nakur 0003,073000,73 LADAKHI,2,2,0,0,0,0,2,2,0
C0116,09,01,0003,Tehsil - Nakur 0003,073002, 1 LADAKHI,2,2,0,0,0,0,2,2,0
C0116,09,01,0003,Tehsil - Nakur 0003,075000,75 LAHNDA,1,1,0,1,1,0,0,0,0
C0116,09,01,0003,Tehsil - Nakur 0003,075015, 1 PUNCHHI,1,1,0,1,1,0,0,0,0
C0116,09,01,0003,Tehsil - Nakur 0003,090000,90 MUNDA,1,0,1,0,0,0,1,0,1
C0116,09,01,0003,Tehsil - Nakur 0003,090999,90 Others,1,0,1,0,0,0,1,0,1
C0116,09,01,0003,Tehsil - Nakur 0003,123000,123 OTHERS,17,6,11,14,4,10,3,2,1
C0116,09,01,0004,Tehsil - Deoband 0004,001000,1 ASSAMESE,14,12,2,0,0,0,14,12,2
C0116,09,01,0004,Tehsil - Deoband 0004,001002, 1 ASSAMESE,14,12,2,0,0,0,14,12,2
C0116,09,01,0004,Tehsil - Deoband 0004,002000,2 BENGALI,129,79,50,88,44,44,41,35,6
C0116,09,01,0004,Tehsil - Deoband 0004,002004, 1 BENGALI,129,79,50,88,44,44,41,35,6
C0116,09,01,0004,Tehsil - Deoband 0004,005000,5 GUJARATI,6,6,0,0,0,0,6,6,0
C0116,09,01,0004,Tehsil - Deoband 0004,005011, 1 GUJARATI,6,6,0,0,0,0,6,6,0
C0116,09,01,0004,Tehsil - Deoband 0004,006000,6 HINDI,658495,355188,303307,602561,325303,277258,55934,29885,26049
C0116,09,01,0004,Tehsil - Deoband 0004,006008, 1 AWADHI,2,2,0,0,0,0,2,2,0
C0116,09,01,0004,Tehsil - Deoband 0004,006045, 2 BHOJPURI,93,58,35,92,58,34,1,0,1
C0116,09,01,0004,Tehsil - Deoband 0004,006059, 3 BRAJBHASHA,4,3,1,0,0,0,4,3,1
C0116,09,01,0004,Tehsil - Deoband 0004,006060, 4 BUNDELI/BUNDELKHANDI,22,17,5,16,14,2,6,3,3
C0116,09,01,0004,Tehsil - Deoband 0004,006095, 5 GARHWALI,27,14,13,9,4,5,18,10,8
C0116,09,01,0004,Tehsil - Deoband 0004,006117, 6 HARYANVI,124,14,110,124,14,110,0,0,0
C0116,09,01,0004,Tehsil - Deoband 0004,006118, 7 HINDI,658204,355072,303132,602303,325205,277098,55901,29867,26034
C0116,09,01,0004,Tehsil - Deoband 0004,006127, 8 JAUNSARI,1,0,1,0,0,0,1,0,1
C0116,09,01,0004,Tehsil - Deoband 0004,006162, 9 KUMAUNI,1,0,1,0,0,0,1,0,1
C0116,09,01,0004,Tehsil - Deoband 0004,006213, 10 PAHARI,1,0,1,1,0,1,0,0,0
C0116,09,01,0004,Tehsil - Deoband 0004,006999,6 Others,16,8,8,16,8,8,0,0,0
C0116,09,01,0004,Tehsil - Deoband 0004,008000,8 KASHMIRI,30,30,0,0,0,0,30,30,0
C0116,09,01,0004,Tehsil - Deoband 0004,008002, 1 KASHMIRI,30,30,0,0,0,0,30,30,0
C0116,09,01,0004,Tehsil - Deoband 0004,010000,10 MAITHILI,3,2,1,3,2,1,0,0,0
C0116,09,01,0004,Tehsil - Deoband 0004,010006, 1 MAITHILI,3,2,1,3,2,1,0,0,0
C0116,09,01,0004,Tehsil - Deoband 0004,011000,11 MALAYALAM,17,8,9,8,5,3,9,3,6
C0116,09,01,0004,Tehsil - Deoband 0004,011013, 1 MALAYALAM,13,5,8,4,2,2,9,3,6
C0116,09,01,0004,Tehsil - Deoband 0004,011999,11 Others,4,3,1,4,3,1,0,0,0
C0116,09,01,0004,Tehsil - Deoband 0004,012000,12 MANIPURI,6,6,0,0,0,0,6,6,0
C0116,09,01,0004,Tehsil - Deoband 0004,012002, 1 MANIPURI,6,6,0,0,0,0,6,6,0
C0116,09,01,0004,Tehsil - Deoband 0004,013000,13 MARATHI,3,3,0,0,0,0,3,3,0
C0116,09,01,0004,Tehsil - Deoband 0004,013048, 1 MARATHI,3,3,0,0,0,0,3,3,0
C0116,09,01,0004,Tehsil - Deoband 0004,014000,14 NEPALI,101,50,51,86,40,46,15,10,5
C0116,09,01,0004,Tehsil - Deoband 0004,014009, 1 NEPALI,101,50,51,86,40,46,15,10,5
C0116,09,01,0004,Tehsil - Deoband 0004,016000,16 PUNJABI,1058,555,503,96,49,47,962,506,456
C0116,09,01,0004,Tehsil - Deoband 0004,016018, 1 PUNJABI,1058,555,503,96,49,47,962,506,456
C0116,09,01,0004,Tehsil - Deoband 0004,019000,19 SINDHI,1,0,1,1,0,1,0,0,0
C0116,09,01,0004,Tehsil - Deoband 0004,019013, 1 SINDHI,1,0,1,1,0,1,0,0,0
C0116,09,01,0004,Tehsil - Deoband 0004,020000,20 TAMIL,7,4,3,6,3,3,1,1,0
C0116,09,01,0004,Tehsil - Deoband 0004,020020, 1 TAMIL,7,4,3,6,3,3,1,1,0
C0116,09,01,0004,Tehsil - Deoband 0004,022000,22 URDU,114074,62847,51227,47677,25631,22046,66397,37216,29181
C0116,09,01,0004,Tehsil - Deoband 0004,022014, 1 URDU,114074,62847,51227,47677,25631,22046,66397,37216,29181
C0116,09,01,0004,Tehsil - Deoband 0004,040000,40 ENGLISH,6,2,4,5,2,3,1,0,1
C0116,09,01,0004,Tehsil - Deoband 0004,040001, 1 ENGLISH,6,2,4,5,2,3,1,0,1
C0116,09,01,0004,Tehsil - Deoband 0004,054000,54 KHARIA,1,0,1,1,0,1,0,0,0
C0116,09,01,0004,Tehsil - Deoband 0004,054999,54 Others,1,0,1,1,0,1,0,0,0
C0116,09,01,0004,Tehsil - Deoband 0004,098000,98 PERSIAN,35,23,12,0,0,0,35,23,12
C0116,09,01,0004,Tehsil - Deoband 0004,098001, 1 PERSIAN,35,23,12,0,0,0,35,23,12
C0116,09,01,0004,Tehsil - Deoband 0004,123000,123 OTHERS,15,9,6,12,6,6,3,3,0
C0116,09,02,0000,District - Muzaffarnagar  02,001000,1 ASSAMESE,15,14,1,13,12,1,2,2,0
C0116,09,02,0000,District - Muzaffarnagar  02,001002, 1 ASSAMESE,15,14,1,13,12,1,2,2,0
C0116,09,02,0000,District - Muzaffarnagar  02,002000,2 BENGALI,300,161,139,235,131,104,65,30,35
C0116,09,02,0000,District - Muzaffarnagar  02,002004, 1 BENGALI,300,161,139,235,131,104,65,30,35
C0116,09,02,0000,District - Muzaffarnagar  02,005000,5 GUJARATI,357,184,173,109,53,56,248,131,117
C0116,09,02,0000,District - Muzaffarnagar  02,005011, 1 GUJARATI,357,184,173,109,53,56,248,131,117
C0116,09,02,0000,District - Muzaffarnagar  02,006000,6 HINDI,2997168,1604459,1392709,2350210,1260807,1089403,646958,343652,303306
C0116,09,02,0000,District - Muzaffarnagar  02,006008, 1 AWADHI,17,13,4,14,10,4,3,3,0
C0116,09,02,0000,District - Muzaffarnagar  02,006026, 2 BANJARI,44,24,20,44,24,20,0,0,0
C0116,09,02,0000,District - Muzaffarnagar  02,006045, 3 BHOJPURI,1725,983,742,1700,968,732,25,15,10
C0116,09,02,0000,District - Muzaffarnagar  02,006060, 4 BUNDELI/BUNDELKHANDI,85,53,32,59,38,21,26,15,11
C0116,09,02,0000,District - Muzaffarnagar  02,006072, 5 CHHATTISGARHI,18,8,10,18,8,10,0,0,0
C0116,09,02,0000,District - Muzaffarnagar  02,006095, 6 GARHWALI,119,70,49,80,50,30,39,20,19
C0116,09,02,0000,District - Muzaffarnagar  02,006117, 7 HARYANVI,189,27,162,158,18,140,31,9,22
C0116,09,02,0000,District - Muzaffarnagar  02,006118, 8 HINDI,2994166,1602843,1391323,2347587,1259392,1088195,646579,343451,303128
C0116,09,02,0000,District - Muzaffarnagar  02,006127, 9 JAUNSARI,2,2,0,2,2,0,0,0,0
C0116,09,02,0000,District - Muzaffarnagar  02,006162, 10 KUMAUNI,35,21,14,24,15,9,11,6,5
C0116,09,02,0000,District - Muzaffarnagar  02,006192, 11 MARWARI,165,92,73,15,10,5,150,82,68
C0116,09,02,0000,District - Muzaffarnagar  02,006195, 12 MEWARI,7,4,3,0,0,0,7,4,3
C0116,09,02,0000,District - Muzaffarnagar  02,006242, 13 RAJASTHANI,133,70,63,56,29,27,77,41,36
C0116,09,02,0000,District - Muzaffarnagar  02,006999,6 Others,463,249,214,453,243,210,10,6,4
C0116,09,02,0000,District - Muzaffarnagar  02,007000,7 KANNADA,4,2,2,4,2,2,0,0,0
C0116,09,02,0000,District - Muzaffarnagar  02,007013, 1 KANNADA,4,2,2,4,2,2,0,0,0
C0116,09,02,0000,District - Muzaffarnagar  02,008000,8 KASHMIRI,70,62,8,46,45,1,24,17,7
C0116,09,02,0000,District - Muzaffarnagar  02,008002, 1 KASHMIRI,70,62,8,46,45,1,24,17,7
C0116,09,02,0000,District - Muzaffarnagar  02,010000,10 MAITHILI,17,14,3,17,14,3,0,0,0
C0116,09,02,0000,District - Muzaffarnagar  02,010006, 1 MAITHILI,17,14,3,17,14,3,0,0,0
C0116,09,02,0000,District - Muzaffarnagar  02,011000,11 MALAYALAM,42,15,27,9,4,5,33,11,22
C0116,09,02,0000,District - Muzaffarnagar  02,011013, 1 MALAYALAM,41,14,27,9,4,5,32,10,22
C0116,09,02,0000,District - Muzaffarnagar  02,011999,11 Others,1,1,0,0,0,0,1,1,0
C0116,09,02,0000,District - Muzaffarnagar  02,013000,13 MARATHI,20,11,9,2,0,2,18,11,7
C0116,09,02,0000,District - Muzaffarnagar  02,013048, 1 MARATHI,20,11,9,2,0,2,18,11,7
C0116,09,02,0000,District - Muzaffarnagar  02,014000,14 NEPALI,446,277,169,341,215,126,105,62,43
C0116,09,02,0000,District - Muzaffarnagar  02,014009, 1 NEPALI,446,277,169,341,215,126,105,62,43
C0116,09,02,0000,District - Muzaffarnagar  02,015000,15 ORIYA,39,20,19,34,18,16,5,2,3
C0116,09,02,0000,District - Muzaffarnagar  02,015031, 1 ORIYA,39,20,19,34,18,16,5,2,3
C0116,09,02,0000,District - Muzaffarnagar  02,016000,16 PUNJABI,13050,7040,6010,10023,5470,4553,3027,1570,1457
C0116,09,02,0000,District - Muzaffarnagar  02,016018, 1 PUNJABI,12948,6992,5956,9940,5431,4509,3008,1561,1447
C0116,09,02,0000,District - Muzaffarnagar  02,016999,16 Others,102,48,54,83,39,44,19,9,10
C0116,09,02,0000,District - Muzaffarnagar  02,018000,18 SANTALI,1,1,0,1,1,0,0,0,0
C0116,09,02,0000,District - Muzaffarnagar  02,018013, 1 SANTALI,1,1,0,1,1,0,0,0,0
C0116,09,02,0000,District - Muzaffarnagar  02,019000,19 SINDHI,511,282,229,507,280,227,4,2,2
C0116,09,02,0000,District - Muzaffarnagar  02,019013, 1 SINDHI,511,282,229,507,280,227,4,2,2
C0116,09,02,0000,District - Muzaffarnagar  02,020000,20 TAMIL,19,9,10,7,4,3,12,5,7
C0116,09,02,0000,District - Muzaffarnagar  02,020020, 1 TAMIL,19,9,10,7,4,3,12,5,7
C0116,09,02,0000,District - Muzaffarnagar  02,021000,21 TELUGU,11,7,4,9,7,2,2,0,2
C0116,09,02,0000,District - Muzaffarnagar  02,021035, 1 TELUGU,11,7,4,9,7,2,2,0,2
C0116,09,02,0000,District - Muzaffarnagar  02,022000,22 URDU,530859,281057,249802,277715,147062,130653,253144,133995,119149
C0116,09,02,0000,District - Muzaffarnagar  02,022014, 1 URDU,530859,281057,249802,277715,147062,130653,253144,133995,119149
C0116,09,02,0000,District - Muzaffarnagar  02,028000,28 ARABIC/ARBI,26,14,12,26,14,12,0,0,0
C0116,09,02,0000,District - Muzaffarnagar  02,028001, 1 ARABIC/ARBI,26,14,12,26,14,12,0,0,0
C0116,09,02,0000,District - Muzaffarnagar  02,040000,40 ENGLISH,391,196,195,158,77,81,233,119,114
C0116,09,02,0000,District - Muzaffarnagar  02,040001, 1 ENGLISH,391,196,195,158,77,81,233,119,114
C0116,09,02,0000,District - Muzaffarnagar  02,053000,53 KHANDESHI,1,1,0,0,0,0,1,1,0
C0116,09,02,0000,District - Muzaffarnagar  02,053005, 1 GUJARI,1,1,0,0,0,0,1,1,0
C0116,09,02,0000,District - Muzaffarnagar  02,123000,123 OTHERS,15,6,9,14,5,9,1,1,0
C0116,09,02,0001,Tehsil - Kairana 0001,002000,2 BENGALI,25,20,5,24,20,4,1,0,1
C0116,09,02,0001,Tehsil - Kairana 0001,002004, 1 BENGALI,25,20,5,24,20,4,1,0,1
C0116,09,02,0001,Tehsil - Kairana 0001,006000,6 HINDI,376000,202757,173243,303307,164024,139283,72693,38733,33960
C0116,09,02,0001,Tehsil - Kairana 0001,006008, 1 AWADHI,10,7,3,10,7,3,0,0,0
C0116,09,02,0001,Tehsil - Kairana 0001,006026, 2 BANJARI,44,24,20,44,24,20,0,0,0
C0116,09,02,0001,Tehsil - Kairana 0001,006045, 3 BHOJPURI,76,37,39,75,37,38,1,0,1
C0116,09,02,0001,Tehsil - Kairana 0001,006060, 4 BUNDELI/BUNDELKHANDI,7,6,1,6,5,1,1,1,0
C0116,09,02,0001,Tehsil - Kairana 0001,006095, 5 GARHWALI,2,1,1,2,1,1,0,0,0
C0116,09,02,0001,Tehsil - Kairana 0001,006117, 6 HARYANVI,123,15,108,109,14,95,14,1,13
C0116,09,02,0001,Tehsil - Kairana 0001,006118, 7 HINDI,375342,202464,172878,302669,163737,138932,72673,38727,33946
C0116,09,02,0001,Tehsil - Kairana 0001,006242, 8 RAJASTHANI,4,4,0,0,0,0,4,4,0
C0116,09,02,0001,Tehsil - Kairana 0001,006999,6 Others,392,199,193,392,199,193,0,0,0
C0116,09,02,0001,Tehsil - Kairana 0001,007000,7 KANNADA,2,0,2,2,0,2,0,0,0
C0116,09,02,0001,Tehsil - Kairana 0001,007013, 1 KANNADA,2,0,2,2,0,2,0,0,0
C0116,09,02,0001,Tehsil - Kairana 0001,011000,11 MALAYALAM,2,1,1,0,0,0,2,1,1
C0116,09,02,0001,Tehsil - Kairana 0001,011013, 1 MALAYALAM,2,1,1,0,0,0,2,1,1
C0116,09,02,0001,Tehsil - Kairana 0001,014000,14 NEPALI,105,67,38,82,53,29,23,14,9
C0116,09,02,0001,Tehsil - Kairana 0001,014009, 1 NEPALI,105,67,38,82,53,29,23,14,9
C0116,09,02,0001,Tehsil - Kairana 0001,016000,16 PUNJABI,4344,2364,1980,4313,2345,1968,31,19,12
C0116,09,02,0001,Tehsil - Kairana 0001,016018, 1 PUNJABI,4341,2362,1979,4313,2345,1968,28,17,11
C0116,09,02,0001,Tehsil - Kairana 0001,016999,16 Others,3,2,1,0,0,0,3,2,1
C0116,09,02,0001,Tehsil - Kairana 0001,021000,21 TELUGU,1,0,1,0,0,0,1,0,1
C0116,09,02,0001,Tehsil - Kairana 0001,021035, 1 TELUGU,1,0,1,0,0,0,1,0,1
C0116,09,02,0001,Tehsil - Kairana 0001,022000,22 URDU,111307,59292,52015,38659,20675,17984,72648,38617,34031
C0116,09,02,0001,Tehsil - Kairana 0001,022014, 1 URDU,111307,59292,52015,38659,20675,17984,72648,38617,34031
C0116,09,02,0001,Tehsil - Kairana 0001,123000,123 OTHERS,2,0,2,2,0,2,0,0,0
C0116,09,02,0002,Tehsil - Shamli ** 0002,001000,1 ASSAMESE,3,3,0,3,3,0,0,0,0
C0116,09,02,0002,Tehsil - Shamli ** 0002,001002, 1 ASSAMESE,3,3,0,3,3,0,0,0,0
C0116,09,02,0002,Tehsil - Shamli ** 0002,002000,2 BENGALI,37,22,15,16,10,6,21,12,9
C0116,09,02,0002,Tehsil - Shamli ** 0002,002004, 1 BENGALI,37,22,15,16,10,6,21,12,9
C0116,09,02,0002,Tehsil - Shamli ** 0002,006000,6 HINDI,630018,339704,290314,470203,254342,215861,159815,85362,74453
C0116,09,02,0002,Tehsil - Shamli ** 0002,006045, 1 BHOJPURI,950,498,452,948,496,452,2,2,0
C0116,09,02,0002,Tehsil - Shamli ** 0002,006060, 2 BUNDELI/BUNDELKHANDI,23,14,9,17,11,6,6,3,3
C0116,09,02,0002,Tehsil - Shamli ** 0002,006072, 3 CHHATTISGARHI,18,8,10,18,8,10,0,0,0
C0116,09,02,0002,Tehsil - Shamli ** 0002,006095, 4 GARHWALI,8,6,2,1,1,0,7,5,2
C0116,09,02,0002,Tehsil - Shamli ** 0002,006117, 5 HARYANVI,28,2,26,27,2,25,1,0,1
C0116,09,02,0002,Tehsil - Shamli ** 0002,006118, 6 HINDI,628975,339163,289812,469177,253812,215365,159798,85351,74447
C0116,09,02,0002,Tehsil - Shamli ** 0002,006242, 7 RAJASTHANI,5,2,3,5,2,3,0,0,0
C0116,09,02,0002,Tehsil - Shamli ** 0002,006999,6 Others,11,11,0,10,10,0,1,1,0
C0116,09,02,0002,Tehsil - Shamli ** 0002,008000,8 KASHMIRI,22,15,7,0,0,0,22,15,7
C0116,09,02,0002,Tehsil - Shamli ** 0002,008002, 1 KASHMIRI,22,15,7,0,0,0,22,15,7
C0116,09,02,0002,Tehsil - Shamli ** 0002,010000,10 MAITHILI,9,9,0,9,9,0,0,0,0
C0116,09,02,0002,Tehsil - Shamli ** 0002,010006, 1 MAITHILI,9,9,0,9,9,0,0,0,0
C0116,09,02,0002,Tehsil - Shamli ** 0002,013000,13 MARATHI,5,3,2,0,0,0,5,3,2
C0116,09,02,0002,Tehsil - Shamli ** 0002,013048, 1 MARATHI,5,3,2,0,0,0,5,3,2
C0116,09,02,0002,Tehsil - Shamli ** 0002,014000,14 NEPALI,107,61,46,87,52,35,20,9,11
C0116,09,02,0002,Tehsil - Shamli ** 0002,014009, 1 NEPALI,107,61,46,87,52,35,20,9,11
C0116,09,02,0002,Tehsil - Shamli ** 0002,015000,15 ORIYA,37,20,17,32,18,14,5,2,3
C0116,09,02,0002,Tehsil - Shamli ** 0002,015031, 1 ORIYA,37,20,17,32,18,14,5,2,3
C0116,09,02,0002,Tehsil - Shamli ** 0002,016000,16 PUNJABI,859,449,410,18,8,10,841,441,400
C0116,09,02,0002,Tehsil - Shamli ** 0002,016018, 1 PUNJABI,859,449,410,18,8,10,841,441,400
C0116,09,02,0002,Tehsil - Shamli ** 0002,018000,18 SANTALI,1,1,0,1,1,0,0,0,0
C0116,09,02,0002,Tehsil - Shamli ** 0002,018013, 1 SANTALI,1,1,0,1,1,0,0,0,0
C0116,09,02,0002,Tehsil - Shamli ** 0002,019000,19 SINDHI,1,1,0,1,1,0,0,0,0
C0116,09,02,0002,Tehsil - Shamli ** 0002,019013, 1 SINDHI,1,1,0,1,1,0,0,0,0
C0116,09,02,0002,Tehsil - Shamli ** 0002,020000,20 TAMIL,7,3,4,1,0,1,6,3,3
C0116,09,02,0002,Tehsil - Shamli ** 0002,020020, 1 TAMIL,7,3,4,1,0,1,6,3,3
C0116,09,02,0002,Tehsil - Shamli ** 0002,022000,22 URDU,51941,27776,24165,23647,12488,11159,28294,15288,13006
C0116,09,02,0002,Tehsil - Shamli ** 0002,022014, 1 URDU,51941,27776,24165,23647,12488,11159,28294,15288,13006
C0116,09,02,0002,Tehsil - Shamli ** 0002,040000,40 ENGLISH,21,9,12,19,8,11,2,1,1
C0116,09,02,0002,Tehsil - Shamli ** 0002,040001, 1 ENGLISH,21,9,12,19,8,11,2,1,1
C0116,09,02,0003,Tehsil - Muzaffarnagar 0003,001000,1 ASSAMESE,2,2,0,1,1,0,1,1,0
C0116,09,02,0003,Tehsil - Muzaffarnagar 0003,001002, 1 ASSAMESE,2,2,0,1,1,0,1,1,0
C0116,09,02,0003,Tehsil - Muzaffarnagar 0003,002000,2 BENGALI,117,59,58,77,43,34,40,16,24
C0116,09,02,0003,Tehsil - Muzaffarnagar 0003,002004, 1 BENGALI,117,59,58,77,43,34,40,16,24
C0116,09,02,0003,Tehsil - Muzaffarnagar 0003,005000,5 GUJARATI,356,183,173,109,53,56,247,130,117
C0116,09,02,0003,Tehsil - Muzaffarnagar 0003,005011, 1 GUJARATI,356,183,173,109,53,56,247,130,117
C0116,09,02,0003,Tehsil - Muzaffarnagar 0003,006000,6 HINDI,945462,505147,440315,670828,359742,311086,274634,145405,129229
C0116,09,02,0003,Tehsil - Muzaffarnagar 0003,006008, 1 AWADHI,4,3,1,4,3,1,0,0,0
C0116,09,02,0003,Tehsil - Muzaffarnagar 0003,006045, 2 BHOJPURI,110,86,24,93,76,17,17,10,7
C0116,09,02,0003,Tehsil - Muzaffarnagar 0003,006060, 3 BUNDELI/BUNDELKHANDI,27,18,9,13,10,3,14,8,6
C0116,09,02,0003,Tehsil - Muzaffarnagar 0003,006095, 4 GARHWALI,55,30,25,32,18,14,23,12,11
C0116,09,02,0003,Tehsil - Muzaffarnagar 0003,006117, 5 HARYANVI,11,0,11,9,0,9,2,0,2
C0116,09,02,0003,Tehsil - Muzaffarnagar 0003,006118, 6 HINDI,945009,504873,440136,670650,359616,311034,274359,145257,129102
C0116,09,02,0003,Tehsil - Muzaffarnagar 0003,006162, 7 KUMAUNI,7,5,2,3,3,0,4,2,2
C0116,09,02,0003,Tehsil - Muzaffarnagar 0003,006192, 8 MARWARI,150,82,68,0,0,0,150,82,68
C0116,09,02,0003,Tehsil - Muzaffarnagar 0003,006195, 9 MEWARI,7,4,3,0,0,0,7,4,3
C0116,09,02,0003,Tehsil - Muzaffarnagar 0003,006242, 10 RAJASTHANI,49,25,24,0,0,0,49,25,24
C0116,09,02,0003,Tehsil - Muzaffarnagar 0003,006999,6 Others,33,21,12,24,16,8,9,5,4
C0116,09,02,0003,Tehsil - Muzaffarnagar 0003,007000,7 KANNADA,2,2,0,2,2,0,0,0,0
C0116,09,02,0003,Tehsil - Muzaffarnagar 0003,007013, 1 KANNADA,2,2,0,2,2,0,0,0,0
C0116,09,02,0003,Tehsil - Muzaffarnagar 0003,008000,8 KASHMIRI,44,43,1,42,41,1,2,2,0
C0116,09,02,0003,Tehsil - Muzaffarnagar 0003,008002, 1 KASHMIRI,44,43,1,42,41,1,2,2,0
C0116,09,02,0003,Tehsil - Muzaffarnagar 0003,011000,11 MALAYALAM,32,11,21,1,1,0,31,10,21
C0116,09,02,0003,Tehsil - Muzaffarnagar 0003,011013, 1 MALAYALAM,31,10,21,1,1,0,30,9,21
C0116,09,02,0003,Tehsil - Muzaffarnagar 0003,011999,11 Others,1,1,0,0,0,0,1,1,0
C0116,09,02,0003,Tehsil - Muzaffarnagar 0003,013000,13 MARATHI,6,4,2,0,0,0,6,4,2
C0116,09,02,0003,Tehsil - Muzaffarnagar 0003,013048, 1 MARATHI,6,4,2,0,0,0,6,4,2
C0116,09,02,0003,Tehsil - Muzaffarnagar 0003,014000,14 NEPALI,134,82,52,98,61,37,36,21,15
C0116,09,02,0003,Tehsil - Muzaffarnagar 0003,014009, 1 NEPALI,134,82,52,98,61,37,36,21,15
C0116,09,02,0003,Tehsil - Muzaffarnagar 0003,015000,15 ORIYA,1,0,1,1,0,1,0,0,0
C0116,09,02,0003,Tehsil - Muzaffarnagar 0003,015031, 1 ORIYA,1,0,1,1,0,1,0,0,0
C0116,09,02,0003,Tehsil - Muzaffarnagar 0003,016000,16 PUNJABI,4380,2356,2024,2777,1526,1251,1603,830,773
C0116,09,02,0003,Tehsil - Muzaffarnagar 0003,016018, 1 PUNJABI,4335,2334,2001,2742,1509,1233,1593,825,768
C0116,09,02,0003,Tehsil - Muzaffarnagar 0003,016999,16 Others,45,22,23,35,17,18,10,5,5
C0116,09,02,0003,Tehsil - Muzaffarnagar 0003,019000,19 SINDHI,263,146,117,259,144,115,4,2,2
C0116,09,02,0003,Tehsil - Muzaffarnagar 0003,019013, 1 SINDHI,263,146,117,259,144,115,4,2,2
C0116,09,02,0003,Tehsil - Muzaffarnagar 0003,020000,20 TAMIL,5,3,2,2,2,0,3,1,2
C0116,09,02,0003,Tehsil - Muzaffarnagar 0003,020020, 1 TAMIL,5,3,2,2,2,0,3,1,2
C0116,09,02,0003,Tehsil - Muzaffarnagar 0003,021000,21 TELUGU,2,0,2,1,0,1,1,0,1
C0116,09,02,0003,Tehsil - Muzaffarnagar 0003,021035, 1 TELUGU,2,0,2,1,0,1,1,0,1
C0116,09,02,0003,Tehsil - Muzaffarnagar 0003,022000,22 URDU,219060,115597,103463,120876,63946,56930,98184,51651,46533
C0116,09,02,0003,Tehsil - Muzaffarnagar 0003,022014, 1 URDU,219060,115597,103463,120876,63946,56930,98184,51651,46533
C0116,09,02,0003,Tehsil - Muzaffarnagar 0003,028000,28 ARABIC/ARBI,26,14,12,26,14,12,0,0,0
C0116,09,02,0003,Tehsil - Muzaffarnagar 0003,028001, 1 ARABIC/ARBI,26,14,12,26,14,12,0,0,0
C0116,09,02,0003,Tehsil - Muzaffarnagar 0003,040000,40 ENGLISH,84,43,41,0,0,0,84,43,41
C0116,09,02,0003,Tehsil - Muzaffarnagar 0003,040001, 1 ENGLISH,84,43,41,0,0,0,84,43,41
C0116,09,02,0003,Tehsil - Muzaffarnagar 0003,053000,53 KHANDESHI,1,1,0,0,0,0,1,1,0
C0116,09,02,0003,Tehsil - Muzaffarnagar 0003,053005, 1 GUJARI,1,1,0,0,0,0,1,1,0
C0116,09,02,0003,Tehsil - Muzaffarnagar 0003,123000,123 OTHERS,2,1,1,2,1,1,0,0,0
C0116,09,02,0004,Tehsil - Budhana 0004,002000,2 BENGALI,86,43,43,86,43,43,0,0,0
C0116,09,02,0004,Tehsil - Budhana 0004,002004, 1 BENGALI,86,43,43,86,43,43,0,0,0
C0116,09,02,0004,Tehsil - Budhana 0004,006000,6 HINDI,384732,205646,179086,331381,177175,154206,53351,28471,24880
C0116,09,02,0004,Tehsil - Budhana 0004,006060, 1 BUNDELI/BUNDELKHANDI,11,5,6,8,4,4,3,1,2
C0116,09,02,0004,Tehsil - Budhana 0004,006117, 2 HARYANVI,14,1,13,11,0,11,3,1,2
C0116,09,02,0004,Tehsil - Budhana 0004,006118, 3 HINDI,384664,205616,179048,331319,177147,154172,53345,28469,24876
C0116,09,02,0004,Tehsil - Budhana 0004,006127, 4 JAUNSARI,1,1,0,1,1,0,0,0,0
C0116,09,02,0004,Tehsil - Budhana 0004,006242, 5 RAJASTHANI,38,21,17,38,21,17,0,0,0
C0116,09,02,0004,Tehsil - Budhana 0004,006999,6 Others,4,2,2,4,2,2,0,0,0
C0116,09,02,0004,Tehsil - Budhana 0004,013000,13 MARATHI,3,2,1,0,0,0,3,2,1
C0116,09,02,0004,Tehsil - Budhana 0004,013048, 1 MARATHI,3,2,1,0,0,0,3,2,1
C0116,09,02,0004,Tehsil - Budhana 0004,014000,14 NEPALI,18,7,11,16,6,10,2,1,1
C0116,09,02,0004,Tehsil - Budhana 0004,014009, 1 NEPALI,18,7,11,16,6,10,2,1,1
C0116,09,02,0004,Tehsil - Budhana 0004,016000,16 PUNJABI,6,3,3,0,0,0,6,3,3
C0116,09,02,0004,Tehsil - Budhana 0004,016018, 1 PUNJABI,6,3,3,0,0,0,6,3,3
C0116,09,02,0004,Tehsil - Budhana 0004,020000,20 TAMIL,1,0,1,1,0,1,0,0,0
C0116,09,02,0004,Tehsil - Budhana 0004,020020, 1 TAMIL,1,0,1,1,0,1,0,0,0
C0116,09,02,0004,Tehsil - Budhana 0004,021000,21 TELUGU,1,0,1,1,0,1,0,0,0
C0116,09,02,0004,Tehsil - Budhana 0004,021035, 1 TELUGU,1,0,1,1,0,1,0,0,0
C0116,09,02,0004,Tehsil - Budhana 0004,022000,22 URDU,45822,24161,21661,33802,17891,15911,12020,6270,5750
C0116,09,02,0004,Tehsil - Budhana 0004,022014, 1 URDU,45822,24161,21661,33802,17891,15911,12020,6270,5750
C0116,09,02,0004,Tehsil - Budhana 0004,040000,40 ENGLISH,31,15,16,31,15,16,0,0,0
C0116,09,02,0004,Tehsil - Budhana 0004,040001, 1 ENGLISH,31,15,16,31,15,16,0,0,0
C0116,09,02,0005,Tehsil - Jansath 0005,001000,1 ASSAMESE,10,9,1,9,8,1,1,1,0
C0116,09,02,0005,Tehsil - Jansath 0005,001002, 1 ASSAMESE,10,9,1,9,8,1,1,1,0
C0116,09,02,0005,Tehsil - Jansath 0005,002000,2 BENGALI,35,17,18,32,15,17,3,2,1
C0116,09,02,0005,Tehsil - Jansath 0005,002004, 1 BENGALI,35,17,18,32,15,17,3,2,1
C0116,09,02,0005,Tehsil - Jansath 0005,005000,5 GUJARATI,1,1,0,0,0,0,1,1,0
C0116,09,02,0005,Tehsil - Jansath 0005,005011, 1 GUJARATI,1,1,0,0,0,0,1,1,0
C0116,09,02,0005,Tehsil - Jansath 0005,006000,6 HINDI,660956,351205,309751,574491,305524,268967,86465,45681,40784
C0116,09,02,0005,Tehsil - Jansath 0005,006008, 1 AWADHI,3,3,0,0,0,0,3,3,0
C0116,09,02,0005,Tehsil - Jansath 0005,006045, 2 BHOJPURI,589,362,227,584,359,225,5,3,2
C0116,09,02,0005,Tehsil - Jansath 0005,006060, 3 BUNDELI/BUNDELKHANDI,17,10,7,15,8,7,2,2,0
C0116,09,02,0005,Tehsil - Jansath 0005,006095, 4 GARHWALI,54,33,21,45,30,15,9,3,6
C0116,09,02,0005,Tehsil - Jansath 0005,006117, 5 HARYANVI,13,9,4,2,2,0,11,7,4
C0116,09,02,0005,Tehsil - Jansath 0005,006118, 6 HINDI,660176,350727,309449,573772,305080,268692,86404,45647,40757
C0116,09,02,0005,Tehsil - Jansath 0005,006127, 7 JAUNSARI,1,1,0,1,1,0,0,0,0
C0116,09,02,0005,Tehsil - Jansath 0005,006162, 8 KUMAUNI,28,16,12,21,12,9,7,4,3
C0116,09,02,0005,Tehsil - Jansath 0005,006192, 9 MARWARI,15,10,5,15,10,5,0,0,0
C0116,09,02,0005,Tehsil - Jansath 0005,006242, 10 RAJASTHANI,37,18,19,13,6,7,24,12,12
C0116,09,02,0005,Tehsil - Jansath 0005,006999,6 Others,23,16,7,23,16,7,0,0,0
C0116,09,02,0005,Tehsil - Jansath 0005,008000,8 KASHMIRI,4,4,0,4,4,0,0,0,0
C0116,09,02,0005,Tehsil - Jansath 0005,008002, 1 KASHMIRI,4,4,0,4,4,0,0,0,0
C0116,09,02,0005,Tehsil - Jansath 0005,010000,10 MAITHILI,8,5,3,8,5,3,0,0,0
C0116,09,02,0005,Tehsil - Jansath 0005,010006, 1 MAITHILI,8,5,3,8,5,3,0,0,0
C0116,09,02,0005,Tehsil - Jansath 0005,011000,11 MALAYALAM,8,3,5,8,3,5,0,0,0
C0116,09,02,0005,Tehsil - Jansath 0005,011013, 1 MALAYALAM,8,3,5,8,3,5,0,0,0
C0116,09,02,0005,Tehsil - Jansath 0005,013000,13 MARATHI,6,2,4,2,0,2,4,2,2
C0116,09,02,0005,Tehsil - Jansath 0005,013048, 1 MARATHI,6,2,4,2,0,2,4,2,2
C0116,09,02,0005,Tehsil - Jansath 0005,014000,14 NEPALI,82,60,22,58,43,15,24,17,7
C0116,09,02,0005,Tehsil - Jansath 0005,014009, 1 NEPALI,82,60,22,58,43,15,24,17,7
C0116,09,02,0005,Tehsil - Jansath 0005,015000,15 ORIYA,1,0,1,1,0,1,0,0,0
C0116,09,02,0005,Tehsil - Jansath 0005,015031, 1 ORIYA,1,0,1,1,0,1,0,0,0
C0116,09,02,0005,Tehsil - Jansath 0005,016000,16 PUNJABI,3461,1868,1593,2915,1591,1324,546,277,269
C0116,09,02,0005,Tehsil - Jansath 0005,016018, 1 PUNJABI,3407,1844,1563,2867,1569,1298,540,275,265
C0116,09,02,0005,Tehsil - Jansath 0005,016999,16 Others,54,24,30,48,22,26,6,2,4
C0116,09,02,0005,Tehsil - Jansath 0005,019000,19 SINDHI,247,135,112,247,135,112,0,0,0
C0116,09,02,0005,Tehsil - Jansath 0005,019013, 1 SINDHI,247,135,112,247,135,112,0,0,0
C0116,09,02,0005,Tehsil - Jansath 0005,020000,20 TAMIL,6,3,3,3,2,1,3,1,2
C0116,09,02,0005,Tehsil - Jansath 0005,020020, 1 TAMIL,6,3,3,3,2,1,3,1,2
C0116,09,02,0005,Tehsil - Jansath 0005,021000,21 TELUGU,7,7,0,7,7,0,0,0,0
C0116,09,02,0005,Tehsil - Jansath 0005,021035, 1 TELUGU,7,7,0,7,7,0,0,0,0
C0116,09,02,0005,Tehsil - Jansath 0005,022000,22 URDU,102729,54231,48498,60731,32062,28669,41998,22169,19829
C0116,09,02,0005,Tehsil - Jansath 0005,022014, 1 URDU,102729,54231,48498,60731,32062,28669,41998,22169,19829
C0116,09,02,0005,Tehsil - Jansath 0005,040000,40 ENGLISH,255,129,126,108,54,54,147,75,72
C0116,09,02,0005,Tehsil - Jansath 0005,040001, 1 ENGLISH,255,129,126,108,54,54,147,75,72
C0116,09,02,0005,Tehsil - Jansath 0005,123000,123 OTHERS,11,5,6,10,4,6,1,1,0
C0116,09,03,0000,District - Bijnor  03,001000,1 ASSAMESE,12,12,0,12,12,0,0,0,0
C0116,09,03,0000,District - Bijnor  03,001002, 1 ASSAMESE,12,12,0,12,12,0,0,0,0
C0116,09,03,0000,District - Bijnor  03,002000,2 BENGALI,2802,1406,1396,2680,1347,1333,122,59,63
C0116,09,03,0000,District - Bijnor  03,002004, 1 BENGALI,2802,1406,1396,2680,1347,1333,122,59,63
C0116,09,03,0000,District - Bijnor  03,004000,4 DOGRI,1,1,0,1,1,0,0,0,0
C0116,09,03,0000,District - Bijnor  03,004001, 1 DOGRI,1,1,0,1,1,0,0,0,0
C0116,09,03,0000,District - Bijnor  03,005000,5 GUJARATI,21,7,14,2,0,2,19,7,12
C0116,09,03,0000,District - Bijnor  03,005011, 1 GUJARATI,21,7,14,2,0,2,19,7,12
C0116,09,03,0000,District - Bijnor  03,006000,6 HINDI,2159060,1142918,1016142,1875037,993225,881812,284023,149693,134330
C0116,09,03,0000,District - Bijnor  03,006008, 1 AWADHI,13,7,6,13,7,6,0,0,0
C0116,09,03,0000,District - Bijnor  03,006045, 2 BHOJPURI,382,211,171,228,137,91,154,74,80
C0116,09,03,0000,District - Bijnor  03,006059, 3 BRAJBHASHA,3,2,1,3,2,1,0,0,0
C0116,09,03,0000,District - Bijnor  03,006060, 4 BUNDELI/BUNDELKHANDI,99,32,67,85,27,58,14,5,9
C0116,09,03,0000,District - Bijnor  03,006095, 5 GARHWALI,2355,1161,1194,2262,1108,1154,93,53,40
C0116,09,03,0000,District - Bijnor  03,006117, 6 HARYANVI,48,28,20,48,28,20,0,0,0
C0116,09,03,0000,District - Bijnor  03,006118, 7 HINDI,2154844,1140780,1014064,1871144,991249,879895,283700,149531,134169
C0116,09,03,0000,District - Bijnor  03,006127, 8 JAUNSARI,31,18,13,29,16,13,2,2,0
C0116,09,03,0000,District - Bijnor  03,006148, 9 KHARI BOLI,601,309,292,601,309,292,0,0,0
C0116,09,03,0000,District - Bijnor  03,006162, 10 KUMAUNI,115,59,56,93,48,45,22,11,11
C0116,09,03,0000,District - Bijnor  03,006192, 11 MARWARI,31,20,11,31,20,11,0,0,0
C0116,09,03,0000,District - Bijnor  03,006195, 12 MEWARI,2,1,1,2,1,1,0,0,0
C0116,09,03,0000,District - Bijnor  03,006196, 13 MEWATI,344,178,166,344,178,166,0,0,0
C0116,09,03,0000,District - Bijnor  03,006213, 14 PAHARI,6,3,3,6,3,3,0,0,0
C0116,09,03,0000,District - Bijnor  03,006242, 15 RAJASTHANI,98,54,44,63,38,25,35,16,19
C0116,09,03,0000,District - Bijnor  03,006999,6 Others,88,55,33,85,54,31,3,1,2
C0116,09,03,0000,District - Bijnor  03,007000,7 KANNADA,2,1,1,0,0,0,2,1,1
C0116,09,03,0000,District - Bijnor  03,007013, 1 KANNADA,2,1,1,0,0,0,2,1,1
C0116,09,03,0000,District - Bijnor  03,008000,8 KASHMIRI,3,2,1,0,0,0,3,2,1
C0116,09,03,0000,District - Bijnor  03,008002, 1 KASHMIRI,3,2,1,0,0,0,3,2,1
C0116,09,03,0000,District - Bijnor  03,010000,10 MAITHILI,14,13,1,10,10,0,4,3,1
C0116,09,03,0000,District - Bijnor  03,010006, 1 MAITHILI,14,13,1,10,10,0,4,3,1
C0116,09,03,0000,District - Bijnor  03,011000,11 MALAYALAM,168,66,102,151,59,92,17,7,10
C0116,09,03,0000,District - Bijnor  03,011013, 1 MALAYALAM,168,66,102,151,59,92,17,7,10
C0116,09,03,0000,District - Bijnor  03,013000,13 MARATHI,38,24,14,9,4,5,29,20,9
C0116,09,03,0000,District - Bijnor  03,013048, 1 MARATHI,38,24,14,9,4,5,29,20,9
C0116,09,03,0000,District - Bijnor  03,014000,14 NEPALI,7642,4238,3404,6738,3719,3019,904,519,385
C0116,09,03,0000,District - Bijnor  03,014009, 1 NEPALI,7642,4238,3404,6738,3719,3019,904,519,385
C0116,09,03,0000,District - Bijnor  03,015000,15 ORIYA,26,15,11,18,10,8,8,5,3
C0116,09,03,0000,District - Bijnor  03,015031, 1 ORIYA,26,15,11,18,10,8,8,5,3
C0116,09,03,0000,District - Bijnor  03,016000,16 PUNJABI,35076,18419,16657,32408,17040,15368,2668,1379,1289
C0116,09,03,0000,District - Bijnor  03,016001, 1 BAGRI,19,10,9,19,10,9,0,0,0
C0116,09,03,0000,District - Bijnor  03,016018, 2 PUNJABI,33426,17546,15880,30851,16223,14628,2575,1323,1252
C0116,09,03,0000,District - Bijnor  03,016999,16 Others,1631,863,768,1538,807,731,93,56,37
C0116,09,03,0000,District - Bijnor  03,017000,17 SANSKRIT,171,95,76,165,92,73,6,3,3
C0116,09,03,0000,District - Bijnor  03,017002, 1 SANSKRIT,171,95,76,165,92,73,6,3,3
C0116,09,03,0000,District - Bijnor  03,019000,19 SINDHI,13,8,5,11,6,5,2,2,0
C0116,09,03,0000,District - Bijnor  03,019013, 1 SINDHI,13,8,5,11,6,5,2,2,0
C0116,09,03,0000,District - Bijnor  03,020000,20 TAMIL,36,20,16,6,5,1,30,15,15
C0116,09,03,0000,District - Bijnor  03,020020, 1 TAMIL,36,20,16,6,5,1,30,15,15
C0116,09,03,0000,District - Bijnor  03,021000,21 TELUGU,1,0,1,0,0,0,1,0,1
C0116,09,03,0000,District - Bijnor  03,021035, 1 TELUGU,1,0,1,0,0,0,1,0,1
C0116,09,03,0000,District - Bijnor  03,022000,22 URDU,926243,484511,441732,452810,236297,216513,473433,248214,225219
C0116,09,03,0000,District - Bijnor  03,022014, 1 URDU,926243,484511,441732,452810,236297,216513,473433,248214,225219
C0116,09,03,0000,District - Bijnor  03,028000,28 ARABIC/ARBI,194,100,94,124,63,61,70,37,33
C0116,09,03,0000,District - Bijnor  03,028001, 1 ARABIC/ARBI,194,100,94,124,63,61,70,37,33
C0116,09,03,0000,District - Bijnor  03,030000,30 BHILI/BHILODI,11,5,6,11,5,6,0,0,0
C0116,09,03,0000,District - Bijnor  03,030032, 1 MAWCHI,11,5,6,11,5,6,0,0,0
C0116,09,03,0000,District - Bijnor  03,040000,40 ENGLISH,13,10,3,5,5,0,8,5,3
C0116,09,03,0000,District - Bijnor  03,040001, 1 ENGLISH,13,10,3,5,5,0,8,5,3
C0116,09,03,0000,District - Bijnor  03,044000,44 GONDI,2,1,1,1,0,1,1,1,0
C0116,09,03,0000,District - Bijnor  03,044006, 1 GONDI,1,0,1,1,0,1,0,0,0
C0116,09,03,0000,District - Bijnor  03,044999,44 Others,1,1,0,0,0,0,1,1,0
C0116,09,03,0000,District - Bijnor  03,072000,72 KURUKH/ORAON,7,4,3,7,4,3,0,0,0
C0116,09,03,0000,District - Bijnor  03,072009, 1 KURUKH/ORAON,7,4,3,7,4,3,0,0,0
C0116,09,03,0000,District - Bijnor  03,123000,123 OTHERS,63,32,31,62,32,30,1,0,1
C0116,09,03,0001,Tehsil - Najibabad 0001,002000,2 BENGALI,66,21,45,38,6,32,28,15,13
C0116,09,03,0001,Tehsil - Najibabad 0001,002004, 1 BENGALI,66,21,45,38,6,32,28,15,13
C0116,09,03,0001,Tehsil - Najibabad 0001,006000,6 HINDI,357847,189833,168014,305881,162411,143470,51966,27422,24544
C0116,09,03,0001,Tehsil - Najibabad 0001,006045, 1 BHOJPURI,51,43,8,46,40,6,5,3,2
C0116,09,03,0001,Tehsil - Najibabad 0001,006059, 2 BRAJBHASHA,2,1,1,2,1,1,0,0,0
C0116,09,03,0001,Tehsil - Najibabad 0001,006060, 3 BUNDELI/BUNDELKHANDI,11,2,9,10,1,9,1,1,0
C0116,09,03,0001,Tehsil - Najibabad 0001,006095, 4 GARHWALI,1352,678,674,1276,638,638,76,40,36
C0116,09,03,0001,Tehsil - Najibabad 0001,006118, 5 HINDI,356338,189064,167274,304491,161703,142788,51847,27361,24486
C0116,09,03,0001,Tehsil - Najibabad 0001,006127, 6 JAUNSARI,1,0,1,1,0,1,0,0,0
C0116,09,03,0001,Tehsil - Najibabad 0001,006148, 7 KHARI BOLI,30,19,11,30,19,11,0,0,0
C0116,09,03,0001,Tehsil - Najibabad 0001,006162, 8 KUMAUNI,19,11,8,16,9,7,3,2,1
C0116,09,03,0001,Tehsil - Najibabad 0001,006242, 9 RAJASTHANI,38,15,23,4,0,4,34,15,19
C0116,09,03,0001,Tehsil - Najibabad 0001,006999,6 Others,5,0,5,5,0,5,0,0,0
C0116,09,03,0001,Tehsil - Najibabad 0001,008000,8 KASHMIRI,1,1,0,0,0,0,1,1,0
C0116,09,03,0001,Tehsil - Najibabad 0001,008002, 1 KASHMIRI,1,1,0,0,0,0,1,1,0
C0116,09,03,0001,Tehsil - Najibabad 0001,010000,10 MAITHILI,7,6,1,3,3,0,4,3,1
C0116,09,03,0001,Tehsil - Najibabad 0001,010006, 1 MAITHILI,7,6,1,3,3,0,4,3,1
C0116,09,03,0001,Tehsil - Najibabad 0001,011000,11 MALAYALAM,72,43,29,72,43,29,0,0,0
C0116,09,03,0001,Tehsil - Najibabad 0001,011013, 1 MALAYALAM,72,43,29,72,43,29,0,0,0
C0116,09,03,0001,Tehsil - Najibabad 0001,013000,13 MARATHI,6,4,2,3,2,1,3,2,1
C0116,09,03,0001,Tehsil - Najibabad 0001,013048, 1 MARATHI,6,4,2,3,2,1,3,2,1
C0116,09,03,0001,Tehsil - Najibabad 0001,014000,14 NEPALI,1120,604,516,979,529,450,141,75,66
C0116,09,03,0001,Tehsil - Najibabad 0001,014009, 1 NEPALI,1120,604,516,979,529,450,141,75,66
C0116,09,03,0001,Tehsil - Najibabad 0001,015000,15 ORIYA,1,0,1,0,0,0,1,0,1
C0116,09,03,0001,Tehsil - Najibabad 0001,015031, 1 ORIYA,1,0,1,0,0,0,1,0,1
C0116,09,03,0001,Tehsil - Najibabad 0001,016000,16 PUNJABI,4291,2241,2050,3653,1910,1743,638,331,307
C0116,09,03,0001,Tehsil - Najibabad 0001,016018, 1 PUNJABI,4192,2192,2000,3554,1861,1693,638,331,307
C0116,09,03,0001,Tehsil - Najibabad 0001,016999,16 Others,99,49,50,99,49,50,0,0,0
C0116,09,03,0001,Tehsil - Najibabad 0001,017000,17 SANSKRIT,164,92,72,164,92,72,0,0,0
C0116,09,03,0001,Tehsil - Najibabad 0001,017002, 1 SANSKRIT,164,92,72,164,92,72,0,0,0
C0116,09,03,0001,Tehsil - Najibabad 0001,019000,19 SINDHI,2,1,1,2,1,1,0,0,0
C0116,09,03,0001,Tehsil - Najibabad 0001,019013, 1 SINDHI,2,1,1,2,1,1,0,0,0
C0116,09,03,0001,Tehsil - Najibabad 0001,020000,20 TAMIL,3,3,0,2,2,0,1,1,0
C0116,09,03,0001,Tehsil - Najibabad 0001,020020, 1 TAMIL,3,3,0,2,2,0,1,1,0
C0116,09,03,0001,Tehsil - Najibabad 0001,022000,22 URDU,241543,126485,115058,119087,62305,56782,122456,64180,58276
C0116,09,03,0001,Tehsil - Najibabad 0001,022014, 1 URDU,241543,126485,115058,119087,62305,56782,122456,64180,58276
C0116,09,03,0001,Tehsil - Najibabad 0001,028000,28 ARABIC/ARBI,67,34,33,66,34,32,1,0,1
C0116,09,03,0001,Tehsil - Najibabad 0001,028001, 1 ARABIC/ARBI,67,34,33,66,34,32,1,0,1
C0116,09,03,0001,Tehsil - Najibabad 0001,040000,40 ENGLISH,3,2,1,1,1,0,2,1,1
C0116,09,03,0001,Tehsil - Najibabad 0001,040001, 1 ENGLISH,3,2,1,1,1,0,2,1,1
C0116,09,03,0001,Tehsil - Najibabad 0001,123000,123 OTHERS,6,2,4,5,2,3,1,0,1
C0116,09,03,0002,Tehsil - Bijnor 0002,001000,1 ASSAMESE,4,4,0,4,4,0,0,0,0
C0116,09,03,0002,Tehsil - Bijnor 0002,001002, 1 ASSAMESE,4,4,0,4,4,0,0,0,0
C0116,09,03,0002,Tehsil - Bijnor 0002,002000,2 BENGALI,2230,1153,1077,2217,1149,1068,13,4,9
C0116,09,03,0002,Tehsil - Bijnor 0002,002004, 1 BENGALI,2230,1153,1077,2217,1149,1068,13,4,9
C0116,09,03,0002,Tehsil - Bijnor 0002,005000,5 GUJARATI,18,7,11,1,0,1,17,7,10
C0116,09,03,0002,Tehsil - Bijnor 0002,005011, 1 GUJARATI,18,7,11,1,0,1,17,7,10
C0116,09,03,0002,Tehsil - Bijnor 0002,006000,6 HINDI,398395,212315,186080,317735,169468,148267,80660,42847,37813
C0116,09,03,0002,Tehsil - Bijnor 0002,006045, 1 BHOJPURI,15,8,7,10,7,3,5,1,4
C0116,09,03,0002,Tehsil - Bijnor 0002,006060, 2 BUNDELI/BUNDELKHANDI,35,14,21,30,13,17,5,1,4
C0116,09,03,0002,Tehsil - Bijnor 0002,006095, 3 GARHWALI,24,9,15,20,7,13,4,2,2
C0116,09,03,0002,Tehsil - Bijnor 0002,006118, 4 HINDI,397898,212051,185847,317255,169210,148045,80643,42841,37802
C0116,09,03,0002,Tehsil - Bijnor 0002,006127, 5 JAUNSARI,4,2,2,3,1,2,1,1,0
C0116,09,03,0002,Tehsil - Bijnor 0002,006162, 6 KUMAUNI,11,9,2,9,8,1,2,1,1
C0116,09,03,0002,Tehsil - Bijnor 0002,006192, 7 MARWARI,19,13,6,19,13,6,0,0,0
C0116,09,03,0002,Tehsil - Bijnor 0002,006196, 8 MEWATI,344,178,166,344,178,166,0,0,0
C0116,09,03,0002,Tehsil - Bijnor 0002,006242, 9 RAJASTHANI,29,19,10,29,19,10,0,0,0
C0116,09,03,0002,Tehsil - Bijnor 0002,006999,6 Others,16,12,4,16,12,4,0,0,0
C0116,09,03,0002,Tehsil - Bijnor 0002,008000,8 KASHMIRI,1,0,1,0,0,0,1,0,1
C0116,09,03,0002,Tehsil - Bijnor 0002,008002, 1 KASHMIRI,1,0,1,0,0,0,1,0,1
C0116,09,03,0002,Tehsil - Bijnor 0002,011000,11 MALAYALAM,29,13,16,22,12,10,7,1,6
C0116,09,03,0002,Tehsil - Bijnor 0002,011013, 1 MALAYALAM,29,13,16,22,12,10,7,1,6
C0116,09,03,0002,Tehsil - Bijnor 0002,013000,13 MARATHI,3,2,1,0,0,0,3,2,1
C0116,09,03,0002,Tehsil - Bijnor 0002,013048, 1 MARATHI,3,2,1,0,0,0,3,2,1
C0116,09,03,0002,Tehsil - Bijnor 0002,014000,14 NEPALI,1403,772,631,1104,607,497,299,165,134
C0116,09,03,0002,Tehsil - Bijnor 0002,014009, 1 NEPALI,1403,772,631,1104,607,497,299,165,134
C0116,09,03,0002,Tehsil - Bijnor 0002,015000,15 ORIYA,2,0,2,0,0,0,2,0,2
C0116,09,03,0002,Tehsil - Bijnor 0002,015031, 1 ORIYA,2,0,2,0,0,0,2,0,2
C0116,09,03,0002,Tehsil - Bijnor 0002,016000,16 PUNJABI,1811,1003,808,1492,827,665,319,176,143
C0116,09,03,0002,Tehsil - Bijnor 0002,016018, 1 PUNJABI,1710,945,765,1434,795,639,276,150,126
C0116,09,03,0002,Tehsil - Bijnor 0002,016999,16 Others,101,58,43,58,32,26,43,26,17
C0116,09,03,0002,Tehsil - Bijnor 0002,017000,17 SANSKRIT,5,2,3,0,0,0,5,2,3
C0116,09,03,0002,Tehsil - Bijnor 0002,017002, 1 SANSKRIT,5,2,3,0,0,0,5,2,3
C0116,09,03,0002,Tehsil - Bijnor 0002,019000,19 SINDHI,7,5,2,7,5,2,0,0,0
C0116,09,03,0002,Tehsil - Bijnor 0002,019013, 1 SINDHI,7,5,2,7,5,2,0,0,0
C0116,09,03,0002,Tehsil - Bijnor 0002,020000,20 TAMIL,11,10,1,0,0,0,11,10,1
C0116,09,03,0002,Tehsil - Bijnor 0002,020020, 1 TAMIL,11,10,1,0,0,0,11,10,1
C0116,09,03,0002,Tehsil - Bijnor 0002,021000,21 TELUGU,1,0,1,0,0,0,1,0,1
C0116,09,03,0002,Tehsil - Bijnor 0002,021035, 1 TELUGU,1,0,1,0,0,0,1,0,1
C0116,09,03,0002,Tehsil - Bijnor 0002,022000,22 URDU,130858,68935,61923,59410,31637,27773,71448,37298,34150
C0116,09,03,0002,Tehsil - Bijnor 0002,022014, 1 URDU,130858,68935,61923,59410,31637,27773,71448,37298,34150
C0116,09,03,0002,Tehsil - Bijnor 0002,028000,28 ARABIC/ARBI,5,1,4,3,0,3,2,1,1
C0116,09,03,0002,Tehsil - Bijnor 0002,028001, 1 ARABIC/ARBI,5,1,4,3,0,3,2,1,1
C0116,09,03,0002,Tehsil - Bijnor 0002,030000,30 BHILI/BHILODI,11,5,6,11,5,6,0,0,0
C0116,09,03,0002,Tehsil - Bijnor 0002,030032, 1 MAWCHI,11,5,6,11,5,6,0,0,0
C0116,09,03,0002,Tehsil - Bijnor 0002,040000,40 ENGLISH,3,3,0,1,1,0,2,2,0
C0116,09,03,0002,Tehsil - Bijnor 0002,040001, 1 ENGLISH,3,3,0,1,1,0,2,2,0
C0116,09,03,0002,Tehsil - Bijnor 0002,123000,123 OTHERS,33,16,17,33,16,17,0,0,0
C0116,09,03,0003,Tehsil - Nagina 0003,002000,2 BENGALI,322,159,163,290,142,148,32,17,15
C0116,09,03,0003,Tehsil - Nagina 0003,002004, 1 BENGALI,322,159,163,290,142,148,32,17,15
C0116,09,03,0003,Tehsil - Nagina 0003,004000,4 DOGRI,1,1,0,1,1,0,0,0,0
C0116,09,03,0003,Tehsil - Nagina 0003,004001, 1 DOGRI,1,1,0,1,1,0,0,0,0
C0116,09,03,0003,Tehsil - Nagina 0003,005000,5 GUJARATI,2,0,2,1,0,1,1,0,1
C0116,09,03,0003,Tehsil - Nagina 0003,005011, 1 GUJARATI,2,0,2,1,0,1,1,0,1
C0116,09,03,0003,Tehsil - Nagina 0003,006000,6 HINDI,402333,212319,190014,366524,193527,172997,35809,18792,17017
C0116,09,03,0003,Tehsil - Nagina 0003,006045, 1 BHOJPURI,117,60,57,117,60,57,0,0,0
C0116,09,03,0003,Tehsil - Nagina 0003,006059, 2 BRAJBHASHA,1,1,0,1,1,0,0,0,0
C0116,09,03,0003,Tehsil - Nagina 0003,006060, 3 BUNDELI/BUNDELKHANDI,16,7,9,15,7,8,1,0,1
C0116,09,03,0003,Tehsil - Nagina 0003,006095, 4 GARHWALI,915,431,484,914,431,483,1,0,1
C0116,09,03,0003,Tehsil - Nagina 0003,006117, 5 HARYANVI,33,19,14,33,19,14,0,0,0
C0116,09,03,0003,Tehsil - Nagina 0003,006118, 6 HINDI,400690,211520,189170,364893,192732,172161,35797,18788,17009
C0116,09,03,0003,Tehsil - Nagina 0003,006127, 7 JAUNSARI,7,4,3,7,4,3,0,0,0
C0116,09,03,0003,Tehsil - Nagina 0003,006148, 8 KHARI BOLI,460,226,234,460,226,234,0,0,0
C0116,09,03,0003,Tehsil - Nagina 0003,006162, 9 KUMAUNI,66,31,35,59,28,31,7,3,4
C0116,09,03,0003,Tehsil - Nagina 0003,006242, 10 RAJASTHANI,6,3,3,6,3,3,0,0,0
C0116,09,03,0003,Tehsil - Nagina 0003,006999,6 Others,22,17,5,19,16,3,3,1,2
C0116,09,03,0003,Tehsil - Nagina 0003,008000,8 KASHMIRI,1,1,0,0,0,0,1,1,0
C0116,09,03,0003,Tehsil - Nagina 0003,008002, 1 KASHMIRI,1,1,0,0,0,0,1,1,0
C0116,09,03,0003,Tehsil - Nagina 0003,011000,11 MALAYALAM,36,5,31,32,2,30,4,3,1
C0116,09,03,0003,Tehsil - Nagina 0003,011013, 1 MALAYALAM,36,5,31,32,2,30,4,3,1
C0116,09,03,0003,Tehsil - Nagina 0003,013000,13 MARATHI,5,3,2,0,0,0,5,3,2
C0116,09,03,0003,Tehsil - Nagina 0003,013048, 1 MARATHI,5,3,2,0,0,0,5,3,2
C0116,09,03,0003,Tehsil - Nagina 0003,014000,14 NEPALI,1211,668,543,1101,612,489,110,56,54
C0116,09,03,0003,Tehsil - Nagina 0003,014009, 1 NEPALI,1211,668,543,1101,612,489,110,56,54
C0116,09,03,0003,Tehsil - Nagina 0003,015000,15 ORIYA,16,9,7,16,9,7,0,0,0
C0116,09,03,0003,Tehsil - Nagina 0003,015031, 1 ORIYA,16,9,7,16,9,7,0,0,0
C0116,09,03,0003,Tehsil - Nagina 0003,016000,16 PUNJABI,24723,12944,11779,24223,12687,11536,500,257,243
C0116,09,03,0003,Tehsil - Nagina 0003,016018, 1 PUNJABI,23954,12539,11415,23466,12289,11177,488,250,238
C0116,09,03,0003,Tehsil - Nagina 0003,016999,16 Others,769,405,364,757,398,359,12,7,5
C0116,09,03,0003,Tehsil - Nagina 0003,017000,17 SANSKRIT,1,0,1,1,0,1,0,0,0
C0116,09,03,0003,Tehsil - Nagina 0003,017002, 1 SANSKRIT,1,0,1,1,0,1,0,0,0
C0116,09,03,0003,Tehsil - Nagina 0003,019000,19 SINDHI,2,0,2,2,0,2,0,0,0
C0116,09,03,0003,Tehsil - Nagina 0003,019013, 1 SINDHI,2,0,2,2,0,2,0,0,0
C0116,09,03,0003,Tehsil - Nagina 0003,020000,20 TAMIL,4,2,2,3,2,1,1,0,1
C0116,09,03,0003,Tehsil - Nagina 0003,020020, 1 TAMIL,4,2,2,3,2,1,1,0,1
C0116,09,03,0003,Tehsil - Nagina 0003,022000,22 URDU,196700,102443,94257,115981,60109,55872,80719,42334,38385
C0116,09,03,0003,Tehsil - Nagina 0003,022014, 1 URDU,196700,102443,94257,115981,60109,55872,80719,42334,38385
C0116,09,03,0003,Tehsil - Nagina 0003,028000,28 ARABIC/ARBI,8,4,4,0,0,0,8,4,4
C0116,09,03,0003,Tehsil - Nagina 0003,028001, 1 ARABIC/ARBI,8,4,4,0,0,0,8,4,4
C0116,09,03,0003,Tehsil - Nagina 0003,040000,40 ENGLISH,1,0,1,0,0,0,1,0,1
C0116,09,03,0003,Tehsil - Nagina 0003,040001, 1 ENGLISH,1,0,1,0,0,0,1,0,1
C0116,09,03,0004,Tehsil - Dhampur 0004,001000,1 ASSAMESE,7,7,0,7,7,0,0,0,0
C0116,09,03,0004,Tehsil - Dhampur 0004,001002, 1 ASSAMESE,7,7,0,7,7,0,0,0,0
C0116,09,03,0004,Tehsil - Dhampur 0004,002000,2 BENGALI,59,18,41,49,14,35,10,4,6
C0116,09,03,0004,Tehsil - Dhampur 0004,002004, 1 BENGALI,59,18,41,49,14,35,10,4,6
C0116,09,03,0004,Tehsil - Dhampur 0004,005000,5 GUJARATI,1,0,1,0,0,0,1,0,1
C0116,09,03,0004,Tehsil - Dhampur 0004,005011, 1 GUJARATI,1,0,1,0,0,0,1,0,1
C0116,09,03,0004,Tehsil - Dhampur 0004,006000,6 HINDI,520595,274736,245859,446029,235661,210368,74566,39075,35491
C0116,09,03,0004,Tehsil - Dhampur 0004,006008, 1 AWADHI,13,7,6,13,7,6,0,0,0
C0116,09,03,0004,Tehsil - Dhampur 0004,006045, 2 BHOJPURI,187,92,95,45,23,22,142,69,73
C0116,09,03,0004,Tehsil - Dhampur 0004,006060, 3 BUNDELI/BUNDELKHANDI,15,4,11,13,4,9,2,0,2
C0116,09,03,0004,Tehsil - Dhampur 0004,006095, 4 GARHWALI,37,23,14,26,13,13,11,10,1
C0116,09,03,0004,Tehsil - Dhampur 0004,006118, 5 HINDI,520262,274565,245697,445860,235573,210287,74402,38992,35410
C0116,09,03,0004,Tehsil - Dhampur 0004,006127, 6 JAUNSARI,8,5,3,8,5,3,0,0,0
C0116,09,03,0004,Tehsil - Dhampur 0004,006162, 7 KUMAUNI,16,7,9,7,3,4,9,4,5
C0116,09,03,0004,Tehsil - Dhampur 0004,006192, 8 MARWARI,4,3,1,4,3,1,0,0,0
C0116,09,03,0004,Tehsil - Dhampur 0004,006195, 9 MEWARI,2,1,1,2,1,1,0,0,0
C0116,09,03,0004,Tehsil - Dhampur 0004,006213, 10 PAHARI,5,3,2,5,3,2,0,0,0
C0116,09,03,0004,Tehsil - Dhampur 0004,006242, 11 RAJASTHANI,17,11,6,17,11,6,0,0,0
C0116,09,03,0004,Tehsil - Dhampur 0004,006999,6 Others,29,15,14,29,15,14,0,0,0
C0116,09,03,0004,Tehsil - Dhampur 0004,007000,7 KANNADA,2,1,1,0,0,0,2,1,1
C0116,09,03,0004,Tehsil - Dhampur 0004,007013, 1 KANNADA,2,1,1,0,0,0,2,1,1
C0116,09,03,0004,Tehsil - Dhampur 0004,011000,11 MALAYALAM,8,2,6,5,0,5,3,2,1
C0116,09,03,0004,Tehsil - Dhampur 0004,011013, 1 MALAYALAM,8,2,6,5,0,5,3,2,1
C0116,09,03,0004,Tehsil - Dhampur 0004,013000,13 MARATHI,24,15,9,6,2,4,18,13,5
C0116,09,03,0004,Tehsil - Dhampur 0004,013048, 1 MARATHI,24,15,9,6,2,4,18,13,5
C0116,09,03,0004,Tehsil - Dhampur 0004,014000,14 NEPALI,2058,1142,916,1846,1012,834,212,130,82
C0116,09,03,0004,Tehsil - Dhampur 0004,014009, 1 NEPALI,2058,1142,916,1846,1012,834,212,130,82
C0116,09,03,0004,Tehsil - Dhampur 0004,015000,15 ORIYA,7,6,1,2,1,1,5,5,0
C0116,09,03,0004,Tehsil - Dhampur 0004,015031, 1 ORIYA,7,6,1,2,1,1,5,5,0
C0116,09,03,0004,Tehsil - Dhampur 0004,016000,16 PUNJABI,1224,624,600,523,265,258,701,359,342
C0116,09,03,0004,Tehsil - Dhampur 0004,016018, 1 PUNJABI,1117,566,551,448,226,222,669,340,329
C0116,09,03,0004,Tehsil - Dhampur 0004,016999,16 Others,107,58,49,75,39,36,32,19,13
C0116,09,03,0004,Tehsil - Dhampur 0004,019000,19 SINDHI,2,2,0,0,0,0,2,2,0
C0116,09,03,0004,Tehsil - Dhampur 0004,019013, 1 SINDHI,2,2,0,0,0,0,2,2,0
C0116,09,03,0004,Tehsil - Dhampur 0004,022000,22 URDU,237426,124006,113420,98725,51028,47697,138701,72978,65723
C0116,09,03,0004,Tehsil - Dhampur 0004,022014, 1 URDU,237426,124006,113420,98725,51028,47697,138701,72978,65723
C0116,09,03,0004,Tehsil - Dhampur 0004,028000,28 ARABIC/ARBI,30,14,16,1,0,1,29,14,15
C0116,09,03,0004,Tehsil - Dhampur 0004,028001, 1 ARABIC/ARBI,30,14,16,1,0,1,29,14,15
C0116,09,03,0004,Tehsil - Dhampur 0004,040000,40 ENGLISH,1,1,0,1,1,0,0,0,0
C0116,09,03,0004,Tehsil - Dhampur 0004,040001, 1 ENGLISH,1,1,0,1,1,0,0,0,0
C0116,09,03,0004,Tehsil - Dhampur 0004,044000,44 GONDI,1,0,1,1,0,1,0,0,0
C0116,09,03,0004,Tehsil - Dhampur 0004,044006, 1 GONDI,1,0,1,1,0,1,0,0,0
C0116,09,03,0004,Tehsil - Dhampur 0004,072000,72 KURUKH/ORAON,7,4,3,7,4,3,0,0,0
C0116,09,03,0004,Tehsil - Dhampur 0004,072009, 1 KURUKH/ORAON,7,4,3,7,4,3,0,0,0
C0116,09,03,0004,Tehsil - Dhampur 0004,123000,123 OTHERS,10,6,4,10,6,4,0,0,0
C0116,09,03,0005,Tehsil - Chandpur 0005,001000,1 ASSAMESE,1,1,0,1,1,0,0,0,0
C0116,09,03,0005,Tehsil - Chandpur 0005,001002, 1 ASSAMESE,1,1,0,1,1,0,0,0,0
C0116,09,03,0005,Tehsil - Chandpur 0005,002000,2 BENGALI,125,55,70,86,36,50,39,19,20
C0116,09,03,0005,Tehsil - Chandpur 0005,002004, 1 BENGALI,125,55,70,86,36,50,39,19,20
C0116,09,03,0005,Tehsil - Chandpur 0005,006000,6 HINDI,479890,253715,226175,438868,232158,206710,41022,21557,19465
C0116,09,03,0005,Tehsil - Chandpur 0005,006045, 1 BHOJPURI,12,8,4,10,7,3,2,1,1
C0116,09,03,0005,Tehsil - Chandpur 0005,006060, 2 BUNDELI/BUNDELKHANDI,22,5,17,17,2,15,5,3,2
C0116,09,03,0005,Tehsil - Chandpur 0005,006095, 3 GARHWALI,27,20,7,26,19,7,1,1,0
C0116,09,03,0005,Tehsil - Chandpur 0005,006117, 4 HARYANVI,15,9,6,15,9,6,0,0,0
C0116,09,03,0005,Tehsil - Chandpur 0005,006118, 5 HINDI,479656,253580,226076,438645,232031,206614,41011,21549,19462
C0116,09,03,0005,Tehsil - Chandpur 0005,006127, 6 JAUNSARI,11,7,4,10,6,4,1,1,0
C0116,09,03,0005,Tehsil - Chandpur 0005,006148, 7 KHARI BOLI,111,64,47,111,64,47,0,0,0
C0116,09,03,0005,Tehsil - Chandpur 0005,006162, 8 KUMAUNI,3,1,2,2,0,2,1,1,0
C0116,09,03,0005,Tehsil - Chandpur 0005,006192, 9 MARWARI,8,4,4,8,4,4,0,0,0
C0116,09,03,0005,Tehsil - Chandpur 0005,006213, 10 PAHARI,1,0,1,1,0,1,0,0,0
C0116,09,03,0005,Tehsil - Chandpur 0005,006242, 11 RAJASTHANI,8,6,2,7,5,2,1,1,0
C0116,09,03,0005,Tehsil - Chandpur 0005,006999,6 Others,16,11,5,16,11,5,0,0,0
C0116,09,03,0005,Tehsil - Chandpur 0005,010000,10 MAITHILI,7,7,0,7,7,0,0,0,0
C0116,09,03,0005,Tehsil - Chandpur 0005,010006, 1 MAITHILI,7,7,0,7,7,0,0,0,0
C0116,09,03,0005,Tehsil - Chandpur 0005,011000,11 MALAYALAM,23,3,20,20,2,18,3,1,2
C0116,09,03,0005,Tehsil - Chandpur 0005,011013, 1 MALAYALAM,23,3,20,20,2,18,3,1,2
C0116,09,03,0005,Tehsil - Chandpur 0005,014000,14 NEPALI,1850,1052,798,1708,959,749,142,93,49
C0116,09,03,0005,Tehsil - Chandpur 0005,014009, 1 NEPALI,1850,1052,798,1708,959,749,142,93,49
C0116,09,03,0005,Tehsil - Chandpur 0005,016000,16 PUNJABI,3027,1607,1420,2517,1351,1166,510,256,254
C0116,09,03,0005,Tehsil - Chandpur 0005,016001, 1 BAGRI,19,10,9,19,10,9,0,0,0
C0116,09,03,0005,Tehsil - Chandpur 0005,016018, 2 PUNJABI,2453,1304,1149,1949,1052,897,504,252,252
C0116,09,03,0005,Tehsil - Chandpur 0005,016999,16 Others,555,293,262,549,289,260,6,4,2
C0116,09,03,0005,Tehsil - Chandpur 0005,017000,17 SANSKRIT,1,1,0,0,0,0,1,1,0
C0116,09,03,0005,Tehsil - Chandpur 0005,017002, 1 SANSKRIT,1,1,0,0,0,0,1,1,0
C0116,09,03,0005,Tehsil - Chandpur 0005,020000,20 TAMIL,18,5,13,1,1,0,17,4,13
C0116,09,03,0005,Tehsil - Chandpur 0005,020020, 1 TAMIL,18,5,13,1,1,0,17,4,13
C0116,09,03,0005,Tehsil - Chandpur 0005,022000,22 URDU,119716,62642,57074,59607,31218,28389,60109,31424,28685
C0116,09,03,0005,Tehsil - Chandpur 0005,022014, 1 URDU,119716,62642,57074,59607,31218,28389,60109,31424,28685
C0116,09,03,0005,Tehsil - Chandpur 0005,028000,28 ARABIC/ARBI,84,47,37,54,29,25,30,18,12
C0116,09,03,0005,Tehsil - Chandpur 0005,028001, 1 ARABIC/ARBI,84,47,37,54,29,25,30,18,12
C0116,09,03,0005,Tehsil - Chandpur 0005,040000,40 ENGLISH,5,4,1,2,2,0,3,2,1
C0116,09,03,0005,Tehsil - Chandpur 0005,040001, 1 ENGLISH,5,4,1,2,2,0,3,2,1
C0116,09,03,0005,Tehsil - Chandpur 0005,044000,44 GONDI,1,1,0,0,0,0,1,1,0
C0116,09,03,0005,Tehsil - Chandpur 0005,044999,44 Others,1,1,0,0,0,0,1,1,0
C0116,09,03,0005,Tehsil - Chandpur 0005,123000,123 OTHERS,14,8,6,14,8,6,0,0,0
C0116,09,04,0000,District - Moradabad  04,001000,1 ASSAMESE,27,6,21,24,3,21,3,3,0
C0116,09,04,0000,District - Moradabad  04,001002, 1 ASSAMESE,27,6,21,24,3,21,3,3,0
C0116,09,04,0000,District - Moradabad  04,002000,2 BENGALI,1566,771,795,445,179,266,1121,592,529
C0116,09,04,0000,District - Moradabad  04,002004, 1 BENGALI,1566,771,795,445,179,266,1121,592,529
C0116,09,04,0000,District - Moradabad  04,004000,4 DOGRI,2,1,1,0,0,0,2,1,1
C0116,09,04,0000,District - Moradabad  04,004001, 1 DOGRI,2,1,1,0,0,0,2,1,1
C0116,09,04,0000,District - Moradabad  04,005000,5 GUJARATI,26,13,13,0,0,0,26,13,13
C0116,09,04,0000,District - Moradabad  04,005011, 1 GUJARATI,26,13,13,0,0,0,26,13,13
C0116,09,04,0000,District - Moradabad  04,006000,6 HINDI,2791074,1492343,1298731,2157678,1155603,1002075,633396,336740,296656
C0116,09,04,0000,District - Moradabad  04,006008, 1 AWADHI,42,39,3,0,0,0,42,39,3
C0116,09,04,0000,District - Moradabad  04,006045, 2 BHOJPURI,330,239,91,96,52,44,234,187,47
C0116,09,04,0000,District - Moradabad  04,006059, 3 BRAJBHASHA,85,65,20,1,1,0,84,64,20
C0116,09,04,0000,District - Moradabad  04,006060, 4 BUNDELI/BUNDELKHANDI,190,50,140,121,19,102,69,31,38
C0116,09,04,0000,District - Moradabad  04,006095, 5 GARHWALI,719,363,356,20,12,8,699,351,348
C0116,09,04,0000,District - Moradabad  04,006117, 6 HARYANVI,39,21,18,1,0,1,38,21,17
C0116,09,04,0000,District - Moradabad  04,006118, 7 HINDI,2788784,1491089,1297695,2157269,1155440,1001829,631515,335649,295866
C0116,09,04,0000,District - Moradabad  04,006127, 8 JAUNSARI,17,7,10,12,5,7,5,2,3
C0116,09,04,0000,District - Moradabad  04,006138, 9 KANGRI,1,1,0,1,1,0,0,0,0
C0116,09,04,0000,District - Moradabad  04,006148, 10 KHARI BOLI,2,0,2,2,0,2,0,0,0
C0116,09,04,0000,District - Moradabad  04,006162, 11 KUMAUNI,571,316,255,4,4,0,567,312,255
C0116,09,04,0000,District - Moradabad  04,006192, 12 MARWARI,41,23,18,38,22,16,3,1,2
C0116,09,04,0000,District - Moradabad  04,006195, 13 MEWARI,22,13,9,15,10,5,7,3,4
C0116,09,04,0000,District - Moradabad  04,006213, 14 PAHARI,11,6,5,1,0,1,10,6,4
C0116,09,04,0000,District - Moradabad  04,006242, 15 RAJASTHANI,79,48,31,11,6,5,68,42,26
C0116,09,04,0000,District - Moradabad  04,006251, 16 SADAN/SADRI,1,0,1,0,0,0,1,0,1
C0116,09,04,0000,District - Moradabad  04,006999,6 Others,140,63,77,86,31,55,54,32,22
C0116,09,04,0000,District - Moradabad  04,007000,7 KANNADA,5,4,1,0,0,0,5,4,1
C0116,09,04,0000,District - Moradabad  04,007013, 1 KANNADA,5,4,1,0,0,0,5,4,1
C0116,09,04,0000,District - Moradabad  04,008000,8 KASHMIRI,28,22,6,10,10,0,18,12,6
C0116,09,04,0000,District - Moradabad  04,008002, 1 KASHMIRI,28,22,6,10,10,0,18,12,6
C0116,09,04,0000,District - Moradabad  04,009000,9 KONKANI,3,2,1,0,0,0,3,2,1
C0116,09,04,0000,District - Moradabad  04,009010, 1 KONKANI,3,2,1,0,0,0,3,2,1
C0116,09,04,0000,District - Moradabad  04,010000,10 MAITHILI,62,49,13,36,25,11,26,24,2
C0116,09,04,0000,District - Moradabad  04,010006, 1 MAITHILI,62,49,13,36,25,11,26,24,2
C0116,09,04,0000,District - Moradabad  04,011000,11 MALAYALAM,35,18,17,9,8,1,26,10,16
C0116,09,04,0000,District - Moradabad  04,011013, 1 MALAYALAM,35,18,17,9,8,1,26,10,16
C0116,09,04,0000,District - Moradabad  04,012000,12 MANIPURI,1,1,0,0,0,0,1,1,0
C0116,09,04,0000,District - Moradabad  04,012002, 1 MANIPURI,1,1,0,0,0,0,1,1,0
C0116,09,04,0000,District - Moradabad  04,013000,13 MARATHI,55,31,24,1,0,1,54,31,23
C0116,09,04,0000,District - Moradabad  04,013048, 1 MARATHI,47,26,21,1,0,1,46,26,20
C0116,09,04,0000,District - Moradabad  04,013999,13 Others,8,5,3,0,0,0,8,5,3
C0116,09,04,0000,District - Moradabad  04,014000,14 NEPALI,9906,5549,4357,7872,4383,3489,2034,1166,868
C0116,09,04,0000,District - Moradabad  04,014009, 1 NEPALI,9906,5549,4357,7872,4383,3489,2034,1166,868
C0116,09,04,0000,District - Moradabad  04,015000,15 ORIYA,11,6,5,3,1,2,8,5,3
C0116,09,04,0000,District - Moradabad  04,015031, 1 ORIYA,11,6,5,3,1,2,8,5,3
C0116,09,04,0000,District - Moradabad  04,016000,16 PUNJABI,5676,2961,2715,1688,883,805,3988,2078,1910
C0116,09,04,0000,District - Moradabad  04,016018, 1 PUNJABI,5231,2733,2498,1340,708,632,3891,2025,1866
C0116,09,04,0000,District - Moradabad  04,016999,16 Others,445,228,217,348,175,173,97,53,44
C0116,09,04,0000,District - Moradabad  04,017000,17 SANSKRIT,1,0,1,1,0,1,0,0,0
C0116,09,04,0000,District - Moradabad  04,017002, 1 SANSKRIT,1,0,1,1,0,1,0,0,0
C0116,09,04,0000,District - Moradabad  04,019000,19 SINDHI,41,18,23,8,5,3,33,13,20
C0116,09,04,0000,District - Moradabad  04,019013, 1 SINDHI,41,18,23,8,5,3,33,13,20
C0116,09,04,0000,District - Moradabad  04,020000,20 TAMIL,383,195,188,4,4,0,379,191,188
C0116,09,04,0000,District - Moradabad  04,020020, 1 TAMIL,383,195,188,4,4,0,379,191,188
C0116,09,04,0000,District - Moradabad  04,021000,21 TELUGU,8,4,4,0,0,0,8,4,4
C0116,09,04,0000,District - Moradabad  04,021035, 1 TELUGU,8,4,4,0,0,0,8,4,4
C0116,09,04,0000,District - Moradabad  04,022000,22 URDU,1001621,530071,471550,479327,254229,225098,522294,275842,246452
C0116,09,04,0000,District - Moradabad  04,022014, 1 URDU,1001621,530071,471550,479327,254229,225098,522294,275842,246452
C0116,09,04,0000,District - Moradabad  04,028000,28 ARABIC/ARBI,105,51,54,66,31,35,39,20,19
C0116,09,04,0000,District - Moradabad  04,028001, 1 ARABIC/ARBI,105,51,54,66,31,35,39,20,19
C0116,09,04,0000,District - Moradabad  04,040000,40 ENGLISH,169,94,75,57,33,24,112,61,51
C0116,09,04,0000,District - Moradabad  04,040001, 1 ENGLISH,169,94,75,57,33,24,112,61,51
C0116,09,04,0000,District - Moradabad  04,090000,90 MUNDA,7,6,1,0,0,0,7,6,1
C0116,09,04,0000,District - Moradabad  04,090999,90 Others,7,6,1,0,0,0,7,6,1
C0116,09,04,0000,District - Moradabad  04,123000,123 OTHERS,171,86,85,63,28,35,108,58,50
C0116,09,04,0001,Tehsil - Thakurdwara 0001,002000,2 BENGALI,136,77,59,134,76,58,2,1,1
C0116,09,04,0001,Tehsil - Thakurdwara 0001,002004, 1 BENGALI,136,77,59,134,76,58,2,1,1
C0116,09,04,0001,Tehsil - Thakurdwara 0001,006000,6 HINDI,375304,199158,176146,354225,187947,166278,21079,11211,9868
C0116,09,04,0001,Tehsil - Thakurdwara 0001,006008, 1 AWADHI,2,1,1,0,0,0,2,1,1
C0116,09,04,0001,Tehsil - Thakurdwara 0001,006045, 2 BHOJPURI,16,7,9,14,6,8,2,1,1
C0116,09,04,0001,Tehsil - Thakurdwara 0001,006060, 3 BUNDELI/BUNDELKHANDI,7,2,5,5,1,4,2,1,1
C0116,09,04,0001,Tehsil - Thakurdwara 0001,006095, 4 GARHWALI,9,5,4,7,5,2,2,0,2
C0116,09,04,0001,Tehsil - Thakurdwara 0001,006118, 5 HINDI,375247,199125,176122,354187,187928,166259,21060,11197,9863
C0116,09,04,0001,Tehsil - Thakurdwara 0001,006127, 6 JAUNSARI,1,0,1,1,0,1,0,0,0
C0116,09,04,0001,Tehsil - Thakurdwara 0001,006162, 7 KUMAUNI,1,1,0,1,1,0,0,0,0
C0116,09,04,0001,Tehsil - Thakurdwara 0001,006242, 8 RAJASTHANI,11,11,0,0,0,0,11,11,0
C0116,09,04,0001,Tehsil - Thakurdwara 0001,006999,6 Others,10,6,4,10,6,4,0,0,0
C0116,09,04,0001,Tehsil - Thakurdwara 0001,011000,11 MALAYALAM,2,1,1,2,1,1,0,0,0
C0116,09,04,0001,Tehsil - Thakurdwara 0001,011013, 1 MALAYALAM,2,1,1,2,1,1,0,0,0
C0116,09,04,0001,Tehsil - Thakurdwara 0001,013000,13 MARATHI,3,1,2,0,0,0,3,1,2
C0116,09,04,0001,Tehsil - Thakurdwara 0001,013048, 1 MARATHI,3,1,2,0,0,0,3,1,2
C0116,09,04,0001,Tehsil - Thakurdwara 0001,014000,14 NEPALI,2204,1192,1012,2102,1136,966,102,56,46
C0116,09,04,0001,Tehsil - Thakurdwara 0001,014009, 1 NEPALI,2204,1192,1012,2102,1136,966,102,56,46
C0116,09,04,0001,Tehsil - Thakurdwara 0001,016000,16 PUNJABI,909,463,446,902,458,444,7,5,2
C0116,09,04,0001,Tehsil - Thakurdwara 0001,016018, 1 PUNJABI,597,311,286,590,306,284,7,5,2
C0116,09,04,0001,Tehsil - Thakurdwara 0001,016999,16 Others,312,152,160,312,152,160,0,0,0
C0116,09,04,0001,Tehsil - Thakurdwara 0001,017000,17 SANSKRIT,1,0,1,1,0,1,0,0,0
C0116,09,04,0001,Tehsil - Thakurdwara 0001,017002, 1 SANSKRIT,1,0,1,1,0,1,0,0,0
C0116,09,04,0001,Tehsil - Thakurdwara 0001,022000,22 URDU,60575,31981,28594,46424,24496,21928,14151,7485,6666
C0116,09,04,0001,Tehsil - Thakurdwara 0001,022014, 1 URDU,60575,31981,28594,46424,24496,21928,14151,7485,6666
C0116,09,04,0001,Tehsil - Thakurdwara 0001,028000,28 ARABIC/ARBI,42,19,23,16,5,11,26,14,12
C0116,09,04,0001,Tehsil - Thakurdwara 0001,028001, 1 ARABIC/ARBI,42,19,23,16,5,11,26,14,12
C0116,09,04,0001,Tehsil - Thakurdwara 0001,040000,40 ENGLISH,1,0,1,1,0,1,0,0,0
C0116,09,04,0001,Tehsil - Thakurdwara 0001,040001, 1 ENGLISH,1,0,1,1,0,1,0,0,0
C0116,09,04,0001,Tehsil - Thakurdwara 0001,123000,123 OTHERS,14,7,7,13,6,7,1,1,0
C0116,09,04,0002,Tehsil - Moradabad 0002,001000,1 ASSAMESE,4,3,1,1,0,1,3,3,0
C0116,09,04,0002,Tehsil - Moradabad 0002,001002, 1 ASSAMESE,4,3,1,1,0,1,3,3,0
C0116,09,04,0002,Tehsil - Moradabad 0002,002000,2 BENGALI,1138,592,546,92,36,56,1046,556,490
C0116,09,04,0002,Tehsil - Moradabad 0002,002004, 1 BENGALI,1138,592,546,92,36,56,1046,556,490
C0116,09,04,0002,Tehsil - Moradabad 0002,004000,4 DOGRI,2,1,1,0,0,0,2,1,1
C0116,09,04,0002,Tehsil - Moradabad 0002,004001, 1 DOGRI,2,1,1,0,0,0,2,1,1
C0116,09,04,0002,Tehsil - Moradabad 0002,005000,5 GUJARATI,26,13,13,0,0,0,26,13,13
C0116,09,04,0002,Tehsil - Moradabad 0002,005011, 1 GUJARATI,26,13,13,0,0,0,26,13,13
C0116,09,04,0002,Tehsil - Moradabad 0002,006000,6 HINDI,1058751,563385,495366,645633,343661,301972,413118,219724,193394
C0116,09,04,0002,Tehsil - Moradabad 0002,006008, 1 AWADHI,40,38,2,0,0,0,40,38,2
C0116,09,04,0002,Tehsil - Moradabad 0002,006045, 2 BHOJPURI,253,194,59,27,13,14,226,181,45
C0116,09,04,0002,Tehsil - Moradabad 0002,006059, 3 BRAJBHASHA,85,65,20,1,1,0,84,64,20
C0116,09,04,0002,Tehsil - Moradabad 0002,006060, 4 BUNDELI/BUNDELKHANDI,88,32,56,32,8,24,56,24,32
C0116,09,04,0002,Tehsil - Moradabad 0002,006095, 5 GARHWALI,688,346,342,10,6,4,678,340,338
C0116,09,04,0002,Tehsil - Moradabad 0002,006117, 6 HARYANVI,36,20,16,1,0,1,35,20,15
C0116,09,04,0002,Tehsil - Moradabad 0002,006118, 7 HINDI,1056791,562268,494523,645491,343595,301896,411300,218673,192627
C0116,09,04,0002,Tehsil - Moradabad 0002,006127, 8 JAUNSARI,8,4,4,3,2,1,5,2,3
C0116,09,04,0002,Tehsil - Moradabad 0002,006138, 9 KANGRI,1,1,0,1,1,0,0,0,0
C0116,09,04,0002,Tehsil - Moradabad 0002,006162, 10 KUMAUNI,565,310,255,0,0,0,565,310,255
C0116,09,04,0002,Tehsil - Moradabad 0002,006192, 11 MARWARI,41,23,18,38,22,16,3,1,2
C0116,09,04,0002,Tehsil - Moradabad 0002,006195, 12 MEWARI,22,13,9,15,10,5,7,3,4
C0116,09,04,0002,Tehsil - Moradabad 0002,006213, 13 PAHARI,11,6,5,1,0,1,10,6,4
C0116,09,04,0002,Tehsil - Moradabad 0002,006242, 14 RAJASTHANI,60,31,29,3,0,3,57,31,26
C0116,09,04,0002,Tehsil - Moradabad 0002,006999,6 Others,62,34,28,10,3,7,52,31,21
C0116,09,04,0002,Tehsil - Moradabad 0002,007000,7 KANNADA,5,4,1,0,0,0,5,4,1
C0116,09,04,0002,Tehsil - Moradabad 0002,007013, 1 KANNADA,5,4,1,0,0,0,5,4,1
C0116,09,04,0002,Tehsil - Moradabad 0002,008000,8 KASHMIRI,11,5,6,0,0,0,11,5,6
C0116,09,04,0002,Tehsil - Moradabad 0002,008002, 1 KASHMIRI,11,5,6,0,0,0,11,5,6
C0116,09,04,0002,Tehsil - Moradabad 0002,009000,9 KONKANI,3,2,1,0,0,0,3,2,1
C0116,09,04,0002,Tehsil - Moradabad 0002,009010, 1 KONKANI,3,2,1,0,0,0,3,2,1
C0116,09,04,0002,Tehsil - Moradabad 0002,010000,10 MAITHILI,26,24,2,0,0,0,26,24,2
C0116,09,04,0002,Tehsil - Moradabad 0002,010006, 1 MAITHILI,26,24,2,0,0,0,26,24,2
C0116,09,04,0002,Tehsil - Moradabad 0002,011000,11 MALAYALAM,23,14,9,4,4,0,19,10,9
C0116,09,04,0002,Tehsil - Moradabad 0002,011013, 1 MALAYALAM,23,14,9,4,4,0,19,10,9
C0116,09,04,0002,Tehsil - Moradabad 0002,012000,12 MANIPURI,1,1,0,0,0,0,1,1,0
C0116,09,04,0002,Tehsil - Moradabad 0002,012002, 1 MANIPURI,1,1,0,0,0,0,1,1,0
C0116,09,04,0002,Tehsil - Moradabad 0002,013000,13 MARATHI,38,24,14,0,0,0,38,24,14
C0116,09,04,0002,Tehsil - Moradabad 0002,013048, 1 MARATHI,30,19,11,0,0,0,30,19,11
C0116,09,04,0002,Tehsil - Moradabad 0002,013999,13 Others,8,5,3,0,0,0,8,5,3
C0116,09,04,0002,Tehsil - Moradabad 0002,014000,14 NEPALI,2895,1633,1262,1408,786,622,1487,847,640
C0116,09,04,0002,Tehsil - Moradabad 0002,014009, 1 NEPALI,2895,1633,1262,1408,786,622,1487,847,640
C0116,09,04,0002,Tehsil - Moradabad 0002,015000,15 ORIYA,5,4,1,0,0,0,5,4,1
C0116,09,04,0002,Tehsil - Moradabad 0002,015031, 1 ORIYA,5,4,1,0,0,0,5,4,1
C0116,09,04,0002,Tehsil - Moradabad 0002,016000,16 PUNJABI,4226,2221,2005,742,404,338,3484,1817,1667
C0116,09,04,0002,Tehsil - Moradabad 0002,016018, 1 PUNJABI,4139,2169,1970,711,385,326,3428,1784,1644
C0116,09,04,0002,Tehsil - Moradabad 0002,016999,16 Others,87,52,35,31,19,12,56,33,23
C0116,09,04,0002,Tehsil - Moradabad 0002,019000,19 SINDHI,32,14,18,4,3,1,28,11,17
C0116,09,04,0002,Tehsil - Moradabad 0002,019013, 1 SINDHI,32,14,18,4,3,1,28,11,17
C0116,09,04,0002,Tehsil - Moradabad 0002,020000,20 TAMIL,304,153,151,1,1,0,303,152,151
C0116,09,04,0002,Tehsil - Moradabad 0002,020020, 1 TAMIL,304,153,151,1,1,0,303,152,151
C0116,09,04,0002,Tehsil - Moradabad 0002,021000,21 TELUGU,8,4,4,0,0,0,8,4,4
C0116,09,04,0002,Tehsil - Moradabad 0002,021035, 1 TELUGU,8,4,4,0,0,0,8,4,4
C0116,09,04,0002,Tehsil - Moradabad 0002,022000,22 URDU,411596,217252,194344,126563,66983,59580,285033,150269,134764
C0116,09,04,0002,Tehsil - Moradabad 0002,022014, 1 URDU,411596,217252,194344,126563,66983,59580,285033,150269,134764
C0116,09,04,0002,Tehsil - Moradabad 0002,028000,28 ARABIC/ARBI,25,12,13,13,7,6,12,5,7
C0116,09,04,0002,Tehsil - Moradabad 0002,028001, 1 ARABIC/ARBI,25,12,13,13,7,6,12,5,7
C0116,09,04,0002,Tehsil - Moradabad 0002,040000,40 ENGLISH,114,61,53,5,3,2,109,58,51
C0116,09,04,0002,Tehsil - Moradabad 0002,040001, 1 ENGLISH,114,61,53,5,3,2,109,58,51
C0116,09,04,0002,Tehsil - Moradabad 0002,090000,90 MUNDA,7,6,1,0,0,0,7,6,1
C0116,09,04,0002,Tehsil - Moradabad 0002,090999,90 Others,7,6,1,0,0,0,7,6,1
C0116,09,04,0002,Tehsil - Moradabad 0002,123000,123 OTHERS,94,51,43,8,5,3,86,46,40
C0116,09,04,0003,Tehsil - Bilari 0003,001000,1 ASSAMESE,1,0,1,1,0,1,0,0,0
C0116,09,04,0003,Tehsil - Bilari 0003,001002, 1 ASSAMESE,1,0,1,1,0,1,0,0,0
C0116,09,04,0003,Tehsil - Bilari 0003,002000,2 BENGALI,80,27,53,65,19,46,15,8,7
C0116,09,04,0003,Tehsil - Bilari 0003,002004, 1 BENGALI,80,27,53,65,19,46,15,8,7
C0116,09,04,0003,Tehsil - Bilari 0003,006000,6 HINDI,358495,192872,165623,328868,177013,151855,29627,15859,13768
C0116,09,04,0003,Tehsil - Bilari 0003,006045, 1 BHOJPURI,21,17,4,20,16,4,1,1,0
C0116,09,04,0003,Tehsil - Bilari 0003,006060, 2 BUNDELI/BUNDELKHANDI,25,4,21,19,2,17,6,2,4
C0116,09,04,0003,Tehsil - Bilari 0003,006095, 3 GARHWALI,1,1,0,1,1,0,0,0,0
C0116,09,04,0003,Tehsil - Bilari 0003,006118, 4 HINDI,358427,192840,165587,328807,176984,151823,29620,15856,13764
C0116,09,04,0003,Tehsil - Bilari 0003,006127, 5 JAUNSARI,1,0,1,1,0,1,0,0,0
C0116,09,04,0003,Tehsil - Bilari 0003,006162, 6 KUMAUNI,1,1,0,1,1,0,0,0,0
C0116,09,04,0003,Tehsil - Bilari 0003,006242, 7 RAJASTHANI,8,6,2,8,6,2,0,0,0
C0116,09,04,0003,Tehsil - Bilari 0003,006999,6 Others,11,3,8,11,3,8,0,0,0
C0116,09,04,0003,Tehsil - Bilari 0003,011000,11 MALAYALAM,1,0,1,0,0,0,1,0,1
C0116,09,04,0003,Tehsil - Bilari 0003,011013, 1 MALAYALAM,1,0,1,0,0,0,1,0,1
C0116,09,04,0003,Tehsil - Bilari 0003,014000,14 NEPALI,662,381,281,640,364,276,22,17,5
C0116,09,04,0003,Tehsil - Bilari 0003,014009, 1 NEPALI,662,381,281,640,364,276,22,17,5
C0116,09,04,0003,Tehsil - Bilari 0003,016000,16 PUNJABI,61,32,29,16,10,6,45,22,23
C0116,09,04,0003,Tehsil - Bilari 0003,016018, 1 PUNJABI,31,16,15,11,6,5,20,10,10
C0116,09,04,0003,Tehsil - Bilari 0003,016999,16 Others,30,16,14,5,4,1,25,12,13
C0116,09,04,0003,Tehsil - Bilari 0003,019000,19 SINDHI,4,3,1,1,1,0,3,2,1
C0116,09,04,0003,Tehsil - Bilari 0003,019013, 1 SINDHI,4,3,1,1,1,0,3,2,1
C0116,09,04,0003,Tehsil - Bilari 0003,022000,22 URDU,190099,100567,89532,150663,79760,70903,39436,20807,18629
C0116,09,04,0003,Tehsil - Bilari 0003,022014, 1 URDU,190099,100567,89532,150663,79760,70903,39436,20807,18629
C0116,09,04,0003,Tehsil - Bilari 0003,028000,28 ARABIC/ARBI,17,2,15,17,2,15,0,0,0
C0116,09,04,0003,Tehsil - Bilari 0003,028001, 1 ARABIC/ARBI,17,2,15,17,2,15,0,0,0
C0116,09,04,0003,Tehsil - Bilari 0003,123000,123 OTHERS,15,5,10,15,5,10,0,0,0
C0116,09,04,0004,Tehsil - Sambhal 0004,002000,2 BENGALI,130,45,85,104,36,68,26,9,17
C0116,09,04,0004,Tehsil - Sambhal 0004,002004, 1 BENGALI,130,45,85,104,36,68,26,9,17
C0116,09,04,0004,Tehsil - Sambhal 0004,006000,6 HINDI,503489,269831,233658,455247,244122,211125,48242,25709,22533
C0116,09,04,0004,Tehsil - Sambhal 0004,006045, 1 BHOJPURI,37,18,19,34,16,18,3,2,1
C0116,09,04,0004,Tehsil - Sambhal 0004,006060, 2 BUNDELI/BUNDELKHANDI,38,8,30,36,7,29,2,1,1
C0116,09,04,0004,Tehsil - Sambhal 0004,006095, 3 GARHWALI,15,8,7,0,0,0,15,8,7
C0116,09,04,0004,Tehsil - Sambhal 0004,006117, 4 HARYANVI,3,1,2,0,0,0,3,1,2
C0116,09,04,0004,Tehsil - Sambhal 0004,006118, 5 HINDI,503381,269794,233587,455165,244098,211067,48216,25696,22520
C0116,09,04,0004,Tehsil - Sambhal 0004,006127, 6 JAUNSARI,3,0,3,3,0,3,0,0,0
C0116,09,04,0004,Tehsil - Sambhal 0004,006162, 7 KUMAUNI,1,1,0,1,1,0,0,0,0
C0116,09,04,0004,Tehsil - Sambhal 0004,006251, 8 SADAN/SADRI,1,0,1,0,0,0,1,0,1
C0116,09,04,0004,Tehsil - Sambhal 0004,006999,6 Others,10,1,9,8,0,8,2,1,1
C0116,09,04,0004,Tehsil - Sambhal 0004,008000,8 KASHMIRI,7,7,0,0,0,0,7,7,0
C0116,09,04,0004,Tehsil - Sambhal 0004,008002, 1 KASHMIRI,7,7,0,0,0,0,7,7,0
C0116,09,04,0004,Tehsil - Sambhal 0004,011000,11 MALAYALAM,9,3,6,3,3,0,6,0,6
C0116,09,04,0004,Tehsil - Sambhal 0004,011013, 1 MALAYALAM,9,3,6,3,3,0,6,0,6
C0116,09,04,0004,Tehsil - Sambhal 0004,014000,14 NEPALI,1005,618,387,888,547,341,117,71,46
C0116,09,04,0004,Tehsil - Sambhal 0004,014009, 1 NEPALI,1005,618,387,888,547,341,117,71,46
C0116,09,04,0004,Tehsil - Sambhal 0004,015000,15 ORIYA,1,0,1,1,0,1,0,0,0
C0116,09,04,0004,Tehsil - Sambhal 0004,015031, 1 ORIYA,1,0,1,1,0,1,0,0,0
C0116,09,04,0004,Tehsil - Sambhal 0004,016000,16 PUNJABI,178,87,91,18,7,11,160,80,80
C0116,09,04,0004,Tehsil - Sambhal 0004,016018, 1 PUNJABI,167,82,85,18,7,11,149,75,74
C0116,09,04,0004,Tehsil - Sambhal 0004,016999,16 Others,11,5,6,0,0,0,11,5,6
C0116,09,04,0004,Tehsil - Sambhal 0004,019000,19 SINDHI,5,1,4,3,1,2,2,0,2
C0116,09,04,0004,Tehsil - Sambhal 0004,019013, 1 SINDHI,5,1,4,3,1,2,2,0,2
C0116,09,04,0004,Tehsil - Sambhal 0004,020000,20 TAMIL,3,3,0,2,2,0,1,1,0
C0116,09,04,0004,Tehsil - Sambhal 0004,020020, 1 TAMIL,3,3,0,2,2,0,1,1,0
C0116,09,04,0004,Tehsil - Sambhal 0004,022000,22 URDU,292046,154978,137068,136764,72787,63977,155282,82191,73091
C0116,09,04,0004,Tehsil - Sambhal 0004,022014, 1 URDU,292046,154978,137068,136764,72787,63977,155282,82191,73091
C0116,09,04,0004,Tehsil - Sambhal 0004,028000,28 ARABIC/ARBI,19,17,2,19,17,2,0,0,0
C0116,09,04,0004,Tehsil - Sambhal 0004,028001, 1 ARABIC/ARBI,19,17,2,19,17,2,0,0,0
C0116,09,04,0004,Tehsil - Sambhal 0004,040000,40 ENGLISH,1,1,0,0,0,0,1,1,0
C0116,09,04,0004,Tehsil - Sambhal 0004,040001, 1 ENGLISH,1,1,0,0,0,0,1,1,0
C0116,09,04,0004,Tehsil - Sambhal 0004,123000,123 OTHERS,25,13,12,18,8,10,7,5,2
C0116,09,04,0005,Tehsil - Chandausi 0005,001000,1 ASSAMESE,22,3,19,22,3,19,0,0,0
C0116,09,04,0005,Tehsil - Chandausi 0005,001002, 1 ASSAMESE,22,3,19,22,3,19,0,0,0
C0116,09,04,0005,Tehsil - Chandausi 0005,002000,2 BENGALI,82,30,52,50,12,38,32,18,14
C0116,09,04,0005,Tehsil - Chandausi 0005,002004, 1 BENGALI,82,30,52,50,12,38,32,18,14
C0116,09,04,0005,Tehsil - Chandausi 0005,006000,6 HINDI,495035,267097,227938,373705,202860,170845,121330,64237,57093
C0116,09,04,0005,Tehsil - Chandausi 0005,006045, 1 BHOJPURI,3,3,0,1,1,0,2,2,0
C0116,09,04,0005,Tehsil - Chandausi 0005,006060, 2 BUNDELI/BUNDELKHANDI,32,4,28,29,1,28,3,3,0
C0116,09,04,0005,Tehsil - Chandausi 0005,006095, 3 GARHWALI,6,3,3,2,0,2,4,3,1
C0116,09,04,0005,Tehsil - Chandausi 0005,006118, 4 HINDI,494938,267062,227876,373619,202835,170784,121319,64227,57092
C0116,09,04,0005,Tehsil - Chandausi 0005,006127, 5 JAUNSARI,4,3,1,4,3,1,0,0,0
C0116,09,04,0005,Tehsil - Chandausi 0005,006148, 6 KHARI BOLI,2,0,2,2,0,2,0,0,0
C0116,09,04,0005,Tehsil - Chandausi 0005,006162, 7 KUMAUNI,3,3,0,1,1,0,2,2,0
C0116,09,04,0005,Tehsil - Chandausi 0005,006999,6 Others,47,19,28,47,19,28,0,0,0
C0116,09,04,0005,Tehsil - Chandausi 0005,008000,8 KASHMIRI,10,10,0,10,10,0,0,0,0
C0116,09,04,0005,Tehsil - Chandausi 0005,008002, 1 KASHMIRI,10,10,0,10,10,0,0,0,0
C0116,09,04,0005,Tehsil - Chandausi 0005,010000,10 MAITHILI,36,25,11,36,25,11,0,0,0
C0116,09,04,0005,Tehsil - Chandausi 0005,010006, 1 MAITHILI,36,25,11,36,25,11,0,0,0
C0116,09,04,0005,Tehsil - Chandausi 0005,013000,13 MARATHI,14,6,8,1,0,1,13,6,7
C0116,09,04,0005,Tehsil - Chandausi 0005,013048, 1 MARATHI,14,6,8,1,0,1,13,6,7
C0116,09,04,0005,Tehsil - Chandausi 0005,014000,14 NEPALI,3140,1725,1415,2834,1550,1284,306,175,131
C0116,09,04,0005,Tehsil - Chandausi 0005,014009, 1 NEPALI,3140,1725,1415,2834,1550,1284,306,175,131
C0116,09,04,0005,Tehsil - Chandausi 0005,015000,15 ORIYA,5,2,3,2,1,1,3,1,2
C0116,09,04,0005,Tehsil - Chandausi 0005,015031, 1 ORIYA,5,2,3,2,1,1,3,1,2
C0116,09,04,0005,Tehsil - Chandausi 0005,016000,16 PUNJABI,302,158,144,10,4,6,292,154,138
C0116,09,04,0005,Tehsil - Chandausi 0005,016018, 1 PUNJABI,297,155,142,10,4,6,287,151,136
C0116,09,04,0005,Tehsil - Chandausi 0005,016999,16 Others,5,3,2,0,0,0,5,3,2
C0116,09,04,0005,Tehsil - Chandausi 0005,020000,20 TAMIL,76,39,37,1,1,0,75,38,37
C0116,09,04,0005,Tehsil - Chandausi 0005,020020, 1 TAMIL,76,39,37,1,1,0,75,38,37
C0116,09,04,0005,Tehsil - Chandausi 0005,022000,22 URDU,47305,25293,22012,18913,10203,8710,28392,15090,13302
C0116,09,04,0005,Tehsil - Chandausi 0005,022014, 1 URDU,47305,25293,22012,18913,10203,8710,28392,15090,13302
C0116,09,04,0005,Tehsil - Chandausi 0005,028000,28 ARABIC/ARBI,2,1,1,1,0,1,1,1,0
C0116,09,04,0005,Tehsil - Chandausi 0005,028001, 1 ARABIC/ARBI,2,1,1,1,0,1,1,1,0
C0116,09,04,0005,Tehsil - Chandausi 0005,040000,40 ENGLISH,53,32,21,51,30,21,2,2,0
C0116,09,04,0005,Tehsil - Chandausi 0005,040001, 1 ENGLISH,53,32,21,51,30,21,2,2,0
C0116,09,04,0005,Tehsil - Chandausi 0005,123000,123 OTHERS,23,10,13,9,4,5,14,6,8
C0116,09,05,0000,District - Rampur  05,001000,1 ASSAMESE,119,107,12,2,0,2,117,107,10
C0116,09,05,0000,District - Rampur  05,001002, 1 ASSAMESE,119,107,12,2,0,2,117,107,10
C0116,09,05,0000,District - Rampur  05,002000,2 BENGALI,9126,4735,4391,8808,4532,4276,318,203,115
C0116,09,05,0000,District - Rampur  05,002004, 1 BENGALI,9126,4735,4391,8808,4532,4276,318,203,115
C0116,09,05,0000,District - Rampur  05,004000,4 DOGRI,19,12,7,3,2,1,16,10,6
C0116,09,05,0000,District - Rampur  05,004001, 1 DOGRI,19,12,7,3,2,1,16,10,6
C0116,09,05,0000,District - Rampur  05,005000,5 GUJARATI,94,51,43,83,44,39,11,7,4
C0116,09,05,0000,District - Rampur  05,005011, 1 GUJARATI,94,51,43,83,44,39,11,7,4
C0116,09,05,0000,District - Rampur  05,006000,6 HINDI,1208265,647577,560688,1025100,550111,474989,183165,97466,85699
C0116,09,05,0000,District - Rampur  05,006008, 1 AWADHI,8,5,3,2,1,1,6,4,2
C0116,09,05,0000,District - Rampur  05,006045, 2 BHOJPURI,1463,808,655,1002,528,474,461,280,181
C0116,09,05,0000,District - Rampur  05,006059, 3 BRAJBHASHA,16,6,10,0,0,0,16,6,10
C0116,09,05,0000,District - Rampur  05,006060, 4 BUNDELI/BUNDELKHANDI,176,82,94,162,74,88,14,8,6
C0116,09,05,0000,District - Rampur  05,006095, 5 GARHWALI,380,184,196,78,42,36,302,142,160
C0116,09,05,0000,District - Rampur  05,006117, 6 HARYANVI,68,38,30,34,19,15,34,19,15
C0116,09,05,0000,District - Rampur  05,006118, 7 HINDI,1205509,646140,559369,1023615,549343,474272,181894,96797,85097
C0116,09,05,0000,District - Rampur  05,006127, 8 JAUNSARI,3,1,2,0,0,0,3,1,2
C0116,09,05,0000,District - Rampur  05,006162, 9 KUMAUNI,427,198,229,87,48,39,340,150,190
C0116,09,05,0000,District - Rampur  05,006179, 10 MAGADHI/MAGAHI,8,1,7,0,0,0,8,1,7
C0116,09,05,0000,District - Rampur  05,006213, 11 PAHARI,24,9,15,6,1,5,18,8,10
C0116,09,05,0000,District - Rampur  05,006242, 12 RAJASTHANI,35,23,12,5,4,1,30,19,11
C0116,09,05,0000,District - Rampur  05,006999,6 Others,148,82,66,109,51,58,39,31,8
C0116,09,05,0000,District - Rampur  05,007000,7 KANNADA,21,12,9,1,0,1,20,12,8
C0116,09,05,0000,District - Rampur  05,007013, 1 KANNADA,21,12,9,1,0,1,20,12,8
C0116,09,05,0000,District - Rampur  05,008000,8 KASHMIRI,6,3,3,3,1,2,3,2,1
C0116,09,05,0000,District - Rampur  05,008002, 1 KASHMIRI,6,3,3,3,1,2,3,2,1
C0116,09,05,0000,District - Rampur  05,009000,9 KONKANI,1,0,1,0,0,0,1,0,1
C0116,09,05,0000,District - Rampur  05,009010, 1 KONKANI,1,0,1,0,0,0,1,0,1
C0116,09,05,0000,District - Rampur  05,010000,10 MAITHILI,12,8,4,0,0,0,12,8,4
C0116,09,05,0000,District - Rampur  05,010006, 1 MAITHILI,12,8,4,0,0,0,12,8,4
C0116,09,05,0000,District - Rampur  05,011000,11 MALAYALAM,130,60,70,28,11,17,102,49,53
C0116,09,05,0000,District - Rampur  05,011013, 1 MALAYALAM,128,60,68,26,11,15,102,49,53
C0116,09,05,0000,District - Rampur  05,011999,11 Others,2,0,2,2,0,2,0,0,0
C0116,09,05,0000,District - Rampur  05,012000,12 MANIPURI,43,43,0,0,0,0,43,43,0
C0116,09,05,0000,District - Rampur  05,012002, 1 MANIPURI,39,39,0,0,0,0,39,39,0
C0116,09,05,0000,District - Rampur  05,012999,12 Others,4,4,0,0,0,0,4,4,0
C0116,09,05,0000,District - Rampur  05,013000,13 MARATHI,154,127,27,7,3,4,147,124,23
C0116,09,05,0000,District - Rampur  05,013048, 1 MARATHI,154,127,27,7,3,4,147,124,23
C0116,09,05,0000,District - Rampur  05,014000,14 NEPALI,223,120,103,122,60,62,101,60,41
C0116,09,05,0000,District - Rampur  05,014009, 1 NEPALI,223,120,103,122,60,62,101,60,41
C0116,09,05,0000,District - Rampur  05,015000,15 ORIYA,37,20,17,10,9,1,27,11,16
C0116,09,05,0000,District - Rampur  05,015031, 1 ORIYA,37,20,17,10,9,1,27,11,16
C0116,09,05,0000,District - Rampur  05,016000,16 PUNJABI,63856,33368,30488,58587,30587,28000,5269,2781,2488
C0116,09,05,0000,District - Rampur  05,016018, 1 PUNJABI,62671,32723,29948,57444,29962,27482,5227,2761,2466
C0116,09,05,0000,District - Rampur  05,016999,16 Others,1185,645,540,1143,625,518,42,20,22
C0116,09,05,0000,District - Rampur  05,017000,17 SANSKRIT,5,3,2,2,1,1,3,2,1
C0116,09,05,0000,District - Rampur  05,017002, 1 SANSKRIT,5,3,2,2,1,1,3,2,1
C0116,09,05,0000,District - Rampur  05,019000,19 SINDHI,10,5,5,2,2,0,8,3,5
C0116,09,05,0000,District - Rampur  05,019013, 1 SINDHI,10,5,5,2,2,0,8,3,5
C0116,09,05,0000,District - Rampur  05,020000,20 TAMIL,55,34,21,11,6,5,44,28,16
C0116,09,05,0000,District - Rampur  05,020020, 1 TAMIL,54,34,20,10,6,4,44,28,16
C0116,09,05,0000,District - Rampur  05,020999,20 Others,1,0,1,1,0,1,0,0,0
C0116,09,05,0000,District - Rampur  05,021000,21 TELUGU,12,9,3,0,0,0,12,9,3
C0116,09,05,0000,District - Rampur  05,021035, 1 TELUGU,12,9,3,0,0,0,12,9,3
C0116,09,05,0000,District - Rampur  05,022000,22 URDU,640918,337158,303760,350350,185753,164597,290568,151405,139163
C0116,09,05,0000,District - Rampur  05,022014, 1 URDU,640918,337158,303760,350350,185753,164597,290568,151405,139163
C0116,09,05,0000,District - Rampur  05,028000,28 ARABIC/ARBI,72,30,42,43,16,27,29,14,15
C0116,09,05,0000,District - Rampur  05,028001, 1 ARABIC/ARBI,72,30,42,43,16,27,29,14,15
C0116,09,05,0000,District - Rampur  05,033000,33 BISHNUPURIYA,1,1,0,0,0,0,1,1,0
C0116,09,05,0000,District - Rampur  05,033001, 1 BISHNUPRIYA MANIPURI/MANIPURI BISHNUPRIYA,1,1,0,0,0,0,1,1,0
C0116,09,05,0000,District - Rampur  05,040000,40 ENGLISH,480,254,226,86,49,37,394,205,189
C0116,09,05,0000,District - Rampur  05,040001, 1 ENGLISH,480,254,226,86,49,37,394,205,189
C0116,09,05,0000,District - Rampur  05,044000,44 GONDI,3,3,0,0,0,0,3,3,0
C0116,09,05,0000,District - Rampur  05,044999,44 Others,3,3,0,0,0,0,3,3,0
C0116,09,05,0000,District - Rampur  05,061000,61 KOCH,1,0,1,1,0,1,0,0,0
C0116,09,05,0000,District - Rampur  05,061999,61 Others,1,0,1,1,0,1,0,0,0
C0116,09,05,0000,District - Rampur  05,072000,72 KURUKH/ORAON,3,0,3,0,0,0,3,0,3
C0116,09,05,0000,District - Rampur  05,072009, 1 KURUKH/ORAON,3,0,3,0,0,0,3,0,3
C0116,09,05,0000,District - Rampur  05,123000,123 OTHERS,73,35,38,37,17,20,36,18,18
C0116,09,05,0001,Tehsil - Suar 0001,001000,1 ASSAMESE,30,30,0,0,0,0,30,30,0
C0116,09,05,0001,Tehsil - Suar 0001,001002, 1 ASSAMESE,30,30,0,0,0,0,30,30,0
C0116,09,05,0001,Tehsil - Suar 0001,002000,2 BENGALI,157,103,54,106,54,52,51,49,2
C0116,09,05,0001,Tehsil - Suar 0001,002004, 1 BENGALI,157,103,54,106,54,52,51,49,2
C0116,09,05,0001,Tehsil - Suar 0001,005000,5 GUJARATI,83,44,39,83,44,39,0,0,0
C0116,09,05,0001,Tehsil - Suar 0001,005011, 1 GUJARATI,83,44,39,83,44,39,0,0,0
C0116,09,05,0001,Tehsil - Suar 0001,006000,6 HINDI,233191,124374,108817,210885,112538,98347,22306,11836,10470
C0116,09,05,0001,Tehsil - Suar 0001,006045, 1 BHOJPURI,133,75,58,33,20,13,100,55,45
C0116,09,05,0001,Tehsil - Suar 0001,006060, 2 BUNDELI/BUNDELKHANDI,10,6,4,10,6,4,0,0,0
C0116,09,05,0001,Tehsil - Suar 0001,006117, 3 HARYANVI,23,13,10,23,13,10,0,0,0
C0116,09,05,0001,Tehsil - Suar 0001,006118, 4 HINDI,233016,124275,108741,210810,112494,98316,22206,11781,10425
C0116,09,05,0001,Tehsil - Suar 0001,006162, 5 KUMAUNI,5,4,1,5,4,1,0,0,0
C0116,09,05,0001,Tehsil - Suar 0001,006242, 6 RAJASTHANI,1,1,0,1,1,0,0,0,0
C0116,09,05,0001,Tehsil - Suar 0001,006999,6 Others,3,0,3,3,0,3,0,0,0
C0116,09,05,0001,Tehsil - Suar 0001,011000,11 MALAYALAM,14,5,9,4,1,3,10,4,6
C0116,09,05,0001,Tehsil - Suar 0001,011013, 1 MALAYALAM,13,5,8,3,1,2,10,4,6
C0116,09,05,0001,Tehsil - Suar 0001,011999,11 Others,1,0,1,1,0,1,0,0,0
C0116,09,05,0001,Tehsil - Suar 0001,012000,12 MANIPURI,26,26,0,0,0,0,26,26,0
C0116,09,05,0001,Tehsil - Suar 0001,012002, 1 MANIPURI,22,22,0,0,0,0,22,22,0
C0116,09,05,0001,Tehsil - Suar 0001,012999,12 Others,4,4,0,0,0,0,4,4,0
C0116,09,05,0001,Tehsil - Suar 0001,013000,13 MARATHI,10,7,3,5,2,3,5,5,0
C0116,09,05,0001,Tehsil - Suar 0001,013048, 1 MARATHI,10,7,3,5,2,3,5,5,0
C0116,09,05,0001,Tehsil - Suar 0001,014000,14 NEPALI,29,12,17,22,8,14,7,4,3
C0116,09,05,0001,Tehsil - Suar 0001,014009, 1 NEPALI,29,12,17,22,8,14,7,4,3
C0116,09,05,0001,Tehsil - Suar 0001,015000,15 ORIYA,1,0,1,1,0,1,0,0,0
C0116,09,05,0001,Tehsil - Suar 0001,015031, 1 ORIYA,1,0,1,1,0,1,0,0,0
C0116,09,05,0001,Tehsil - Suar 0001,016000,16 PUNJABI,18848,9784,9064,18705,9694,9011,143,90,53
C0116,09,05,0001,Tehsil - Suar 0001,016018, 1 PUNJABI,18528,9610,8918,18395,9526,8869,133,84,49
C0116,09,05,0001,Tehsil - Suar 0001,016999,16 Others,320,174,146,310,168,142,10,6,4
C0116,09,05,0001,Tehsil - Suar 0001,020000,20 TAMIL,2,1,1,1,0,1,1,1,0
C0116,09,05,0001,Tehsil - Suar 0001,020020, 1 TAMIL,1,1,0,0,0,0,1,1,0
C0116,09,05,0001,Tehsil - Suar 0001,020999,20 Others,1,0,1,1,0,1,0,0,0
C0116,09,05,0001,Tehsil - Suar 0001,022000,22 URDU,205864,109417,96447,147155,78092,69063,58709,31325,27384
C0116,09,05,0001,Tehsil - Suar 0001,022014, 1 URDU,205864,109417,96447,147155,78092,69063,58709,31325,27384
C0116,09,05,0001,Tehsil - Suar 0001,028000,28 ARABIC/ARBI,7,3,4,7,3,4,0,0,0
C0116,09,05,0001,Tehsil - Suar 0001,028001, 1 ARABIC/ARBI,7,3,4,7,3,4,0,0,0
C0116,09,05,0001,Tehsil - Suar 0001,033000,33 BISHNUPURIYA,1,1,0,0,0,0,1,1,0
C0116,09,05,0001,Tehsil - Suar 0001,033001, 1 BISHNUPRIYA MANIPURI/MANIPURI BISHNUPRIYA,1,1,0,0,0,0,1,1,0
C0116,09,05,0001,Tehsil - Suar 0001,040000,40 ENGLISH,102,53,49,1,0,1,101,53,48
C0116,09,05,0001,Tehsil - Suar 0001,040001, 1 ENGLISH,102,53,49,1,0,1,101,53,48
C0116,09,05,0001,Tehsil - Suar 0001,123000,123 OTHERS,2,1,1,1,0,1,1,1,0
C0116,09,05,0002,Tehsil - Bilaspur 0002,001000,1 ASSAMESE,1,0,1,1,0,1,0,0,0
C0116,09,05,0002,Tehsil - Bilaspur 0002,001002, 1 ASSAMESE,1,0,1,1,0,1,0,0,0
C0116,09,05,0002,Tehsil - Bilaspur 0002,002000,2 BENGALI,8608,4452,4156,8559,4423,4136,49,29,20
C0116,09,05,0002,Tehsil - Bilaspur 0002,002004, 1 BENGALI,8608,4452,4156,8559,4423,4136,49,29,20
C0116,09,05,0002,Tehsil - Bilaspur 0002,006000,6 HINDI,135368,72418,62950,102100,54668,47432,33268,17750,15518
C0116,09,05,0002,Tehsil - Bilaspur 0002,006045, 1 BHOJPURI,927,487,440,926,486,440,1,1,0
C0116,09,05,0002,Tehsil - Bilaspur 0002,006060, 2 BUNDELI/BUNDELKHANDI,106,57,49,104,55,49,2,2,0
C0116,09,05,0002,Tehsil - Bilaspur 0002,006095, 3 GARHWALI,55,29,26,55,29,26,0,0,0
C0116,09,05,0002,Tehsil - Bilaspur 0002,006117, 4 HARYANVI,26,16,10,11,6,5,15,10,5
C0116,09,05,0002,Tehsil - Bilaspur 0002,006118, 5 HINDI,134211,71813,62398,100967,54078,46889,33244,17735,15509
C0116,09,05,0002,Tehsil - Bilaspur 0002,006162, 6 KUMAUNI,13,6,7,10,4,6,3,2,1
C0116,09,05,0002,Tehsil - Bilaspur 0002,006213, 7 PAHARI,6,1,5,6,1,5,0,0,0
C0116,09,05,0002,Tehsil - Bilaspur 0002,006999,6 Others,24,9,15,21,9,12,3,0,3
C0116,09,05,0002,Tehsil - Bilaspur 0002,007000,7 KANNADA,1,0,1,1,0,1,0,0,0
C0116,09,05,0002,Tehsil - Bilaspur 0002,007013, 1 KANNADA,1,0,1,1,0,1,0,0,0
C0116,09,05,0002,Tehsil - Bilaspur 0002,011000,11 MALAYALAM,1,0,1,1,0,1,0,0,0
C0116,09,05,0002,Tehsil - Bilaspur 0002,011013, 1 MALAYALAM,1,0,1,1,0,1,0,0,0
C0116,09,05,0002,Tehsil - Bilaspur 0002,014000,14 NEPALI,64,33,31,37,18,19,27,15,12
C0116,09,05,0002,Tehsil - Bilaspur 0002,014009, 1 NEPALI,64,33,31,37,18,19,27,15,12
C0116,09,05,0002,Tehsil - Bilaspur 0002,015000,15 ORIYA,9,9,0,9,9,0,0,0,0
C0116,09,05,0002,Tehsil - Bilaspur 0002,015031, 1 ORIYA,9,9,0,9,9,0,0,0,0
C0116,09,05,0002,Tehsil - Bilaspur 0002,016000,16 PUNJABI,36194,18941,17253,34438,18020,16418,1756,921,835
C0116,09,05,0002,Tehsil - Bilaspur 0002,016018, 1 PUNJABI,35508,18570,16938,33752,17649,16103,1756,921,835
C0116,09,05,0002,Tehsil - Bilaspur 0002,016999,16 Others,686,371,315,686,371,315,0,0,0
C0116,09,05,0002,Tehsil - Bilaspur 0002,017000,17 SANSKRIT,2,1,1,2,1,1,0,0,0
C0116,09,05,0002,Tehsil - Bilaspur 0002,017002, 1 SANSKRIT,2,1,1,2,1,1,0,0,0
C0116,09,05,0002,Tehsil - Bilaspur 0002,020000,20 TAMIL,4,2,2,4,2,2,0,0,0
C0116,09,05,0002,Tehsil - Bilaspur 0002,020020, 1 TAMIL,4,2,2,4,2,2,0,0,0
C0116,09,05,0002,Tehsil - Bilaspur 0002,022000,22 URDU,58223,30622,27601,33819,17873,15946,24404,12749,11655
C0116,09,05,0002,Tehsil - Bilaspur 0002,022014, 1 URDU,58223,30622,27601,33819,17873,15946,24404,12749,11655
C0116,09,05,0002,Tehsil - Bilaspur 0002,028000,28 ARABIC/ARBI,14,6,8,0,0,0,14,6,8
C0116,09,05,0002,Tehsil - Bilaspur 0002,028001, 1 ARABIC/ARBI,14,6,8,0,0,0,14,6,8
C0116,09,05,0002,Tehsil - Bilaspur 0002,040000,40 ENGLISH,104,55,49,0,0,0,104,55,49
C0116,09,05,0002,Tehsil - Bilaspur 0002,040001, 1 ENGLISH,104,55,49,0,0,0,104,55,49
C0116,09,05,0002,Tehsil - Bilaspur 0002,061000,61 KOCH,1,0,1,1,0,1,0,0,0
C0116,09,05,0002,Tehsil - Bilaspur 0002,061999,61 Others,1,0,1,1,0,1,0,0,0
C0116,09,05,0002,Tehsil - Bilaspur 0002,123000,123 OTHERS,27,15,12,27,15,12,0,0,0
C0116,09,05,0003,Tehsil - Rampur 0003,001000,1 ASSAMESE,87,77,10,0,0,0,87,77,10
C0116,09,05,0003,Tehsil - Rampur 0003,001002, 1 ASSAMESE,87,77,10,0,0,0,87,77,10
C0116,09,05,0003,Tehsil - Rampur 0003,002000,2 BENGALI,259,137,122,68,30,38,191,107,84
C0116,09,05,0003,Tehsil - Rampur 0003,002004, 1 BENGALI,259,137,122,68,30,38,191,107,84
C0116,09,05,0003,Tehsil - Rampur 0003,004000,4 DOGRI,19,12,7,3,2,1,16,10,6
C0116,09,05,0003,Tehsil - Rampur 0003,004001, 1 DOGRI,19,12,7,3,2,1,16,10,6
C0116,09,05,0003,Tehsil - Rampur 0003,005000,5 GUJARATI,11,7,4,0,0,0,11,7,4
C0116,09,05,0003,Tehsil - Rampur 0003,005011, 1 GUJARATI,11,7,4,0,0,0,11,7,4
C0116,09,05,0003,Tehsil - Rampur 0003,006000,6 HINDI,328107,175404,152703,238163,127627,110536,89944,47777,42167
C0116,09,05,0003,Tehsil - Rampur 0003,006008, 1 AWADHI,6,4,2,0,0,0,6,4,2
C0116,09,05,0003,Tehsil - Rampur 0003,006045, 2 BHOJPURI,382,236,146,22,12,10,360,224,136
C0116,09,05,0003,Tehsil - Rampur 0003,006059, 3 BRAJBHASHA,16,6,10,0,0,0,16,6,10
C0116,09,05,0003,Tehsil - Rampur 0003,006060, 4 BUNDELI/BUNDELKHANDI,23,5,18,15,1,14,8,4,4
C0116,09,05,0003,Tehsil - Rampur 0003,006095, 5 GARHWALI,320,153,167,18,11,7,302,142,160
C0116,09,05,0003,Tehsil - Rampur 0003,006117, 6 HARYANVI,19,9,10,0,0,0,19,9,10
C0116,09,05,0003,Tehsil - Rampur 0003,006118, 7 HINDI,326777,174713,152064,237976,127533,110443,88801,47180,41621
C0116,09,05,0003,Tehsil - Rampur 0003,006127, 8 JAUNSARI,3,1,2,0,0,0,3,1,2
C0116,09,05,0003,Tehsil - Rampur 0003,006162, 9 KUMAUNI,409,188,221,72,40,32,337,148,189
C0116,09,05,0003,Tehsil - Rampur 0003,006179, 10 MAGADHI/MAGAHI,8,1,7,0,0,0,8,1,7
C0116,09,05,0003,Tehsil - Rampur 0003,006213, 11 PAHARI,18,8,10,0,0,0,18,8,10
C0116,09,05,0003,Tehsil - Rampur 0003,006242, 12 RAJASTHANI,34,22,12,4,3,1,30,19,11
C0116,09,05,0003,Tehsil - Rampur 0003,006999,6 Others,92,58,34,56,27,29,36,31,5
C0116,09,05,0003,Tehsil - Rampur 0003,007000,7 KANNADA,20,12,8,0,0,0,20,12,8
C0116,09,05,0003,Tehsil - Rampur 0003,007013, 1 KANNADA,20,12,8,0,0,0,20,12,8
C0116,09,05,0003,Tehsil - Rampur 0003,008000,8 KASHMIRI,6,3,3,3,1,2,3,2,1
C0116,09,05,0003,Tehsil - Rampur 0003,008002, 1 KASHMIRI,6,3,3,3,1,2,3,2,1
C0116,09,05,0003,Tehsil - Rampur 0003,009000,9 KONKANI,1,0,1,0,0,0,1,0,1
C0116,09,05,0003,Tehsil - Rampur 0003,009010, 1 KONKANI,1,0,1,0,0,0,1,0,1
C0116,09,05,0003,Tehsil - Rampur 0003,010000,10 MAITHILI,12,8,4,0,0,0,12,8,4
C0116,09,05,0003,Tehsil - Rampur 0003,010006, 1 MAITHILI,12,8,4,0,0,0,12,8,4
C0116,09,05,0003,Tehsil - Rampur 0003,011000,11 MALAYALAM,114,55,59,23,10,13,91,45,46
C0116,09,05,0003,Tehsil - Rampur 0003,011013, 1 MALAYALAM,113,55,58,22,10,12,91,45,46
C0116,09,05,0003,Tehsil - Rampur 0003,011999,11 Others,1,0,1,1,0,1,0,0,0
C0116,09,05,0003,Tehsil - Rampur 0003,012000,12 MANIPURI,17,17,0,0,0,0,17,17,0
C0116,09,05,0003,Tehsil - Rampur 0003,012002, 1 MANIPURI,17,17,0,0,0,0,17,17,0
C0116,09,05,0003,Tehsil - Rampur 0003,013000,13 MARATHI,143,119,24,1,0,1,142,119,23
C0116,09,05,0003,Tehsil - Rampur 0003,013048, 1 MARATHI,143,119,24,1,0,1,142,119,23
C0116,09,05,0003,Tehsil - Rampur 0003,014000,14 NEPALI,94,60,34,28,19,9,66,41,25
C0116,09,05,0003,Tehsil - Rampur 0003,014009, 1 NEPALI,94,60,34,28,19,9,66,41,25
C0116,09,05,0003,Tehsil - Rampur 0003,015000,15 ORIYA,27,11,16,0,0,0,27,11,16
C0116,09,05,0003,Tehsil - Rampur 0003,015031, 1 ORIYA,27,11,16,0,0,0,27,11,16
C0116,09,05,0003,Tehsil - Rampur 0003,016000,16 PUNJABI,4511,2374,2137,1195,633,562,3316,1741,1575
C0116,09,05,0003,Tehsil - Rampur 0003,016018, 1 PUNJABI,4463,2349,2114,1179,622,557,3284,1727,1557
C0116,09,05,0003,Tehsil - Rampur 0003,016999,16 Others,48,25,23,16,11,5,32,14,18
C0116,09,05,0003,Tehsil - Rampur 0003,017000,17 SANSKRIT,3,2,1,0,0,0,3,2,1
C0116,09,05,0003,Tehsil - Rampur 0003,017002, 1 SANSKRIT,3,2,1,0,0,0,3,2,1
C0116,09,05,0003,Tehsil - Rampur 0003,019000,19 SINDHI,8,3,5,0,0,0,8,3,5
C0116,09,05,0003,Tehsil - Rampur 0003,019013, 1 SINDHI,8,3,5,0,0,0,8,3,5
C0116,09,05,0003,Tehsil - Rampur 0003,020000,20 TAMIL,48,30,18,5,3,2,43,27,16
C0116,09,05,0003,Tehsil - Rampur 0003,020020, 1 TAMIL,48,30,18,5,3,2,43,27,16
C0116,09,05,0003,Tehsil - Rampur 0003,021000,21 TELUGU,12,9,3,0,0,0,12,9,3
C0116,09,05,0003,Tehsil - Rampur 0003,021035, 1 TELUGU,12,9,3,0,0,0,12,9,3
C0116,09,05,0003,Tehsil - Rampur 0003,022000,22 URDU,320148,166977,153171,132909,70465,62444,187239,96512,90727
C0116,09,05,0003,Tehsil - Rampur 0003,022014, 1 URDU,320148,166977,153171,132909,70465,62444,187239,96512,90727
C0116,09,05,0003,Tehsil - Rampur 0003,028000,28 ARABIC/ARBI,50,21,29,35,13,22,15,8,7
C0116,09,05,0003,Tehsil - Rampur 0003,028001, 1 ARABIC/ARBI,50,21,29,35,13,22,15,8,7
C0116,09,05,0003,Tehsil - Rampur 0003,040000,40 ENGLISH,192,99,93,3,2,1,189,97,92
C0116,09,05,0003,Tehsil - Rampur 0003,040001, 1 ENGLISH,192,99,93,3,2,1,189,97,92
C0116,09,05,0003,Tehsil - Rampur 0003,044000,44 GONDI,3,3,0,0,0,0,3,3,0
C0116,09,05,0003,Tehsil - Rampur 0003,044999,44 Others,3,3,0,0,0,0,3,3,0
C0116,09,05,0003,Tehsil - Rampur 0003,072000,72 KURUKH/ORAON,3,0,3,0,0,0,3,0,3
C0116,09,05,0003,Tehsil - Rampur 0003,072009, 1 KURUKH/ORAON,3,0,3,0,0,0,3,0,3
C0116,09,05,0003,Tehsil - Rampur 0003,123000,123 OTHERS,43,19,24,8,2,6,35,17,18
C0116,09,05,0004,Tehsil - Shahabad 0004,001000,1 ASSAMESE,1,0,1,1,0,1,0,0,0
C0116,09,05,0004,Tehsil - Shahabad 0004,001002, 1 ASSAMESE,1,0,1,1,0,1,0,0,0
C0116,09,05,0004,Tehsil - Shahabad 0004,002000,2 BENGALI,73,37,36,46,19,27,27,18,9
C0116,09,05,0004,Tehsil - Shahabad 0004,002004, 1 BENGALI,73,37,36,46,19,27,27,18,9
C0116,09,05,0004,Tehsil - Shahabad 0004,006000,6 HINDI,250508,135275,115233,233724,126231,107493,16784,9044,7740
C0116,09,05,0004,Tehsil - Shahabad 0004,006008, 1 AWADHI,1,0,1,1,0,1,0,0,0
C0116,09,05,0004,Tehsil - Shahabad 0004,006045, 2 BHOJPURI,9,4,5,9,4,5,0,0,0
C0116,09,05,0004,Tehsil - Shahabad 0004,006060, 3 BUNDELI/BUNDELKHANDI,23,10,13,23,10,13,0,0,0
C0116,09,05,0004,Tehsil - Shahabad 0004,006118, 4 HINDI,250468,135258,115210,233684,126214,107470,16784,9044,7740
C0116,09,05,0004,Tehsil - Shahabad 0004,006999,6 Others,7,3,4,7,3,4,0,0,0
C0116,09,05,0004,Tehsil - Shahabad 0004,011000,11 MALAYALAM,1,0,1,0,0,0,1,0,1
C0116,09,05,0004,Tehsil - Shahabad 0004,011013, 1 MALAYALAM,1,0,1,0,0,0,1,0,1
C0116,09,05,0004,Tehsil - Shahabad 0004,014000,14 NEPALI,20,6,14,19,6,13,1,0,1
C0116,09,05,0004,Tehsil - Shahabad 0004,014009, 1 NEPALI,20,6,14,19,6,13,1,0,1
C0116,09,05,0004,Tehsil - Shahabad 0004,016000,16 PUNJABI,489,256,233,489,256,233,0,0,0
C0116,09,05,0004,Tehsil - Shahabad 0004,016018, 1 PUNJABI,489,256,233,489,256,233,0,0,0
C0116,09,05,0004,Tehsil - Shahabad 0004,019000,19 SINDHI,2,2,0,2,2,0,0,0,0
C0116,09,05,0004,Tehsil - Shahabad 0004,019013, 1 SINDHI,2,2,0,2,2,0,0,0,0
C0116,09,05,0004,Tehsil - Shahabad 0004,022000,22 URDU,38128,20267,17861,22571,11936,10635,15557,8331,7226
C0116,09,05,0004,Tehsil - Shahabad 0004,022014, 1 URDU,38128,20267,17861,22571,11936,10635,15557,8331,7226
C0116,09,05,0004,Tehsil - Shahabad 0004,028000,28 ARABIC/ARBI,1,0,1,1,0,1,0,0,0
C0116,09,05,0004,Tehsil - Shahabad 0004,028001, 1 ARABIC/ARBI,1,0,1,1,0,1,0,0,0
C0116,09,05,0004,Tehsil - Shahabad 0004,040000,40 ENGLISH,2,2,0,2,2,0,0,0,0
C0116,09,05,0004,Tehsil - Shahabad 0004,040001, 1 ENGLISH,2,2,0,2,2,0,0,0,0
C0116,09,05,0005,Tehsil - Milak 0005,002000,2 BENGALI,29,6,23,29,6,23,0,0,0
C0116,09,05,0005,Tehsil - Milak 0005,002004, 1 BENGALI,29,6,23,29,6,23,0,0,0
C0116,09,05,0005,Tehsil - Milak 0005,006000,6 HINDI,261091,140106,120985,240228,129047,111181,20863,11059,9804
C0116,09,05,0005,Tehsil - Milak 0005,006008, 1 AWADHI,1,1,0,1,1,0,0,0,0
C0116,09,05,0005,Tehsil - Milak 0005,006045, 2 BHOJPURI,12,6,6,12,6,6,0,0,0
C0116,09,05,0005,Tehsil - Milak 0005,006060, 3 BUNDELI/BUNDELKHANDI,14,4,10,10,2,8,4,2,2
C0116,09,05,0005,Tehsil - Milak 0005,006095, 4 GARHWALI,5,2,3,5,2,3,0,0,0
C0116,09,05,0005,Tehsil - Milak 0005,006118, 5 HINDI,261037,140081,120956,240178,129024,111154,20859,11057,9802
C0116,09,05,0005,Tehsil - Milak 0005,006999,6 Others,22,12,10,22,12,10,0,0,0
C0116,09,05,0005,Tehsil - Milak 0005,013000,13 MARATHI,1,1,0,1,1,0,0,0,0
C0116,09,05,0005,Tehsil - Milak 0005,013048, 1 MARATHI,1,1,0,1,1,0,0,0,0
C0116,09,05,0005,Tehsil - Milak 0005,014000,14 NEPALI,16,9,7,16,9,7,0,0,0
C0116,09,05,0005,Tehsil - Milak 0005,014009, 1 NEPALI,16,9,7,16,9,7,0,0,0
C0116,09,05,0005,Tehsil - Milak 0005,016000,16 PUNJABI,3814,2013,1801,3760,1984,1776,54,29,25
C0116,09,05,0005,Tehsil - Milak 0005,016018, 1 PUNJABI,3683,1938,1745,3629,1909,1720,54,29,25
C0116,09,05,0005,Tehsil - Milak 0005,016999,16 Others,131,75,56,131,75,56,0,0,0
C0116,09,05,0005,Tehsil - Milak 0005,020000,20 TAMIL,1,1,0,1,1,0,0,0,0
C0116,09,05,0005,Tehsil - Milak 0005,020020, 1 TAMIL,1,1,0,1,1,0,0,0,0
C0116,09,05,0005,Tehsil - Milak 0005,022000,22 URDU,18555,9875,8680,13896,7387,6509,4659,2488,2171
C0116,09,05,0005,Tehsil - Milak 0005,022014, 1 URDU,18555,9875,8680,13896,7387,6509,4659,2488,2171
C0116,09,05,0005,Tehsil - Milak 0005,040000,40 ENGLISH,80,45,35,80,45,35,0,0,0
C0116,09,05,0005,Tehsil - Milak 0005,040001, 1 ENGLISH,80,45,35,80,45,35,0,0,0
C0116,09,05,0005,Tehsil - Milak 0005,123000,123 OTHERS,1,0,1,1,0,1,0,0,0
C0116,09,06,0000,District - Jyotiba Phule Nagar *  06,001000,1 ASSAMESE,3,2,1,3,2,1,0,0,0
C0116,09,06,0000,District - Jyotiba Phule Nagar *  06,001002, 1 ASSAMESE,3,2,1,3,2,1,0,0,0
C0116,09,06,0000,District - Jyotiba Phule Nagar *  06,002000,2 BENGALI,287,116,171,199,77,122,88,39,49
C0116,09,06,0000,District - Jyotiba Phule Nagar *  06,002004, 1 BENGALI,287,116,171,199,77,122,88,39,49
C0116,09,06,0000,District - Jyotiba Phule Nagar *  06,004000,4 DOGRI,5,4,1,0,0,0,5,4,1
C0116,09,06,0000,District - Jyotiba Phule Nagar *  06,004001, 1 DOGRI,5,4,1,0,0,0,5,4,1
C0116,09,06,0000,District - Jyotiba Phule Nagar *  06,005000,5 GUJARATI,80,39,41,78,39,39,2,0,2
C0116,09,06,0000,District - Jyotiba Phule Nagar *  06,005011, 1 GUJARATI,79,39,40,78,39,39,1,0,1
C0116,09,06,0000,District - Jyotiba Phule Nagar *  06,005999,5 Others,1,0,1,0,0,0,1,0,1
C0116,09,06,0000,District - Jyotiba Phule Nagar *  06,006000,6 HINDI,1127441,600034,527407,982144,522818,459326,145297,77216,68081
C0116,09,06,0000,District - Jyotiba Phule Nagar *  06,006008, 1 AWADHI,5,3,2,0,0,0,5,3,2
C0116,09,06,0000,District - Jyotiba Phule Nagar *  06,006045, 2 BHOJPURI,100,55,45,31,18,13,69,37,32
C0116,09,06,0000,District - Jyotiba Phule Nagar *  06,006059, 3 BRAJBHASHA,4,1,3,3,0,3,1,1,0
C0116,09,06,0000,District - Jyotiba Phule Nagar *  06,006060, 4 BUNDELI/BUNDELKHANDI,57,16,41,45,9,36,12,7,5
C0116,09,06,0000,District - Jyotiba Phule Nagar *  06,006095, 5 GARHWALI,34,20,14,6,3,3,28,17,11
C0116,09,06,0000,District - Jyotiba Phule Nagar *  06,006117, 6 HARYANVI,8,5,3,0,0,0,8,5,3
C0116,09,06,0000,District - Jyotiba Phule Nagar *  06,006118, 7 HINDI,1127047,599828,527219,981947,522726,459221,145100,77102,67998
C0116,09,06,0000,District - Jyotiba Phule Nagar *  06,006127, 8 JAUNSARI,6,3,3,3,1,2,3,2,1
C0116,09,06,0000,District - Jyotiba Phule Nagar *  06,006162, 9 KUMAUNI,37,20,17,5,3,2,32,17,15
C0116,09,06,0000,District - Jyotiba Phule Nagar *  06,006192, 10 MARWARI,20,13,7,18,12,6,2,1,1
C0116,09,06,0000,District - Jyotiba Phule Nagar *  06,006242, 11 RAJASTHANI,36,23,13,0,0,0,36,23,13
C0116,09,06,0000,District - Jyotiba Phule Nagar *  06,006999,6 Others,87,47,40,86,46,40,1,1,0
C0116,09,06,0000,District - Jyotiba Phule Nagar *  06,007000,7 KANNADA,7,2,5,0,0,0,7,2,5
C0116,09,06,0000,District - Jyotiba Phule Nagar *  06,007013, 1 KANNADA,7,2,5,0,0,0,7,2,5
C0116,09,06,0000,District - Jyotiba Phule Nagar *  06,010000,10 MAITHILI,11,6,5,1,0,1,10,6,4
C0116,09,06,0000,District - Jyotiba Phule Nagar *  06,010006, 1 MAITHILI,11,6,5,1,0,1,10,6,4
C0116,09,06,0000,District - Jyotiba Phule Nagar *  06,011000,11 MALAYALAM,59,32,27,12,7,5,47,25,22
C0116,09,06,0000,District - Jyotiba Phule Nagar *  06,011013, 1 MALAYALAM,59,32,27,12,7,5,47,25,22
C0116,09,06,0000,District - Jyotiba Phule Nagar *  06,013000,13 MARATHI,24,16,8,1,1,0,23,15,8
C0116,09,06,0000,District - Jyotiba Phule Nagar *  06,013048, 1 MARATHI,23,15,8,0,0,0,23,15,8
C0116,09,06,0000,District - Jyotiba Phule Nagar *  06,013999,13 Others,1,1,0,1,1,0,0,0,0
C0116,09,06,0000,District - Jyotiba Phule Nagar *  06,014000,14 NEPALI,1029,596,433,897,519,378,132,77,55
C0116,09,06,0000,District - Jyotiba Phule Nagar *  06,014009, 1 NEPALI,1029,596,433,897,519,378,132,77,55
C0116,09,06,0000,District - Jyotiba Phule Nagar *  06,015000,15 ORIYA,17,10,7,7,5,2,10,5,5
C0116,09,06,0000,District - Jyotiba Phule Nagar *  06,015031, 1 ORIYA,17,10,7,7,5,2,10,5,5
C0116,09,06,0000,District - Jyotiba Phule Nagar *  06,016000,16 PUNJABI,3765,1999,1766,2842,1521,1321,923,478,445
C0116,09,06,0000,District - Jyotiba Phule Nagar *  06,016018, 1 PUNJABI,3671,1943,1728,2749,1466,1283,922,477,445
C0116,09,06,0000,District - Jyotiba Phule Nagar *  06,016999,16 Others,94,56,38,93,55,38,1,1,0
C0116,09,06,0000,District - Jyotiba Phule Nagar *  06,017000,17 SANSKRIT,219,122,97,110,65,45,109,57,52
C0116,09,06,0000,District - Jyotiba Phule Nagar *  06,017002, 1 SANSKRIT,219,122,97,110,65,45,109,57,52
C0116,09,06,0000,District - Jyotiba Phule Nagar *  06,019000,19 SINDHI,5,5,0,3,3,0,2,2,0
C0116,09,06,0000,District - Jyotiba Phule Nagar *  06,019013, 1 SINDHI,5,5,0,3,3,0,2,2,0
C0116,09,06,0000,District - Jyotiba Phule Nagar *  06,020000,20 TAMIL,7,3,4,3,1,2,4,2,2
C0116,09,06,0000,District - Jyotiba Phule Nagar *  06,020020, 1 TAMIL,7,3,4,3,1,2,4,2,2
C0116,09,06,0000,District - Jyotiba Phule Nagar *  06,021000,21 TELUGU,10,5,5,0,0,0,10,5,5
C0116,09,06,0000,District - Jyotiba Phule Nagar *  06,021035, 1 TELUGU,10,5,5,0,0,0,10,5,5
C0116,09,06,0000,District - Jyotiba Phule Nagar *  06,022000,22 URDU,366012,192197,173815,144524,76292,68232,221488,115905,105583
C0116,09,06,0000,District - Jyotiba Phule Nagar *  06,022014, 1 URDU,366012,192197,173815,144524,76292,68232,221488,115905,105583
C0116,09,06,0000,District - Jyotiba Phule Nagar *  06,028000,28 ARABIC/ARBI,45,23,22,45,23,22,0,0,0
C0116,09,06,0000,District - Jyotiba Phule Nagar *  06,028001, 1 ARABIC/ARBI,45,23,22,45,23,22,0,0,0
C0116,09,06,0000,District - Jyotiba Phule Nagar *  06,040000,40 ENGLISH,10,5,5,3,3,0,7,2,5
C0116,09,06,0000,District - Jyotiba Phule Nagar *  06,040001, 1 ENGLISH,10,5,5,3,3,0,7,2,5
C0116,09,06,0000,District - Jyotiba Phule Nagar *  06,123000,123 OTHERS,32,12,20,9,3,6,23,9,14
C0116,09,06,0001,Tehsil - Dhanaura 0001,001000,1 ASSAMESE,2,2,0,2,2,0,0,0,0
C0116,09,06,0001,Tehsil - Dhanaura 0001,001002, 1 ASSAMESE,2,2,0,2,2,0,0,0,0
C0116,09,06,0001,Tehsil - Dhanaura 0001,002000,2 BENGALI,91,42,49,37,17,20,54,25,29
C0116,09,06,0001,Tehsil - Dhanaura 0001,002004, 1 BENGALI,91,42,49,37,17,20,54,25,29
C0116,09,06,0001,Tehsil - Dhanaura 0001,004000,4 DOGRI,5,4,1,0,0,0,5,4,1
C0116,09,06,0001,Tehsil - Dhanaura 0001,004001, 1 DOGRI,5,4,1,0,0,0,5,4,1
C0116,09,06,0001,Tehsil - Dhanaura 0001,005000,5 GUJARATI,2,0,2,0,0,0,2,0,2
C0116,09,06,0001,Tehsil - Dhanaura 0001,005011, 1 GUJARATI,1,0,1,0,0,0,1,0,1
C0116,09,06,0001,Tehsil - Dhanaura 0001,005999,5 Others,1,0,1,0,0,0,1,0,1
C0116,09,06,0001,Tehsil - Dhanaura 0001,006000,6 HINDI,350272,185910,164362,281622,149412,132210,68650,36498,32152
C0116,09,06,0001,Tehsil - Dhanaura 0001,006008, 1 AWADHI,5,3,2,0,0,0,5,3,2
C0116,09,06,0001,Tehsil - Dhanaura 0001,006045, 2 BHOJPURI,32,17,15,2,1,1,30,16,14
C0116,09,06,0001,Tehsil - Dhanaura 0001,006059, 3 BRAJBHASHA,1,1,0,0,0,0,1,1,0
C0116,09,06,0001,Tehsil - Dhanaura 0001,006060, 4 BUNDELI/BUNDELKHANDI,24,7,17,13,0,13,11,7,4
C0116,09,06,0001,Tehsil - Dhanaura 0001,006095, 5 GARHWALI,26,15,11,1,0,1,25,15,10
C0116,09,06,0001,Tehsil - Dhanaura 0001,006118, 6 HINDI,350130,185838,164292,281598,149406,132192,68532,36432,32100
C0116,09,06,0001,Tehsil - Dhanaura 0001,006127, 7 JAUNSARI,2,1,1,0,0,0,2,1,1
C0116,09,06,0001,Tehsil - Dhanaura 0001,006162, 8 KUMAUNI,26,13,13,4,3,1,22,10,12
C0116,09,06,0001,Tehsil - Dhanaura 0001,006192, 9 MARWARI,2,1,1,0,0,0,2,1,1
C0116,09,06,0001,Tehsil - Dhanaura 0001,006242, 10 RAJASTHANI,20,12,8,0,0,0,20,12,8
C0116,09,06,0001,Tehsil - Dhanaura 0001,006999,6 Others,4,2,2,4,2,2,0,0,0
C0116,09,06,0001,Tehsil - Dhanaura 0001,010000,10 MAITHILI,10,6,4,0,0,0,10,6,4
C0116,09,06,0001,Tehsil - Dhanaura 0001,010006, 1 MAITHILI,10,6,4,0,0,0,10,6,4
C0116,09,06,0001,Tehsil - Dhanaura 0001,011000,11 MALAYALAM,43,23,20,2,2,0,41,21,20
C0116,09,06,0001,Tehsil - Dhanaura 0001,011013, 1 MALAYALAM,43,23,20,2,2,0,41,21,20
C0116,09,06,0001,Tehsil - Dhanaura 0001,013000,13 MARATHI,9,4,5,0,0,0,9,4,5
C0116,09,06,0001,Tehsil - Dhanaura 0001,013048, 1 MARATHI,9,4,5,0,0,0,9,4,5
C0116,09,06,0001,Tehsil - Dhanaura 0001,014000,14 NEPALI,286,178,108,249,154,95,37,24,13
C0116,09,06,0001,Tehsil - Dhanaura 0001,014009, 1 NEPALI,286,178,108,249,154,95,37,24,13
C0116,09,06,0001,Tehsil - Dhanaura 0001,015000,15 ORIYA,12,7,5,2,2,0,10,5,5
C0116,09,06,0001,Tehsil - Dhanaura 0001,015031, 1 ORIYA,12,7,5,2,2,0,10,5,5
C0116,09,06,0001,Tehsil - Dhanaura 0001,016000,16 PUNJABI,3060,1620,1440,2683,1428,1255,377,192,185
C0116,09,06,0001,Tehsil - Dhanaura 0001,016018, 1 PUNJABI,2967,1565,1402,2590,1373,1217,377,192,185
C0116,09,06,0001,Tehsil - Dhanaura 0001,016999,16 Others,93,55,38,93,55,38,0,0,0
C0116,09,06,0001,Tehsil - Dhanaura 0001,017000,17 SANSKRIT,110,65,45,110,65,45,0,0,0
C0116,09,06,0001,Tehsil - Dhanaura 0001,017002, 1 SANSKRIT,110,65,45,110,65,45,0,0,0
C0116,09,06,0001,Tehsil - Dhanaura 0001,019000,19 SINDHI,4,4,0,3,3,0,1,1,0
C0116,09,06,0001,Tehsil - Dhanaura 0001,019013, 1 SINDHI,4,4,0,3,3,0,1,1,0
C0116,09,06,0001,Tehsil - Dhanaura 0001,020000,20 TAMIL,3,2,1,0,0,0,3,2,1
C0116,09,06,0001,Tehsil - Dhanaura 0001,020020, 1 TAMIL,3,2,1,0,0,0,3,2,1
C0116,09,06,0001,Tehsil - Dhanaura 0001,021000,21 TELUGU,6,3,3,0,0,0,6,3,3
C0116,09,06,0001,Tehsil - Dhanaura 0001,021035, 1 TELUGU,6,3,3,0,0,0,6,3,3
C0116,09,06,0001,Tehsil - Dhanaura 0001,022000,22 URDU,33375,17500,15875,11967,6290,5677,21408,11210,10198
C0116,09,06,0001,Tehsil - Dhanaura 0001,022014, 1 URDU,33375,17500,15875,11967,6290,5677,21408,11210,10198
C0116,09,06,0001,Tehsil - Dhanaura 0001,028000,28 ARABIC/ARBI,1,1,0,1,1,0,0,0,0
C0116,09,06,0001,Tehsil - Dhanaura 0001,028001, 1 ARABIC/ARBI,1,1,0,1,1,0,0,0,0
C0116,09,06,0001,Tehsil - Dhanaura 0001,040000,40 ENGLISH,4,3,1,2,2,0,2,1,1
C0116,09,06,0001,Tehsil - Dhanaura 0001,040001, 1 ENGLISH,4,3,1,2,2,0,2,1,1
C0116,09,06,0001,Tehsil - Dhanaura 0001,123000,123 OTHERS,9,1,8,5,0,5,4,1,3
C0116,09,06,0002,Tehsil - Amroha 0002,002000,2 BENGALI,161,64,97,138,55,83,23,9,14
C0116,09,06,0002,Tehsil - Amroha 0002,002004, 1 BENGALI,161,64,97,138,55,83,23,9,14
C0116,09,06,0002,Tehsil - Amroha 0002,005000,5 GUJARATI,78,39,39,78,39,39,0,0,0
C0116,09,06,0002,Tehsil - Amroha 0002,005011, 1 GUJARATI,78,39,39,78,39,39,0,0,0
C0116,09,06,0002,Tehsil - Amroha 0002,006000,6 HINDI,386006,205400,180606,334302,177884,156418,51704,27516,24188
C0116,09,06,0002,Tehsil - Amroha 0002,006045, 1 BHOJPURI,49,29,20,28,16,12,21,13,8
C0116,09,06,0002,Tehsil - Amroha 0002,006060, 2 BUNDELI/BUNDELKHANDI,20,7,13,19,7,12,1,0,1
C0116,09,06,0002,Tehsil - Amroha 0002,006095, 3 GARHWALI,6,3,3,5,3,2,1,0,1
C0116,09,06,0002,Tehsil - Amroha 0002,006117, 4 HARYANVI,8,5,3,0,0,0,8,5,3
C0116,09,06,0002,Tehsil - Amroha 0002,006118, 5 HINDI,385795,205281,180514,334149,177802,156347,51646,27479,24167
C0116,09,06,0002,Tehsil - Amroha 0002,006127, 6 JAUNSARI,3,1,2,2,0,2,1,1,0
C0116,09,06,0002,Tehsil - Amroha 0002,006162, 7 KUMAUNI,9,6,3,0,0,0,9,6,3
C0116,09,06,0002,Tehsil - Amroha 0002,006192, 8 MARWARI,18,12,6,18,12,6,0,0,0
C0116,09,06,0002,Tehsil - Amroha 0002,006242, 9 RAJASTHANI,16,11,5,0,0,0,16,11,5
C0116,09,06,0002,Tehsil - Amroha 0002,006999,6 Others,82,45,37,81,44,37,1,1,0
C0116,09,06,0002,Tehsil - Amroha 0002,007000,7 KANNADA,3,1,2,0,0,0,3,1,2
C0116,09,06,0002,Tehsil - Amroha 0002,007013, 1 KANNADA,3,1,2,0,0,0,3,1,2
C0116,09,06,0002,Tehsil - Amroha 0002,010000,10 MAITHILI,1,0,1,1,0,1,0,0,0
C0116,09,06,0002,Tehsil - Amroha 0002,010006, 1 MAITHILI,1,0,1,1,0,1,0,0,0
C0116,09,06,0002,Tehsil - Amroha 0002,011000,11 MALAYALAM,16,9,7,10,5,5,6,4,2
C0116,09,06,0002,Tehsil - Amroha 0002,011013, 1 MALAYALAM,16,9,7,10,5,5,6,4,2
C0116,09,06,0002,Tehsil - Amroha 0002,013000,13 MARATHI,14,11,3,0,0,0,14,11,3
C0116,09,06,0002,Tehsil - Amroha 0002,013048, 1 MARATHI,14,11,3,0,0,0,14,11,3
C0116,09,06,0002,Tehsil - Amroha 0002,014000,14 NEPALI,398,239,159,348,210,138,50,29,21
C0116,09,06,0002,Tehsil - Amroha 0002,014009, 1 NEPALI,398,239,159,348,210,138,50,29,21
C0116,09,06,0002,Tehsil - Amroha 0002,015000,15 ORIYA,5,3,2,5,3,2,0,0,0
C0116,09,06,0002,Tehsil - Amroha 0002,015031, 1 ORIYA,5,3,2,5,3,2,0,0,0
C0116,09,06,0002,Tehsil - Amroha 0002,016000,16 PUNJABI,537,286,251,43,27,16,494,259,235
C0116,09,06,0002,Tehsil - Amroha 0002,016018, 1 PUNJABI,536,285,251,43,27,16,493,258,235
C0116,09,06,0002,Tehsil - Amroha 0002,016999,16 Others,1,1,0,0,0,0,1,1,0
C0116,09,06,0002,Tehsil - Amroha 0002,017000,17 SANSKRIT,109,57,52,0,0,0,109,57,52
C0116,09,06,0002,Tehsil - Amroha 0002,017002, 1 SANSKRIT,109,57,52,0,0,0,109,57,52
C0116,09,06,0002,Tehsil - Amroha 0002,019000,19 SINDHI,1,1,0,0,0,0,1,1,0
C0116,09,06,0002,Tehsil - Amroha 0002,019013, 1 SINDHI,1,1,0,0,0,0,1,1,0
C0116,09,06,0002,Tehsil - Amroha 0002,020000,20 TAMIL,4,1,3,3,1,2,1,0,1
C0116,09,06,0002,Tehsil - Amroha 0002,020020, 1 TAMIL,4,1,3,3,1,2,1,0,1
C0116,09,06,0002,Tehsil - Amroha 0002,021000,21 TELUGU,4,2,2,0,0,0,4,2,2
C0116,09,06,0002,Tehsil - Amroha 0002,021035, 1 TELUGU,4,2,2,0,0,0,4,2,2
C0116,09,06,0002,Tehsil - Amroha 0002,022000,22 URDU,253435,133247,120188,100347,53065,47282,153088,80182,72906
C0116,09,06,0002,Tehsil - Amroha 0002,022014, 1 URDU,253435,133247,120188,100347,53065,47282,153088,80182,72906
C0116,09,06,0002,Tehsil - Amroha 0002,040000,40 ENGLISH,5,1,4,0,0,0,5,1,4
C0116,09,06,0002,Tehsil - Amroha 0002,040001, 1 ENGLISH,5,1,4,0,0,0,5,1,4
C0116,09,06,0002,Tehsil - Amroha 0002,123000,123 OTHERS,22,10,12,3,2,1,19,8,11
C0116,09,06,0003,Tehsil - Hasanpur 0003,001000,1 ASSAMESE,1,0,1,1,0,1,0,0,0
C0116,09,06,0003,Tehsil - Hasanpur 0003,001002, 1 ASSAMESE,1,0,1,1,0,1,0,0,0
C0116,09,06,0003,Tehsil - Hasanpur 0003,002000,2 BENGALI,35,10,25,24,5,19,11,5,6
C0116,09,06,0003,Tehsil - Hasanpur 0003,002004, 1 BENGALI,35,10,25,24,5,19,11,5,6
C0116,09,06,0003,Tehsil - Hasanpur 0003,006000,6 HINDI,391163,208724,182439,366220,195522,170698,24943,13202,11741
C0116,09,06,0003,Tehsil - Hasanpur 0003,006045, 1 BHOJPURI,19,9,10,1,1,0,18,8,10
C0116,09,06,0003,Tehsil - Hasanpur 0003,006059, 2 BRAJBHASHA,3,0,3,3,0,3,0,0,0
C0116,09,06,0003,Tehsil - Hasanpur 0003,006060, 3 BUNDELI/BUNDELKHANDI,13,2,11,13,2,11,0,0,0
C0116,09,06,0003,Tehsil - Hasanpur 0003,006095, 4 GARHWALI,2,2,0,0,0,0,2,2,0
C0116,09,06,0003,Tehsil - Hasanpur 0003,006118, 5 HINDI,391122,208709,182413,366200,195518,170682,24922,13191,11731
C0116,09,06,0003,Tehsil - Hasanpur 0003,006127, 6 JAUNSARI,1,1,0,1,1,0,0,0,0
C0116,09,06,0003,Tehsil - Hasanpur 0003,006162, 7 KUMAUNI,2,1,1,1,0,1,1,1,0
C0116,09,06,0003,Tehsil - Hasanpur 0003,006999,6 Others,1,0,1,1,0,1,0,0,0
C0116,09,06,0003,Tehsil - Hasanpur 0003,007000,7 KANNADA,4,1,3,0,0,0,4,1,3
C0116,09,06,0003,Tehsil - Hasanpur 0003,007013, 1 KANNADA,4,1,3,0,0,0,4,1,3
C0116,09,06,0003,Tehsil - Hasanpur 0003,013000,13 MARATHI,1,1,0,1,1,0,0,0,0
C0116,09,06,0003,Tehsil - Hasanpur 0003,013999,13 Others,1,1,0,1,1,0,0,0,0
C0116,09,06,0003,Tehsil - Hasanpur 0003,014000,14 NEPALI,345,179,166,300,155,145,45,24,21
C0116,09,06,0003,Tehsil - Hasanpur 0003,014009, 1 NEPALI,345,179,166,300,155,145,45,24,21
C0116,09,06,0003,Tehsil - Hasanpur 0003,016000,16 PUNJABI,168,93,75,116,66,50,52,27,25
C0116,09,06,0003,Tehsil - Hasanpur 0003,016018, 1 PUNJABI,168,93,75,116,66,50,52,27,25
C0116,09,06,0003,Tehsil - Hasanpur 0003,022000,22 URDU,79202,41450,37752,32210,16937,15273,46992,24513,22479
C0116,09,06,0003,Tehsil - Hasanpur 0003,022014, 1 URDU,79202,41450,37752,32210,16937,15273,46992,24513,22479
C0116,09,06,0003,Tehsil - Hasanpur 0003,028000,28 ARABIC/ARBI,44,22,22,44,22,22,0,0,0
C0116,09,06,0003,Tehsil - Hasanpur 0003,028001, 1 ARABIC/ARBI,44,22,22,44,22,22,0,0,0
C0116,09,06,0003,Tehsil - Hasanpur 0003,040000,40 ENGLISH,1,1,0,1,1,0,0,0,0
C0116,09,06,0003,Tehsil - Hasanpur 0003,040001, 1 ENGLISH,1,1,0,1,1,0,0,0,0
C0116,09,06,0003,Tehsil - Hasanpur 0003,123000,123 OTHERS,1,1,0,1,1,0,0,0,0
C0116,09,07,0000,District - Meerut  07,001000,1 ASSAMESE,2880,1503,1377,2,2,0,2878,1501,1377
C0116,09,07,0000,District - Meerut  07,001002, 1 ASSAMESE,2879,1502,1377,2,2,0,2877,1500,1377
C0116,09,07,0000,District - Meerut  07,001999,1 Others,1,1,0,0,0,0,1,1,0
C0116,09,07,0000,District - Meerut  07,002000,2 BENGALI,9205,5032,4173,2168,1161,1007,7037,3871,3166
C0116,09,07,0000,District - Meerut  07,002004, 1 BENGALI,9205,5032,4173,2168,1161,1007,7037,3871,3166
C0116,09,07,0000,District - Meerut  07,003000,3 BODO,5,3,2,0,0,0,5,3,2
C0116,09,07,0000,District - Meerut  07,003001, 1 BODO,5,3,2,0,0,0,5,3,2
C0116,09,07,0000,District - Meerut  07,004000,4 DOGRI,785,653,132,0,0,0,785,653,132
C0116,09,07,0000,District - Meerut  07,004001, 1 DOGRI,785,653,132,0,0,0,785,653,132
C0116,09,07,0000,District - Meerut  07,005000,5 GUJARATI,774,441,333,34,18,16,740,423,317
C0116,09,07,0000,District - Meerut  07,005011, 1 GUJARATI,764,435,329,34,18,16,730,417,313
C0116,09,07,0000,District - Meerut  07,005012, 2 GUJRAO/GUJRAU,5,3,2,0,0,0,5,3,2
C0116,09,07,0000,District - Meerut  07,005999,5 Others,5,3,2,0,0,0,5,3,2
C0116,09,07,0000,District - Meerut  07,006000,6 HINDI,2362979,1265157,1097822,1378357,738206,640151,984622,526951,457671
C0116,09,07,0000,District - Meerut  07,006008, 1 AWADHI,20,14,6,9,9,0,11,5,6
C0116,09,07,0000,District - Meerut  07,006045, 2 BHOJPURI,513,336,177,61,39,22,452,297,155
C0116,09,07,0000,District - Meerut  07,006059, 3 BRAJBHASHA,11,6,5,1,1,0,10,5,5
C0116,09,07,0000,District - Meerut  07,006060, 4 BUNDELI/BUNDELKHANDI,249,142,107,35,20,15,214,122,92
C0116,09,07,0000,District - Meerut  07,006072, 5 CHHATTISGARHI,94,50,44,24,9,15,70,41,29
C0116,09,07,0000,District - Meerut  07,006095, 6 GARHWALI,482,266,216,29,16,13,453,250,203
C0116,09,07,0000,District - Meerut  07,006117, 7 HARYANVI,803,458,345,23,12,11,780,446,334
C0116,09,07,0000,District - Meerut  07,006118, 8 HINDI,2359231,1262950,1096281,1377619,737808,639811,981612,525142,456470
C0116,09,07,0000,District - Meerut  07,006127, 9 JAUNSARI,22,13,9,13,8,5,9,5,4
C0116,09,07,0000,District - Meerut  07,006138, 10 KANGRI,2,2,0,0,0,0,2,2,0
C0116,09,07,0000,District - Meerut  07,006148, 11 KHARI BOLI,6,3,3,6,3,3,0,0,0
C0116,09,07,0000,District - Meerut  07,006162, 12 KUMAUNI,345,199,146,17,7,10,328,192,136
C0116,09,07,0000,District - Meerut  07,006167, 13 LABANI,326,156,170,326,156,170,0,0,0
C0116,09,07,0000,District - Meerut  07,006192, 14 MARWARI,135,74,61,4,2,2,131,72,59
C0116,09,07,0000,District - Meerut  07,006195, 15 MEWARI,92,45,47,7,2,5,85,43,42
C0116,09,07,0000,District - Meerut  07,006196, 16 MEWATI,1,0,1,0,0,0,1,0,1
C0116,09,07,0000,District - Meerut  07,006210, 17 NIMADI,1,1,0,0,0,0,1,1,0
C0116,09,07,0000,District - Meerut  07,006213, 18 PAHARI,85,47,38,3,2,1,82,45,37
C0116,09,07,0000,District - Meerut  07,006242, 19 RAJASTHANI,187,106,81,114,63,51,73,43,30
C0116,09,07,0000,District - Meerut  07,006999,6 Others,374,289,85,66,49,17,308,240,68
C0116,09,07,0000,District - Meerut  07,007000,7 KANNADA,200,137,63,0,0,0,200,137,63
C0116,09,07,0000,District - Meerut  07,007013, 1 KANNADA,200,137,63,0,0,0,200,137,63
C0116,09,07,0000,District - Meerut  07,008000,8 KASHMIRI,102,71,31,44,43,1,58,28,30
C0116,09,07,0000,District - Meerut  07,008002, 1 KASHMIRI,102,71,31,44,43,1,58,28,30
C0116,09,07,0000,District - Meerut  07,009000,9 KONKANI,7,3,4,0,0,0,7,3,4
C0116,09,07,0000,District - Meerut  07,009010, 1 KONKANI,7,3,4,0,0,0,7,3,4
C0116,09,07,0000,District - Meerut  07,010000,10 MAITHILI,35,22,13,0,0,0,35,22,13
C0116,09,07,0000,District - Meerut  07,010006, 1 MAITHILI,35,22,13,0,0,0,35,22,13
C0116,09,07,0000,District - Meerut  07,011000,11 MALAYALAM,940,596,344,51,41,10,889,555,334
C0116,09,07,0000,District - Meerut  07,011013, 1 MALAYALAM,919,584,335,51,41,10,868,543,325
C0116,09,07,0000,District - Meerut  07,011999,11 Others,21,12,9,0,0,0,21,12,9
C0116,09,07,0000,District - Meerut  07,012000,12 MANIPURI,53,38,15,0,0,0,53,38,15
C0116,09,07,0000,District - Meerut  07,012002, 1 MANIPURI,53,38,15,0,0,0,53,38,15
C0116,09,07,0000,District - Meerut  07,013000,13 MARATHI,1642,1102,540,12,5,7,1630,1097,533
C0116,09,07,0000,District - Meerut  07,013048, 1 MARATHI,1642,1102,540,12,5,7,1630,1097,533
C0116,09,07,0000,District - Meerut  07,014000,14 NEPALI,8053,4913,3140,4186,2412,1774,3867,2501,1366
C0116,09,07,0000,District - Meerut  07,014009, 1 NEPALI,8051,4911,3140,4186,2412,1774,3865,2499,1366
C0116,09,07,0000,District - Meerut  07,014999,14 Others,2,2,0,0,0,0,2,2,0
C0116,09,07,0000,District - Meerut  07,015000,15 ORIYA,547,360,187,36,31,5,511,329,182
C0116,09,07,0000,District - Meerut  07,015031, 1 ORIYA,547,360,187,36,31,5,511,329,182
C0116,09,07,0000,District - Meerut  07,016000,16 PUNJABI,23222,12627,10595,7439,3972,3467,15783,8655,7128
C0116,09,07,0000,District - Meerut  07,016018, 1 PUNJABI,22739,12374,10365,7074,3785,3289,15665,8589,7076
C0116,09,07,0000,District - Meerut  07,016999,16 Others,483,253,230,365,187,178,118,66,52
C0116,09,07,0000,District - Meerut  07,017000,17 SANSKRIT,30,17,13,0,0,0,30,17,13
C0116,09,07,0000,District - Meerut  07,017002, 1 SANSKRIT,30,17,13,0,0,0,30,17,13
C0116,09,07,0000,District - Meerut  07,019000,19 SINDHI,2287,1165,1122,1661,853,808,626,312,314
C0116,09,07,0000,District - Meerut  07,019013, 1 SINDHI,2287,1165,1122,1661,853,808,626,312,314
C0116,09,07,0000,District - Meerut  07,020000,20 TAMIL,845,568,277,38,30,8,807,538,269
C0116,09,07,0000,District - Meerut  07,020020, 1 TAMIL,840,563,277,38,30,8,802,533,269
C0116,09,07,0000,District - Meerut  07,020999,20 Others,5,5,0,0,0,0,5,5,0
C0116,09,07,0000,District - Meerut  07,021000,21 TELUGU,541,338,203,6,6,0,535,332,203
C0116,09,07,0000,District - Meerut  07,021035, 1 TELUGU,541,338,203,6,6,0,535,332,203
C0116,09,07,0000,District - Meerut  07,022000,22 URDU,581673,306541,275132,151197,80046,71151,430476,226495,203981
C0116,09,07,0000,District - Meerut  07,022014, 1 URDU,581673,306541,275132,151197,80046,71151,430476,226495,203981
C0116,09,07,0000,District - Meerut  07,023000,23 ADI,2,2,0,0,0,0,2,2,0
C0116,09,07,0000,District - Meerut  07,023002, 1 ADI,1,1,0,0,0,0,1,1,0
C0116,09,07,0000,District - Meerut  07,023999,23 Others,1,1,0,0,0,0,1,1,0
C0116,09,07,0000,District - Meerut  07,028000,28 ARABIC/ARBI,59,35,24,27,18,9,32,17,15
C0116,09,07,0000,District - Meerut  07,028001, 1 ARABIC/ARBI,59,35,24,27,18,9,32,17,15
C0116,09,07,0000,District - Meerut  07,030000,30 BHILI/BHILODI,3,3,0,0,0,0,3,3,0
C0116,09,07,0000,District - Meerut  07,030027, 1 KOKNA/KOKNI/KUKNA,2,2,0,0,0,0,2,2,0
C0116,09,07,0000,District - Meerut  07,030050, 2 TADAVI,1,1,0,0,0,0,1,1,0
C0116,09,07,0000,District - Meerut  07,037000,37 COORGI/KODAGU,5,3,2,0,0,0,5,3,2
C0116,09,07,0000,District - Meerut  07,037001, 1 COORGI/KODAGU,5,3,2,0,0,0,5,3,2
C0116,09,07,0000,District - Meerut  07,039000,39 DIMASA,6,4,2,0,0,0,6,4,2
C0116,09,07,0000,District - Meerut  07,039999,39 Others,6,4,2,0,0,0,6,4,2
C0116,09,07,0000,District - Meerut  07,040000,40 ENGLISH,103,53,50,9,4,5,94,49,45
C0116,09,07,0000,District - Meerut  07,040001, 1 ENGLISH,103,53,50,9,4,5,94,49,45
C0116,09,07,0000,District - Meerut  07,043000,43 GARO,1,1,0,0,0,0,1,1,0
C0116,09,07,0000,District - Meerut  07,043005, 1 GARO,1,1,0,0,0,0,1,1,0
C0116,09,07,0000,District - Meerut  07,062000,62 KODA/KORA,1,1,0,0,0,0,1,1,0
C0116,09,07,0000,District - Meerut  07,062003, 1 KODA/KORA,1,1,0,0,0,0,1,1,0
C0116,09,07,0000,District - Meerut  07,075000,75 LAHNDA,3,1,2,0,0,0,3,1,2
C0116,09,07,0000,District - Meerut  07,075012, 1 MULTANI,3,1,2,0,0,0,3,1,2
C0116,09,07,0000,District - Meerut  07,090000,90 MUNDA,1,0,1,0,0,0,1,0,1
C0116,09,07,0000,District - Meerut  07,090999,90 Others,1,0,1,0,0,0,1,0,1
C0116,09,07,0000,District - Meerut  07,115000,115 TRIPURI,1,1,0,0,0,0,1,1,0
C0116,09,07,0000,District - Meerut  07,115006, 1 TRIPURI,1,1,0,0,0,0,1,1,0
C0116,09,07,0000,District - Meerut  07,123000,123 OTHERS,371,187,184,111,60,51,260,127,133
C0116,09,07,0001,Tehsil - Sardhana 0001,001000,1 ASSAMESE,1,1,0,1,1,0,0,0,0
C0116,09,07,0001,Tehsil - Sardhana 0001,001002, 1 ASSAMESE,1,1,0,1,1,0,0,0,0
C0116,09,07,0001,Tehsil - Sardhana 0001,002000,2 BENGALI,36,27,9,35,27,8,1,0,1
C0116,09,07,0001,Tehsil - Sardhana 0001,002004, 1 BENGALI,36,27,9,35,27,8,1,0,1
C0116,09,07,0001,Tehsil - Sardhana 0001,005000,5 GUJARATI,2,1,1,2,1,1,0,0,0
C0116,09,07,0001,Tehsil - Sardhana 0001,005011, 1 GUJARATI,2,1,1,2,1,1,0,0,0
C0116,09,07,0001,Tehsil - Sardhana 0001,006000,6 HINDI,451170,240644,210526,385294,205712,179582,65876,34932,30944
C0116,09,07,0001,Tehsil - Sardhana 0001,006045, 1 BHOJPURI,23,10,13,10,3,7,13,7,6
C0116,09,07,0001,Tehsil - Sardhana 0001,006059, 2 BRAJBHASHA,1,1,0,1,1,0,0,0,0
C0116,09,07,0001,Tehsil - Sardhana 0001,006060, 3 BUNDELI/BUNDELKHANDI,5,3,2,5,3,2,0,0,0
C0116,09,07,0001,Tehsil - Sardhana 0001,006095, 4 GARHWALI,15,7,8,13,6,7,2,1,1
C0116,09,07,0001,Tehsil - Sardhana 0001,006117, 5 HARYANVI,10,6,4,9,6,3,1,0,1
C0116,09,07,0001,Tehsil - Sardhana 0001,006118, 6 HINDI,451087,240600,210487,385233,205682,179551,65854,34918,30936
C0116,09,07,0001,Tehsil - Sardhana 0001,006127, 7 JAUNSARI,4,4,0,2,2,0,2,2,0
C0116,09,07,0001,Tehsil - Sardhana 0001,006162, 8 KUMAUNI,15,6,9,14,5,9,1,1,0
C0116,09,07,0001,Tehsil - Sardhana 0001,006192, 9 MARWARI,2,1,1,2,1,1,0,0,0
C0116,09,07,0001,Tehsil - Sardhana 0001,006999,6 Others,8,6,2,5,3,2,3,3,0
C0116,09,07,0001,Tehsil - Sardhana 0001,008000,8 KASHMIRI,37,36,1,37,36,1,0,0,0
C0116,09,07,0001,Tehsil - Sardhana 0001,008002, 1 KASHMIRI,37,36,1,37,36,1,0,0,0
C0116,09,07,0001,Tehsil - Sardhana 0001,011000,11 MALAYALAM,40,35,5,39,34,5,1,1,0
C0116,09,07,0001,Tehsil - Sardhana 0001,011013, 1 MALAYALAM,40,35,5,39,34,5,1,1,0
C0116,09,07,0001,Tehsil - Sardhana 0001,013000,13 MARATHI,19,11,8,10,5,5,9,6,3
C0116,09,07,0001,Tehsil - Sardhana 0001,013048, 1 MARATHI,19,11,8,10,5,5,9,6,3
C0116,09,07,0001,Tehsil - Sardhana 0001,014000,14 NEPALI,1470,818,652,1358,754,604,112,64,48
C0116,09,07,0001,Tehsil - Sardhana 0001,014009, 1 NEPALI,1470,818,652,1358,754,604,112,64,48
C0116,09,07,0001,Tehsil - Sardhana 0001,015000,15 ORIYA,9,9,0,9,9,0,0,0,0
C0116,09,07,0001,Tehsil - Sardhana 0001,015031, 1 ORIYA,9,9,0,9,9,0,0,0,0
C0116,09,07,0001,Tehsil - Sardhana 0001,016000,16 PUNJABI,126,67,59,88,46,42,38,21,17
C0116,09,07,0001,Tehsil - Sardhana 0001,016018, 1 PUNJABI,123,64,59,85,43,42,38,21,17
C0116,09,07,0001,Tehsil - Sardhana 0001,016999,16 Others,3,3,0,3,3,0,0,0,0
C0116,09,07,0001,Tehsil - Sardhana 0001,020000,20 TAMIL,20,14,6,20,14,6,0,0,0
C0116,09,07,0001,Tehsil - Sardhana 0001,020020, 1 TAMIL,20,14,6,20,14,6,0,0,0
C0116,09,07,0001,Tehsil - Sardhana 0001,022000,22 URDU,49418,25976,23442,25817,13631,12186,23601,12345,11256
C0116,09,07,0001,Tehsil - Sardhana 0001,022014, 1 URDU,49418,25976,23442,25817,13631,12186,23601,12345,11256
C0116,09,07,0001,Tehsil - Sardhana 0001,028000,28 ARABIC/ARBI,15,7,8,15,7,8,0,0,0
C0116,09,07,0001,Tehsil - Sardhana 0001,028001, 1 ARABIC/ARBI,15,7,8,15,7,8,0,0,0
C0116,09,07,0001,Tehsil - Sardhana 0001,040000,40 ENGLISH,5,2,3,5,2,3,0,0,0
C0116,09,07,0001,Tehsil - Sardhana 0001,040001, 1 ENGLISH,5,2,3,5,2,3,0,0,0
C0116,09,07,0001,Tehsil - Sardhana 0001,123000,123 OTHERS,16,6,10,11,5,6,5,1,4
C0116,09,07,0002,Tehsil - Mawana 0002,001000,1 ASSAMESE,11,8,3,1,1,0,10,7,3
C0116,09,07,0002,Tehsil - Mawana 0002,001002, 1 ASSAMESE,11,8,3,1,1,0,10,7,3
C0116,09,07,0002,Tehsil - Mawana 0002,002000,2 BENGALI,6303,3290,3013,1756,919,837,4547,2371,2176
C0116,09,07,0002,Tehsil - Mawana 0002,002004, 1 BENGALI,6303,3290,3013,1756,919,837,4547,2371,2176
C0116,09,07,0002,Tehsil - Mawana 0002,005000,5 GUJARATI,31,17,14,31,17,14,0,0,0
C0116,09,07,0002,Tehsil - Mawana 0002,005011, 1 GUJARATI,31,17,14,31,17,14,0,0,0
C0116,09,07,0002,Tehsil - Mawana 0002,006000,6 HINDI,533321,285537,247784,442989,237600,205389,90332,47937,42395
C0116,09,07,0002,Tehsil - Mawana 0002,006008, 1 AWADHI,9,9,0,9,9,0,0,0,0
C0116,09,07,0002,Tehsil - Mawana 0002,006045, 2 BHOJPURI,59,40,19,34,23,11,25,17,8
C0116,09,07,0002,Tehsil - Mawana 0002,006060, 3 BUNDELI/BUNDELKHANDI,56,33,23,17,8,9,39,25,14
C0116,09,07,0002,Tehsil - Mawana 0002,006095, 4 GARHWALI,16,11,5,9,7,2,7,4,3
C0116,09,07,0002,Tehsil - Mawana 0002,006117, 5 HARYANVI,12,7,5,10,6,4,2,1,1
C0116,09,07,0002,Tehsil - Mawana 0002,006118, 6 HINDI,532737,285220,247517,442494,237338,205156,90243,47882,42361
C0116,09,07,0002,Tehsil - Mawana 0002,006127, 7 JAUNSARI,3,1,2,2,1,1,1,0,1
C0116,09,07,0002,Tehsil - Mawana 0002,006148, 8 KHARI BOLI,6,3,3,6,3,3,0,0,0
C0116,09,07,0002,Tehsil - Mawana 0002,006162, 9 KUMAUNI,2,1,1,2,1,1,0,0,0
C0116,09,07,0002,Tehsil - Mawana 0002,006167, 10 LABANI,326,156,170,326,156,170,0,0,0
C0116,09,07,0002,Tehsil - Mawana 0002,006192, 11 MARWARI,2,1,1,2,1,1,0,0,0
C0116,09,07,0002,Tehsil - Mawana 0002,006195, 12 MEWARI,9,5,4,0,0,0,9,5,4
C0116,09,07,0002,Tehsil - Mawana 0002,006213, 13 PAHARI,3,2,1,3,2,1,0,0,0
C0116,09,07,0002,Tehsil - Mawana 0002,006242, 14 RAJASTHANI,62,38,24,62,38,24,0,0,0
C0116,09,07,0002,Tehsil - Mawana 0002,006999,6 Others,19,10,9,13,7,6,6,3,3
C0116,09,07,0002,Tehsil - Mawana 0002,011000,11 MALAYALAM,13,5,8,1,0,1,12,5,7
C0116,09,07,0002,Tehsil - Mawana 0002,011013, 1 MALAYALAM,13,5,8,1,0,1,12,5,7
C0116,09,07,0002,Tehsil - Mawana 0002,013000,13 MARATHI,3,1,2,1,0,1,2,1,1
C0116,09,07,0002,Tehsil - Mawana 0002,013048, 1 MARATHI,3,1,2,1,0,1,2,1,1
C0116,09,07,0002,Tehsil - Mawana 0002,014000,14 NEPALI,1390,805,585,1222,718,504,168,87,81
C0116,09,07,0002,Tehsil - Mawana 0002,014009, 1 NEPALI,1390,805,585,1222,718,504,168,87,81
C0116,09,07,0002,Tehsil - Mawana 0002,015000,15 ORIYA,15,11,4,14,10,4,1,1,0
C0116,09,07,0002,Tehsil - Mawana 0002,015031, 1 ORIYA,15,11,4,14,10,4,1,1,0
C0116,09,07,0002,Tehsil - Mawana 0002,016000,16 PUNJABI,8771,4662,4109,7212,3862,3350,1559,800,759
C0116,09,07,0002,Tehsil - Mawana 0002,016018, 1 PUNJABI,8447,4486,3961,6952,3723,3229,1495,763,732
C0116,09,07,0002,Tehsil - Mawana 0002,016999,16 Others,324,176,148,260,139,121,64,37,27
C0116,09,07,0002,Tehsil - Mawana 0002,019000,19 SINDHI,2142,1089,1053,1660,852,808,482,237,245
C0116,09,07,0002,Tehsil - Mawana 0002,019013, 1 SINDHI,2142,1089,1053,1660,852,808,482,237,245
C0116,09,07,0002,Tehsil - Mawana 0002,020000,20 TAMIL,26,19,7,17,15,2,9,4,5
C0116,09,07,0002,Tehsil - Mawana 0002,020020, 1 TAMIL,26,19,7,17,15,2,9,4,5
C0116,09,07,0002,Tehsil - Mawana 0002,021000,21 TELUGU,67,32,35,0,0,0,67,32,35
C0116,09,07,0002,Tehsil - Mawana 0002,021035, 1 TELUGU,67,32,35,0,0,0,67,32,35
C0116,09,07,0002,Tehsil - Mawana 0002,022000,22 URDU,134907,70632,64275,72925,38360,34565,61982,32272,29710
C0116,09,07,0002,Tehsil - Mawana 0002,022014, 1 URDU,134907,70632,64275,72925,38360,34565,61982,32272,29710
C0116,09,07,0002,Tehsil - Mawana 0002,028000,28 ARABIC/ARBI,1,0,1,0,0,0,1,0,1
C0116,09,07,0002,Tehsil - Mawana 0002,028001, 1 ARABIC/ARBI,1,0,1,0,0,0,1,0,1
C0116,09,07,0002,Tehsil - Mawana 0002,039000,39 DIMASA,6,4,2,0,0,0,6,4,2
C0116,09,07,0002,Tehsil - Mawana 0002,039999,39 Others,6,4,2,0,0,0,6,4,2
C0116,09,07,0002,Tehsil - Mawana 0002,040000,40 ENGLISH,1,0,1,1,0,1,0,0,0
C0116,09,07,0002,Tehsil - Mawana 0002,040001, 1 ENGLISH,1,0,1,1,0,1,0,0,0
C0116,09,07,0002,Tehsil - Mawana 0002,123000,123 OTHERS,58,29,29,46,24,22,12,5,7
C0116,09,07,0003,Tehsil - Meerut 0003,001000,1 ASSAMESE,2868,1494,1374,0,0,0,2868,1494,1374
C0116,09,07,0003,Tehsil - Meerut 0003,001002, 1 ASSAMESE,2867,1493,1374,0,0,0,2867,1493,1374
C0116,09,07,0003,Tehsil - Meerut 0003,001999,1 Others,1,1,0,0,0,0,1,1,0
C0116,09,07,0003,Tehsil - Meerut 0003,002000,2 BENGALI,2866,1715,1151,377,215,162,2489,1500,989
C0116,09,07,0003,Tehsil - Meerut 0003,002004, 1 BENGALI,2866,1715,1151,377,215,162,2489,1500,989
C0116,09,07,0003,Tehsil - Meerut 0003,003000,3 BODO,5,3,2,0,0,0,5,3,2
C0116,09,07,0003,Tehsil - Meerut 0003,003001, 1 BODO,5,3,2,0,0,0,5,3,2
C0116,09,07,0003,Tehsil - Meerut 0003,004000,4 DOGRI,785,653,132,0,0,0,785,653,132
C0116,09,07,0003,Tehsil - Meerut 0003,004001, 1 DOGRI,785,653,132,0,0,0,785,653,132
C0116,09,07,0003,Tehsil - Meerut 0003,005000,5 GUJARATI,741,423,318,1,0,1,740,423,317
C0116,09,07,0003,Tehsil - Meerut 0003,005011, 1 GUJARATI,731,417,314,1,0,1,730,417,313
C0116,09,07,0003,Tehsil - Meerut 0003,005012, 2 GUJRAO/GUJRAU,5,3,2,0,0,0,5,3,2
C0116,09,07,0003,Tehsil - Meerut 0003,005999,5 Others,5,3,2,0,0,0,5,3,2
C0116,09,07,0003,Tehsil - Meerut 0003,006000,6 HINDI,1378488,738976,639512,550074,294894,255180,828414,444082,384332
C0116,09,07,0003,Tehsil - Meerut 0003,006008, 1 AWADHI,11,5,6,0,0,0,11,5,6
C0116,09,07,0003,Tehsil - Meerut 0003,006045, 2 BHOJPURI,431,286,145,17,13,4,414,273,141
C0116,09,07,0003,Tehsil - Meerut 0003,006059, 3 BRAJBHASHA,10,5,5,0,0,0,10,5,5
C0116,09,07,0003,Tehsil - Meerut 0003,006060, 4 BUNDELI/BUNDELKHANDI,188,106,82,13,9,4,175,97,78
C0116,09,07,0003,Tehsil - Meerut 0003,006072, 5 CHHATTISGARHI,94,50,44,24,9,15,70,41,29
C0116,09,07,0003,Tehsil - Meerut 0003,006095, 6 GARHWALI,451,248,203,7,3,4,444,245,199
C0116,09,07,0003,Tehsil - Meerut 0003,006117, 7 HARYANVI,781,445,336,4,0,4,777,445,332
C0116,09,07,0003,Tehsil - Meerut 0003,006118, 8 HINDI,1375407,737130,638277,549892,294788,255104,825515,442342,383173
C0116,09,07,0003,Tehsil - Meerut 0003,006127, 9 JAUNSARI,15,8,7,9,5,4,6,3,3
C0116,09,07,0003,Tehsil - Meerut 0003,006138, 10 KANGRI,2,2,0,0,0,0,2,2,0
C0116,09,07,0003,Tehsil - Meerut 0003,006162, 11 KUMAUNI,328,192,136,1,1,0,327,191,136
C0116,09,07,0003,Tehsil - Meerut 0003,006192, 12 MARWARI,131,72,59,0,0,0,131,72,59
C0116,09,07,0003,Tehsil - Meerut 0003,006195, 13 MEWARI,83,40,43,7,2,5,76,38,38
C0116,09,07,0003,Tehsil - Meerut 0003,006196, 14 MEWATI,1,0,1,0,0,0,1,0,1
C0116,09,07,0003,Tehsil - Meerut 0003,006210, 15 NIMADI,1,1,0,0,0,0,1,1,0
C0116,09,07,0003,Tehsil - Meerut 0003,006213, 16 PAHARI,82,45,37,0,0,0,82,45,37
C0116,09,07,0003,Tehsil - Meerut 0003,006242, 17 RAJASTHANI,125,68,57,52,25,27,73,43,30
C0116,09,07,0003,Tehsil - Meerut 0003,006999,6 Others,347,273,74,48,39,9,299,234,65
C0116,09,07,0003,Tehsil - Meerut 0003,007000,7 KANNADA,200,137,63,0,0,0,200,137,63
C0116,09,07,0003,Tehsil - Meerut 0003,007013, 1 KANNADA,200,137,63,0,0,0,200,137,63
C0116,09,07,0003,Tehsil - Meerut 0003,008000,8 KASHMIRI,65,35,30,7,7,0,58,28,30
C0116,09,07,0003,Tehsil - Meerut 0003,008002, 1 KASHMIRI,65,35,30,7,7,0,58,28,30
C0116,09,07,0003,Tehsil - Meerut 0003,009000,9 KONKANI,7,3,4,0,0,0,7,3,4
C0116,09,07,0003,Tehsil - Meerut 0003,009010, 1 KONKANI,7,3,4,0,0,0,7,3,4
C0116,09,07,0003,Tehsil - Meerut 0003,010000,10 MAITHILI,35,22,13,0,0,0,35,22,13
C0116,09,07,0003,Tehsil - Meerut 0003,010006, 1 MAITHILI,35,22,13,0,0,0,35,22,13
C0116,09,07,0003,Tehsil - Meerut 0003,011000,11 MALAYALAM,887,556,331,11,7,4,876,549,327
C0116,09,07,0003,Tehsil - Meerut 0003,011013, 1 MALAYALAM,866,544,322,11,7,4,855,537,318
C0116,09,07,0003,Tehsil - Meerut 0003,011999,11 Others,21,12,9,0,0,0,21,12,9
C0116,09,07,0003,Tehsil - Meerut 0003,012000,12 MANIPURI,53,38,15,0,0,0,53,38,15
C0116,09,07,0003,Tehsil - Meerut 0003,012002, 1 MANIPURI,53,38,15,0,0,0,53,38,15
C0116,09,07,0003,Tehsil - Meerut 0003,013000,13 MARATHI,1620,1090,530,1,0,1,1619,1090,529
C0116,09,07,0003,Tehsil - Meerut 0003,013048, 1 MARATHI,1620,1090,530,1,0,1,1619,1090,529
C0116,09,07,0003,Tehsil - Meerut 0003,014000,14 NEPALI,5193,3290,1903,1606,940,666,3587,2350,1237
C0116,09,07,0003,Tehsil - Meerut 0003,014009, 1 NEPALI,5191,3288,1903,1606,940,666,3585,2348,1237
C0116,09,07,0003,Tehsil - Meerut 0003,014999,14 Others,2,2,0,0,0,0,2,2,0
C0116,09,07,0003,Tehsil - Meerut 0003,015000,15 ORIYA,523,340,183,13,12,1,510,328,182
C0116,09,07,0003,Tehsil - Meerut 0003,015031, 1 ORIYA,523,340,183,13,12,1,510,328,182
C0116,09,07,0003,Tehsil - Meerut 0003,016000,16 PUNJABI,14325,7898,6427,139,64,75,14186,7834,6352
C0116,09,07,0003,Tehsil - Meerut 0003,016018, 1 PUNJABI,14169,7824,6345,37,19,18,14132,7805,6327
C0116,09,07,0003,Tehsil - Meerut 0003,016999,16 Others,156,74,82,102,45,57,54,29,25
C0116,09,07,0003,Tehsil - Meerut 0003,017000,17 SANSKRIT,30,17,13,0,0,0,30,17,13
C0116,09,07,0003,Tehsil - Meerut 0003,017002, 1 SANSKRIT,30,17,13,0,0,0,30,17,13
C0116,09,07,0003,Tehsil - Meerut 0003,019000,19 SINDHI,145,76,69,1,1,0,144,75,69
C0116,09,07,0003,Tehsil - Meerut 0003,019013, 1 SINDHI,145,76,69,1,1,0,144,75,69
C0116,09,07,0003,Tehsil - Meerut 0003,020000,20 TAMIL,799,535,264,1,1,0,798,534,264
C0116,09,07,0003,Tehsil - Meerut 0003,020020, 1 TAMIL,794,530,264,1,1,0,793,529,264
C0116,09,07,0003,Tehsil - Meerut 0003,020999,20 Others,5,5,0,0,0,0,5,5,0
C0116,09,07,0003,Tehsil - Meerut 0003,021000,21 TELUGU,474,306,168,6,6,0,468,300,168
C0116,09,07,0003,Tehsil - Meerut 0003,021035, 1 TELUGU,474,306,168,6,6,0,468,300,168
C0116,09,07,0003,Tehsil - Meerut 0003,022000,22 URDU,397348,209933,187415,52455,28055,24400,344893,181878,163015
C0116,09,07,0003,Tehsil - Meerut 0003,022014, 1 URDU,397348,209933,187415,52455,28055,24400,344893,181878,163015
C0116,09,07,0003,Tehsil - Meerut 0003,023000,23 ADI,2,2,0,0,0,0,2,2,0
C0116,09,07,0003,Tehsil - Meerut 0003,023002, 1 ADI,1,1,0,0,0,0,1,1,0
C0116,09,07,0003,Tehsil - Meerut 0003,023999,23 Others,1,1,0,0,0,0,1,1,0
C0116,09,07,0003,Tehsil - Meerut 0003,028000,28 ARABIC/ARBI,43,28,15,12,11,1,31,17,14
C0116,09,07,0003,Tehsil - Meerut 0003,028001, 1 ARABIC/ARBI,43,28,15,12,11,1,31,17,14
C0116,09,07,0003,Tehsil - Meerut 0003,030000,30 BHILI/BHILODI,3,3,0,0,0,0,3,3,0
C0116,09,07,0003,Tehsil - Meerut 0003,030027, 1 KOKNA/KOKNI/KUKNA,2,2,0,0,0,0,2,2,0
C0116,09,07,0003,Tehsil - Meerut 0003,030050, 2 TADAVI,1,1,0,0,0,0,1,1,0
C0116,09,07,0003,Tehsil - Meerut 0003,037000,37 COORGI/KODAGU,5,3,2,0,0,0,5,3,2
C0116,09,07,0003,Tehsil - Meerut 0003,037001, 1 COORGI/KODAGU,5,3,2,0,0,0,5,3,2
C0116,09,07,0003,Tehsil - Meerut 0003,040000,40 ENGLISH,97,51,46,3,2,1,94,49,45
C0116,09,07,0003,Tehsil - Meerut 0003,040001, 1 ENGLISH,97,51,46,3,2,1,94,49,45
C0116,09,07,0003,Tehsil - Meerut 0003,043000,43 GARO,1,1,0,0,0,0,1,1,0
C0116,09,07,0003,Tehsil - Meerut 0003,043005, 1 GARO,1,1,0,0,0,0,1,1,0
C0116,09,07,0003,Tehsil - Meerut 0003,062000,62 KODA/KORA,1,1,0,0,0,0,1,1,0
C0116,09,07,0003,Tehsil - Meerut 0003,062003, 1 KODA/KORA,1,1,0,0,0,0,1,1,0
C0116,09,07,0003,Tehsil - Meerut 0003,075000,75 LAHNDA,3,1,2,0,0,0,3,1,2
C0116,09,07,0003,Tehsil - Meerut 0003,075012, 1 MULTANI,3,1,2,0,0,0,3,1,2
C0116,09,07,0003,Tehsil - Meerut 0003,090000,90 MUNDA,1,0,1,0,0,0,1,0,1
C0116,09,07,0003,Tehsil - Meerut 0003,090999,90 Others,1,0,1,0,0,0,1,0,1
C0116,09,07,0003,Tehsil - Meerut 0003,115000,115 TRIPURI,1,1,0,0,0,0,1,1,0
C0116,09,07,0003,Tehsil - Meerut 0003,115006, 1 TRIPURI,1,1,0,0,0,0,1,1,0
C0116,09,07,0003,Tehsil - Meerut 0003,123000,123 OTHERS,297,152,145,54,31,23,243,121,122
C0116,09,08,0000,District - Baghpat *  08,001000,1 ASSAMESE,7,1,6,3,0,3,4,1,3
C0116,09,08,0000,District - Baghpat *  08,001002, 1 ASSAMESE,7,1,6,3,0,3,4,1,3
C0116,09,08,0000,District - Baghpat *  08,002000,2 BENGALI,183,114,69,150,91,59,33,23,10
C0116,09,08,0000,District - Baghpat *  08,002004, 1 BENGALI,183,114,69,150,91,59,33,23,10
C0116,09,08,0000,District - Baghpat *  08,006000,6 HINDI,1106077,599593,506484,906693,492491,414202,199384,107102,92282
C0116,09,08,0000,District - Baghpat *  08,006045, 1 BHOJPURI,43,30,13,33,27,6,10,3,7
C0116,09,08,0000,District - Baghpat *  08,006059, 2 BRAJBHASHA,4,2,2,0,0,0,4,2,2
C0116,09,08,0000,District - Baghpat *  08,006060, 3 BUNDELI/BUNDELKHANDI,33,18,15,24,13,11,9,5,4
C0116,09,08,0000,District - Baghpat *  08,006095, 4 GARHWALI,20,12,8,15,9,6,5,3,2
C0116,09,08,0000,District - Baghpat *  08,006117, 5 HARYANVI,55,8,47,44,8,36,11,0,11
C0116,09,08,0000,District - Baghpat *  08,006118, 6 HINDI,1105827,599464,506363,906507,492392,414115,199320,107072,92248
C0116,09,08,0000,District - Baghpat *  08,006127, 7 JAUNSARI,5,2,3,4,2,2,1,0,1
C0116,09,08,0000,District - Baghpat *  08,006148, 8 KHARI BOLI,45,23,22,45,23,22,0,0,0
C0116,09,08,0000,District - Baghpat *  08,006162, 9 KUMAUNI,3,2,1,3,2,1,0,0,0
C0116,09,08,0000,District - Baghpat *  08,006213, 10 PAHARI,8,8,0,8,8,0,0,0,0
C0116,09,08,0000,District - Baghpat *  08,006242, 11 RAJASTHANI,21,14,7,1,1,0,20,13,7
C0116,09,08,0000,District - Baghpat *  08,006999,6 Others,13,10,3,9,6,3,4,4,0
C0116,09,08,0000,District - Baghpat *  08,007000,7 KANNADA,6,3,3,4,2,2,2,1,1
C0116,09,08,0000,District - Baghpat *  08,007013, 1 KANNADA,6,3,3,4,2,2,2,1,1
C0116,09,08,0000,District - Baghpat *  08,008000,8 KASHMIRI,1,1,0,0,0,0,1,1,0
C0116,09,08,0000,District - Baghpat *  08,008002, 1 KASHMIRI,1,1,0,0,0,0,1,1,0
C0116,09,08,0000,District - Baghpat *  08,010000,10 MAITHILI,1,1,0,1,1,0,0,0,0
C0116,09,08,0000,District - Baghpat *  08,010006, 1 MAITHILI,1,1,0,1,1,0,0,0,0
C0116,09,08,0000,District - Baghpat *  08,011000,11 MALAYALAM,80,24,56,75,22,53,5,2,3
C0116,09,08,0000,District - Baghpat *  08,011013, 1 MALAYALAM,72,19,53,67,17,50,5,2,3
C0116,09,08,0000,District - Baghpat *  08,011999,11 Others,8,5,3,8,5,3,0,0,0
C0116,09,08,0000,District - Baghpat *  08,013000,13 MARATHI,19,12,7,12,7,5,7,5,2
C0116,09,08,0000,District - Baghpat *  08,013048, 1 MARATHI,19,12,7,12,7,5,7,5,2
C0116,09,08,0000,District - Baghpat *  08,014000,14 NEPALI,3889,2102,1787,3215,1742,1473,674,360,314
C0116,09,08,0000,District - Baghpat *  08,014009, 1 NEPALI,3889,2102,1787,3215,1742,1473,674,360,314
C0116,09,08,0000,District - Baghpat *  08,015000,15 ORIYA,93,47,46,9,7,2,84,40,44
C0116,09,08,0000,District - Baghpat *  08,015031, 1 ORIYA,93,47,46,9,7,2,84,40,44
C0116,09,08,0000,District - Baghpat *  08,016000,16 PUNJABI,83,41,42,46,22,24,37,19,18
C0116,09,08,0000,District - Baghpat *  08,016018, 1 PUNJABI,83,41,42,46,22,24,37,19,18
C0116,09,08,0000,District - Baghpat *  08,017000,17 SANSKRIT,5,3,2,0,0,0,5,3,2
C0116,09,08,0000,District - Baghpat *  08,017002, 1 SANSKRIT,5,3,2,0,0,0,5,3,2
C0116,09,08,0000,District - Baghpat *  08,018000,18 SANTALI,4,4,0,4,4,0,0,0,0
C0116,09,08,0000,District - Baghpat *  08,018013, 1 SANTALI,4,4,0,4,4,0,0,0,0
C0116,09,08,0000,District - Baghpat *  08,019000,19 SINDHI,2,2,0,2,2,0,0,0,0
C0116,09,08,0000,District - Baghpat *  08,019013, 1 SINDHI,2,2,0,2,2,0,0,0,0
C0116,09,08,0000,District - Baghpat *  08,020000,20 TAMIL,13,9,4,6,5,1,7,4,3
C0116,09,08,0000,District - Baghpat *  08,020020, 1 TAMIL,13,9,4,6,5,1,7,4,3
C0116,09,08,0000,District - Baghpat *  08,021000,21 TELUGU,35,16,19,4,3,1,31,13,18
C0116,09,08,0000,District - Baghpat *  08,021035, 1 TELUGU,35,16,19,4,3,1,31,13,18
C0116,09,08,0000,District - Baghpat *  08,022000,22 URDU,53469,28096,25373,24319,12762,11557,29150,15334,13816
C0116,09,08,0000,District - Baghpat *  08,022014, 1 URDU,53469,28096,25373,24319,12762,11557,29150,15334,13816
C0116,09,08,0000,District - Baghpat *  08,028000,28 ARABIC/ARBI,2,0,2,1,0,1,1,0,1
C0116,09,08,0000,District - Baghpat *  08,028001, 1 ARABIC/ARBI,2,0,2,1,0,1,1,0,1
C0116,09,08,0000,District - Baghpat *  08,040000,40 ENGLISH,7,5,2,6,4,2,1,1,0
C0116,09,08,0000,District - Baghpat *  08,040001, 1 ENGLISH,7,5,2,6,4,2,1,1,0
C0116,09,08,0000,District - Baghpat *  08,123000,123 OTHERS,15,3,12,9,1,8,6,2,4
C0116,09,08,0001,Tehsil - Baraut ** 0001,001000,1 ASSAMESE,7,1,6,3,0,3,4,1,3
C0116,09,08,0001,Tehsil - Baraut ** 0001,001002, 1 ASSAMESE,7,1,6,3,0,3,4,1,3
C0116,09,08,0001,Tehsil - Baraut ** 0001,002000,2 BENGALI,42,28,14,30,20,10,12,8,4
C0116,09,08,0001,Tehsil - Baraut ** 0001,002004, 1 BENGALI,42,28,14,30,20,10,12,8,4
C0116,09,08,0001,Tehsil - Baraut ** 0001,006000,6 HINDI,613040,333360,279680,500090,272618,227472,112950,60742,52208
C0116,09,08,0001,Tehsil - Baraut ** 0001,006045, 1 BHOJPURI,10,9,1,7,7,0,3,2,1
C0116,09,08,0001,Tehsil - Baraut ** 0001,006060, 2 BUNDELI/BUNDELKHANDI,22,11,11,16,8,8,6,3,3
C0116,09,08,0001,Tehsil - Baraut ** 0001,006095, 3 GARHWALI,4,3,1,4,3,1,0,0,0
C0116,09,08,0001,Tehsil - Baraut ** 0001,006117, 4 HARYANVI,46,6,40,36,6,30,10,0,10
C0116,09,08,0001,Tehsil - Baraut ** 0001,006118, 5 HINDI,612897,333298,279599,499969,272563,227406,112928,60735,52193
C0116,09,08,0001,Tehsil - Baraut ** 0001,006127, 6 JAUNSARI,4,2,2,3,2,1,1,0,1
C0116,09,08,0001,Tehsil - Baraut ** 0001,006148, 7 KHARI BOLI,45,23,22,45,23,22,0,0,0
C0116,09,08,0001,Tehsil - Baraut ** 0001,006162, 8 KUMAUNI,1,0,1,1,0,1,0,0,0
C0116,09,08,0001,Tehsil - Baraut ** 0001,006999,6 Others,11,8,3,9,6,3,2,2,0
C0116,09,08,0001,Tehsil - Baraut ** 0001,007000,7 KANNADA,2,1,1,0,0,0,2,1,1
C0116,09,08,0001,Tehsil - Baraut ** 0001,007013, 1 KANNADA,2,1,1,0,0,0,2,1,1
C0116,09,08,0001,Tehsil - Baraut ** 0001,008000,8 KASHMIRI,1,1,0,0,0,0,1,1,0
C0116,09,08,0001,Tehsil - Baraut ** 0001,008002, 1 KASHMIRI,1,1,0,0,0,0,1,1,0
C0116,09,08,0001,Tehsil - Baraut ** 0001,011000,11 MALAYALAM,26,7,19,22,5,17,4,2,2
C0116,09,08,0001,Tehsil - Baraut ** 0001,011013, 1 MALAYALAM,18,2,16,14,0,14,4,2,2
C0116,09,08,0001,Tehsil - Baraut ** 0001,011999,11 Others,8,5,3,8,5,3,0,0,0
C0116,09,08,0001,Tehsil - Baraut ** 0001,013000,13 MARATHI,7,5,2,1,1,0,6,4,2
C0116,09,08,0001,Tehsil - Baraut ** 0001,013048, 1 MARATHI,7,5,2,1,1,0,6,4,2
C0116,09,08,0001,Tehsil - Baraut ** 0001,014000,14 NEPALI,2320,1246,1074,1919,1017,902,401,229,172
C0116,09,08,0001,Tehsil - Baraut ** 0001,014009, 1 NEPALI,2320,1246,1074,1919,1017,902,401,229,172
C0116,09,08,0001,Tehsil - Baraut ** 0001,015000,15 ORIYA,83,39,44,0,0,0,83,39,44
C0116,09,08,0001,Tehsil - Baraut ** 0001,015031, 1 ORIYA,83,39,44,0,0,0,83,39,44
C0116,09,08,0001,Tehsil - Baraut ** 0001,016000,16 PUNJABI,36,18,18,1,0,1,35,18,17
C0116,09,08,0001,Tehsil - Baraut ** 0001,016018, 1 PUNJABI,36,18,18,1,0,1,35,18,17
C0116,09,08,0001,Tehsil - Baraut ** 0001,017000,17 SANSKRIT,5,3,2,0,0,0,5,3,2
C0116,09,08,0001,Tehsil - Baraut ** 0001,017002, 1 SANSKRIT,5,3,2,0,0,0,5,3,2
C0116,09,08,0001,Tehsil - Baraut ** 0001,018000,18 SANTALI,2,2,0,2,2,0,0,0,0
C0116,09,08,0001,Tehsil - Baraut ** 0001,018013, 1 SANTALI,2,2,0,2,2,0,0,0,0
C0116,09,08,0001,Tehsil - Baraut ** 0001,019000,19 SINDHI,1,1,0,1,1,0,0,0,0
C0116,09,08,0001,Tehsil - Baraut ** 0001,019013, 1 SINDHI,1,1,0,1,1,0,0,0,0
C0116,09,08,0001,Tehsil - Baraut ** 0001,020000,20 TAMIL,6,4,2,0,0,0,6,4,2
C0116,09,08,0001,Tehsil - Baraut ** 0001,020020, 1 TAMIL,6,4,2,0,0,0,6,4,2
C0116,09,08,0001,Tehsil - Baraut ** 0001,021000,21 TELUGU,27,11,16,0,0,0,27,11,16
C0116,09,08,0001,Tehsil - Baraut ** 0001,021035, 1 TELUGU,27,11,16,0,0,0,27,11,16
C0116,09,08,0001,Tehsil - Baraut ** 0001,022000,22 URDU,34440,18093,16347,17781,9318,8463,16659,8775,7884
C0116,09,08,0001,Tehsil - Baraut ** 0001,022014, 1 URDU,34440,18093,16347,17781,9318,8463,16659,8775,7884
C0116,09,08,0001,Tehsil - Baraut ** 0001,040000,40 ENGLISH,1,1,0,0,0,0,1,1,0
C0116,09,08,0001,Tehsil - Baraut ** 0001,040001, 1 ENGLISH,1,1,0,0,0,0,1,1,0
C0116,09,08,0001,Tehsil - Baraut ** 0001,123000,123 OTHERS,5,1,4,5,1,4,0,0,0
C0116,09,08,0002,Tehsil - Baghpat 0002,002000,2 BENGALI,13,9,4,1,0,1,12,9,3
C0116,09,08,0002,Tehsil - Baghpat 0002,002004, 1 BENGALI,13,9,4,1,0,1,12,9,3
C0116,09,08,0002,Tehsil - Baghpat 0002,006000,6 HINDI,181990,98271,83719,141947,76955,64992,40043,21316,18727
C0116,09,08,0002,Tehsil - Baghpat 0002,006045, 1 BHOJPURI,25,13,12,18,12,6,7,1,6
C0116,09,08,0002,Tehsil - Baghpat 0002,006059, 2 BRAJBHASHA,4,2,2,0,0,0,4,2,2
C0116,09,08,0002,Tehsil - Baghpat 0002,006060, 3 BUNDELI/BUNDELKHANDI,3,2,1,2,1,1,1,1,0
C0116,09,08,0002,Tehsil - Baghpat 0002,006095, 4 GARHWALI,13,6,7,8,3,5,5,3,2
C0116,09,08,0002,Tehsil - Baghpat 0002,006117, 5 HARYANVI,4,0,4,4,0,4,0,0,0
C0116,09,08,0002,Tehsil - Baghpat 0002,006118, 6 HINDI,181940,98247,83693,141914,76938,64976,40026,21309,18717
C0116,09,08,0002,Tehsil - Baghpat 0002,006242, 7 RAJASTHANI,1,1,0,1,1,0,0,0,0
C0116,09,08,0002,Tehsil - Baghpat 0002,010000,10 MAITHILI,1,1,0,1,1,0,0,0,0
C0116,09,08,0002,Tehsil - Baghpat 0002,010006, 1 MAITHILI,1,1,0,1,1,0,0,0,0
C0116,09,08,0002,Tehsil - Baghpat 0002,011000,11 MALAYALAM,34,6,28,33,6,27,1,0,1
C0116,09,08,0002,Tehsil - Baghpat 0002,011013, 1 MALAYALAM,34,6,28,33,6,27,1,0,1
C0116,09,08,0002,Tehsil - Baghpat 0002,014000,14 NEPALI,738,396,342,559,317,242,179,79,100
C0116,09,08,0002,Tehsil - Baghpat 0002,014009, 1 NEPALI,738,396,342,559,317,242,179,79,100
C0116,09,08,0002,Tehsil - Baghpat 0002,015000,15 ORIYA,4,3,1,3,2,1,1,1,0
C0116,09,08,0002,Tehsil - Baghpat 0002,015031, 1 ORIYA,4,3,1,3,2,1,1,1,0
C0116,09,08,0002,Tehsil - Baghpat 0002,016000,16 PUNJABI,36,17,19,35,16,19,1,1,0
C0116,09,08,0002,Tehsil - Baghpat 0002,016018, 1 PUNJABI,36,17,19,35,16,19,1,1,0
C0116,09,08,0002,Tehsil - Baghpat 0002,018000,18 SANTALI,2,2,0,2,2,0,0,0,0
C0116,09,08,0002,Tehsil - Baghpat 0002,018013, 1 SANTALI,2,2,0,2,2,0,0,0,0
C0116,09,08,0002,Tehsil - Baghpat 0002,020000,20 TAMIL,2,1,1,1,1,0,1,0,1
C0116,09,08,0002,Tehsil - Baghpat 0002,020020, 1 TAMIL,2,1,1,1,1,0,1,0,1
C0116,09,08,0002,Tehsil - Baghpat 0002,022000,22 URDU,8761,4581,4180,214,125,89,8547,4456,4091
C0116,09,08,0002,Tehsil - Baghpat 0002,022014, 1 URDU,8761,4581,4180,214,125,89,8547,4456,4091
C0116,09,08,0002,Tehsil - Baghpat 0002,028000,28 ARABIC/ARBI,1,0,1,0,0,0,1,0,1
C0116,09,08,0002,Tehsil - Baghpat 0002,028001, 1 ARABIC/ARBI,1,0,1,0,0,0,1,0,1
C0116,09,08,0002,Tehsil - Baghpat 0002,040000,40 ENGLISH,1,1,0,1,1,0,0,0,0
C0116,09,08,0002,Tehsil - Baghpat 0002,040001, 1 ENGLISH,1,1,0,1,1,0,0,0,0
C0116,09,08,0002,Tehsil - Baghpat 0002,123000,123 OTHERS,6,2,4,3,0,3,3,2,1
C0116,09,08,0003,Tehsil - Khekada ** 0003,002000,2 BENGALI,128,77,51,119,71,48,9,6,3
C0116,09,08,0003,Tehsil - Khekada ** 0003,002004, 1 BENGALI,128,77,51,119,71,48,9,6,3
C0116,09,08,0003,Tehsil - Khekada ** 0003,006000,6 HINDI,311047,167962,143085,264656,142918,121738,46391,25044,21347
C0116,09,08,0003,Tehsil - Khekada ** 0003,006045, 1 BHOJPURI,8,8,0,8,8,0,0,0,0
C0116,09,08,0003,Tehsil - Khekada ** 0003,006060, 2 BUNDELI/BUNDELKHANDI,8,5,3,6,4,2,2,1,1
C0116,09,08,0003,Tehsil - Khekada ** 0003,006095, 3 GARHWALI,3,3,0,3,3,0,0,0,0
C0116,09,08,0003,Tehsil - Khekada ** 0003,006117, 4 HARYANVI,5,2,3,4,2,2,1,0,1
C0116,09,08,0003,Tehsil - Khekada ** 0003,006118, 5 HINDI,310990,167919,143071,264624,142891,121733,46366,25028,21338
C0116,09,08,0003,Tehsil - Khekada ** 0003,006127, 6 JAUNSARI,1,0,1,1,0,1,0,0,0
C0116,09,08,0003,Tehsil - Khekada ** 0003,006162, 7 KUMAUNI,2,2,0,2,2,0,0,0,0
C0116,09,08,0003,Tehsil - Khekada ** 0003,006213, 8 PAHARI,8,8,0,8,8,0,0,0,0
C0116,09,08,0003,Tehsil - Khekada ** 0003,006242, 9 RAJASTHANI,20,13,7,0,0,0,20,13,7
C0116,09,08,0003,Tehsil - Khekada ** 0003,006999,6 Others,2,2,0,0,0,0,2,2,0
C0116,09,08,0003,Tehsil - Khekada ** 0003,007000,7 KANNADA,4,2,2,4,2,2,0,0,0
C0116,09,08,0003,Tehsil - Khekada ** 0003,007013, 1 KANNADA,4,2,2,4,2,2,0,0,0
C0116,09,08,0003,Tehsil - Khekada ** 0003,011000,11 MALAYALAM,20,11,9,20,11,9,0,0,0
C0116,09,08,0003,Tehsil - Khekada ** 0003,011013, 1 MALAYALAM,20,11,9,20,11,9,0,0,0
C0116,09,08,0003,Tehsil - Khekada ** 0003,013000,13 MARATHI,12,7,5,11,6,5,1,1,0
C0116,09,08,0003,Tehsil - Khekada ** 0003,013048, 1 MARATHI,12,7,5,11,6,5,1,1,0
C0116,09,08,0003,Tehsil - Khekada ** 0003,014000,14 NEPALI,831,460,371,737,408,329,94,52,42
C0116,09,08,0003,Tehsil - Khekada ** 0003,014009, 1 NEPALI,831,460,371,737,408,329,94,52,42
C0116,09,08,0003,Tehsil - Khekada ** 0003,015000,15 ORIYA,6,5,1,6,5,1,0,0,0
C0116,09,08,0003,Tehsil - Khekada ** 0003,015031, 1 ORIYA,6,5,1,6,5,1,0,0,0
C0116,09,08,0003,Tehsil - Khekada ** 0003,016000,16 PUNJABI,11,6,5,10,6,4,1,0,1
C0116,09,08,0003,Tehsil - Khekada ** 0003,016018, 1 PUNJABI,11,6,5,10,6,4,1,0,1
C0116,09,08,0003,Tehsil - Khekada ** 0003,019000,19 SINDHI,1,1,0,1,1,0,0,0,0
C0116,09,08,0003,Tehsil - Khekada ** 0003,019013, 1 SINDHI,1,1,0,1,1,0,0,0,0
C0116,09,08,0003,Tehsil - Khekada ** 0003,020000,20 TAMIL,5,4,1,5,4,1,0,0,0
C0116,09,08,0003,Tehsil - Khekada ** 0003,020020, 1 TAMIL,5,4,1,5,4,1,0,0,0
C0116,09,08,0003,Tehsil - Khekada ** 0003,021000,21 TELUGU,8,5,3,4,3,1,4,2,2
C0116,09,08,0003,Tehsil - Khekada ** 0003,021035, 1 TELUGU,8,5,3,4,3,1,4,2,2
C0116,09,08,0003,Tehsil - Khekada ** 0003,022000,22 URDU,10268,5422,4846,6324,3319,3005,3944,2103,1841
C0116,09,08,0003,Tehsil - Khekada ** 0003,022014, 1 URDU,10268,5422,4846,6324,3319,3005,3944,2103,1841
C0116,09,08,0003,Tehsil - Khekada ** 0003,028000,28 ARABIC/ARBI,1,0,1,1,0,1,0,0,0
C0116,09,08,0003,Tehsil - Khekada ** 0003,028001, 1 ARABIC/ARBI,1,0,1,1,0,1,0,0,0
C0116,09,08,0003,Tehsil - Khekada ** 0003,040000,40 ENGLISH,5,3,2,5,3,2,0,0,0
C0116,09,08,0003,Tehsil - Khekada ** 0003,040001, 1 ENGLISH,5,3,2,5,3,2,0,0,0
C0116,09,08,0003,Tehsil - Khekada ** 0003,123000,123 OTHERS,4,0,4,1,0,1,3,0,3
C0116,09,09,0000,District - Ghaziabad  09,001000,1 ASSAMESE,117,67,50,53,32,21,64,35,29
C0116,09,09,0000,District - Ghaziabad  09,001002, 1 ASSAMESE,117,67,50,53,32,21,64,35,29
C0116,09,09,0000,District - Ghaziabad  09,002000,2 BENGALI,8456,4528,3928,3409,1854,1555,5047,2674,2373
C0116,09,09,0000,District - Ghaziabad  09,002004, 1 BENGALI,8452,4526,3926,3409,1854,1555,5043,2672,2371
C0116,09,09,0000,District - Ghaziabad  09,002999,2 Others,4,2,2,0,0,0,4,2,2
C0116,09,09,0000,District - Ghaziabad  09,003000,3 BODO,12,7,5,0,0,0,12,7,5
C0116,09,09,0000,District - Ghaziabad  09,003001, 1 BODO,12,7,5,0,0,0,12,7,5
C0116,09,09,0000,District - Ghaziabad  09,004000,4 DOGRI,103,57,46,6,4,2,97,53,44
C0116,09,09,0000,District - Ghaziabad  09,004001, 1 DOGRI,103,57,46,6,4,2,97,53,44
C0116,09,09,0000,District - Ghaziabad  09,005000,5 GUJARATI,341,185,156,128,68,60,213,117,96
C0116,09,09,0000,District - Ghaziabad  09,005011, 1 GUJARATI,325,175,150,127,68,59,198,107,91
C0116,09,09,0000,District - Ghaziabad  09,005036, 2 SAURASHTRA/SAURASHTRI,10,5,5,0,0,0,10,5,5
C0116,09,09,0000,District - Ghaziabad  09,005999,5 Others,6,5,1,1,0,1,5,5,0
C0116,09,09,0000,District - Ghaziabad  09,006000,6 HINDI,2909808,1566699,1343109,1281318,691069,590249,1628490,875630,752860
C0116,09,09,0000,District - Ghaziabad  09,006008, 1 AWADHI,86,47,39,40,21,19,46,26,20
C0116,09,09,0000,District - Ghaziabad  09,006026, 2 BANJARI,3,2,1,0,0,0,3,2,1
C0116,09,09,0000,District - Ghaziabad  09,006045, 3 BHOJPURI,3881,2293,1588,1261,720,541,2620,1573,1047
C0116,09,09,0000,District - Ghaziabad  09,006059, 4 BRAJBHASHA,19,12,7,9,6,3,10,6,4
C0116,09,09,0000,District - Ghaziabad  09,006060, 5 BUNDELI/BUNDELKHANDI,579,329,250,105,58,47,474,271,203
C0116,09,09,0000,District - Ghaziabad  09,006072, 6 CHHATTISGARHI,35,18,17,28,14,14,7,4,3
C0116,09,09,0000,District - Ghaziabad  09,006095, 7 GARHWALI,4953,2676,2277,2161,1176,985,2792,1500,1292
C0116,09,09,0000,District - Ghaziabad  09,006117, 8 HARYANVI,366,156,210,123,35,88,243,121,122
C0116,09,09,0000,District - Ghaziabad  09,006118, 9 HINDI,2896116,1559093,1337023,1276178,688273,587905,1619938,870820,749118
C0116,09,09,0000,District - Ghaziabad  09,006127, 10 JAUNSARI,63,36,27,40,24,16,23,12,11
C0116,09,09,0000,District - Ghaziabad  09,006138, 11 KANGRI,29,17,12,12,7,5,17,10,7
C0116,09,09,0000,District - Ghaziabad  09,006162, 12 KUMAUNI,1825,978,847,807,438,369,1018,540,478
C0116,09,09,0000,District - Ghaziabad  09,006179, 13 MAGADHI/MAGAHI,8,5,3,4,3,1,4,2,2
C0116,09,09,0000,District - Ghaziabad  09,006192, 14 MARWARI,153,77,76,0,0,0,153,77,76
C0116,09,09,0000,District - Ghaziabad  09,006195, 15 MEWARI,16,6,10,5,1,4,11,5,6
C0116,09,09,0000,District - Ghaziabad  09,006196, 16 MEWATI,1,0,1,0,0,0,1,0,1
C0116,09,09,0000,District - Ghaziabad  09,006213, 17 PAHARI,214,114,100,42,22,20,172,92,80
C0116,09,09,0000,District - Ghaziabad  09,006242, 18 RAJASTHANI,337,190,147,81,47,34,256,143,113
C0116,09,09,0000,District - Ghaziabad  09,006999,6 Others,1124,650,474,422,224,198,702,426,276
C0116,09,09,0000,District - Ghaziabad  09,007000,7 KANNADA,284,140,144,7,4,3,277,136,141
C0116,09,09,0000,District - Ghaziabad  09,007013, 1 KANNADA,281,138,143,7,4,3,274,134,140
C0116,09,09,0000,District - Ghaziabad  09,007999,7 Others,3,2,1,0,0,0,3,2,1
C0116,09,09,0000,District - Ghaziabad  09,008000,8 KASHMIRI,1171,596,575,6,2,4,1165,594,571
C0116,09,09,0000,District - Ghaziabad  09,008002, 1 KASHMIRI,1171,596,575,6,2,4,1165,594,571
C0116,09,09,0000,District - Ghaziabad  09,009000,9 KONKANI,42,22,20,0,0,0,42,22,20
C0116,09,09,0000,District - Ghaziabad  09,009010, 1 KONKANI,33,17,16,0,0,0,33,17,16
C0116,09,09,0000,District - Ghaziabad  09,009013, 2 MALWANI,9,5,4,0,0,0,9,5,4
C0116,09,09,0000,District - Ghaziabad  09,010000,10 MAITHILI,1837,1077,760,326,188,138,1511,889,622
C0116,09,09,0000,District - Ghaziabad  09,010006, 1 MAITHILI,1837,1077,760,326,188,138,1511,889,622
C0116,09,09,0000,District - Ghaziabad  09,011000,11 MALAYALAM,3808,1921,1887,67,22,45,3741,1899,1842
C0116,09,09,0000,District - Ghaziabad  09,011013, 1 MALAYALAM,3790,1912,1878,67,22,45,3723,1890,1833
C0116,09,09,0000,District - Ghaziabad  09,011999,11 Others,18,9,9,0,0,0,18,9,9
C0116,09,09,0000,District - Ghaziabad  09,012000,12 MANIPURI,18,12,6,0,0,0,18,12,6
C0116,09,09,0000,District - Ghaziabad  09,012002, 1 MANIPURI,18,12,6,0,0,0,18,12,6
C0116,09,09,0000,District - Ghaziabad  09,013000,13 MARATHI,738,397,341,46,29,17,692,368,324
C0116,09,09,0000,District - Ghaziabad  09,013048, 1 MARATHI,736,396,340,46,29,17,690,367,323
C0116,09,09,0000,District - Ghaziabad  09,013999,13 Others,2,1,1,0,0,0,2,1,1
C0116,09,09,0000,District - Ghaziabad  09,014000,14 NEPALI,16037,8840,7197,6831,3709,3122,9206,5131,4075
C0116,09,09,0000,District - Ghaziabad  09,014009, 1 NEPALI,16037,8840,7197,6831,3709,3122,9206,5131,4075
C0116,09,09,0000,District - Ghaziabad  09,015000,15 ORIYA,1044,621,423,68,39,29,976,582,394
C0116,09,09,0000,District - Ghaziabad  09,015031, 1 ORIYA,1043,621,422,68,39,29,975,582,393
C0116,09,09,0000,District - Ghaziabad  09,015999,15 Others,1,0,1,0,0,0,1,0,1
C0116,09,09,0000,District - Ghaziabad  09,016000,16 PUNJABI,22032,11436,10596,1854,991,863,20178,10445,9733
C0116,09,09,0000,District - Ghaziabad  09,016018, 1 PUNJABI,21892,11367,10525,1839,986,853,20053,10381,9672
C0116,09,09,0000,District - Ghaziabad  09,016999,16 Others,140,69,71,15,5,10,125,64,61
C0116,09,09,0000,District - Ghaziabad  09,017000,17 SANSKRIT,3,1,2,0,0,0,3,1,2
C0116,09,09,0000,District - Ghaziabad  09,017002, 1 SANSKRIT,3,1,2,0,0,0,3,1,2
C0116,09,09,0000,District - Ghaziabad  09,018000,18 SANTALI,6,4,2,0,0,0,6,4,2
C0116,09,09,0000,District - Ghaziabad  09,018013, 1 SANTALI,2,1,1,0,0,0,2,1,1
C0116,09,09,0000,District - Ghaziabad  09,018999,18 Others,4,3,1,0,0,0,4,3,1
C0116,09,09,0000,District - Ghaziabad  09,019000,19 SINDHI,175,91,84,0,0,0,175,91,84
C0116,09,09,0000,District - Ghaziabad  09,019013, 1 SINDHI,175,91,84,0,0,0,175,91,84
C0116,09,09,0000,District - Ghaziabad  09,020000,20 TAMIL,1122,577,545,30,15,15,1092,562,530
C0116,09,09,0000,District - Ghaziabad  09,020020, 1 TAMIL,1115,573,542,30,15,15,1085,558,527
C0116,09,09,0000,District - Ghaziabad  09,020999,20 Others,7,4,3,0,0,0,7,4,3
C0116,09,09,0000,District - Ghaziabad  09,021000,21 TELUGU,1030,551,479,17,10,7,1013,541,472
C0116,09,09,0000,District - Ghaziabad  09,021035, 1 TELUGU,1028,550,478,17,10,7,1011,540,471
C0116,09,09,0000,District - Ghaziabad  09,021999,21 Others,2,1,1,0,0,0,2,1,1
C0116,09,09,0000,District - Ghaziabad  09,022000,22 URDU,321378,170693,150685,179875,95081,84794,141503,75612,65891
C0116,09,09,0000,District - Ghaziabad  09,022014, 1 URDU,321378,170693,150685,179875,95081,84794,141503,75612,65891
C0116,09,09,0000,District - Ghaziabad  09,024000,24 AFGHANI/KABULI/PASHTO,2,1,1,0,0,0,2,1,1
C0116,09,09,0000,District - Ghaziabad  09,024001, 1 AFGHANI/KABULI/PASHTO,2,1,1,0,0,0,2,1,1
C0116,09,09,0000,District - Ghaziabad  09,028000,28 ARABIC/ARBI,119,53,66,49,20,29,70,33,37
C0116,09,09,0000,District - Ghaziabad  09,028001, 1 ARABIC/ARBI,119,53,66,49,20,29,70,33,37
C0116,09,09,0000,District - Ghaziabad  09,030000,30 BHILI/BHILODI,7,3,4,0,0,0,7,3,4
C0116,09,09,0000,District - Ghaziabad  09,030027, 1 KOKNA/KOKNI/KUKNA,7,3,4,0,0,0,7,3,4
C0116,09,09,0000,District - Ghaziabad  09,032000,32 BHUMIJ,13,6,7,0,0,0,13,6,7
C0116,09,09,0000,District - Ghaziabad  09,032999,32 Others,13,6,7,0,0,0,13,6,7
C0116,09,09,0000,District - Ghaziabad  09,039000,39 DIMASA,1,1,0,0,0,0,1,1,0
C0116,09,09,0000,District - Ghaziabad  09,039999,39 Others,1,1,0,0,0,0,1,1,0
C0116,09,09,0000,District - Ghaziabad  09,040000,40 ENGLISH,254,134,120,20,14,6,234,120,114
C0116,09,09,0000,District - Ghaziabad  09,040001, 1 ENGLISH,254,134,120,20,14,6,234,120,114
C0116,09,09,0000,District - Ghaziabad  09,044000,44 GONDI,8,2,6,3,0,3,5,2,3
C0116,09,09,0000,District - Ghaziabad  09,044006, 1 GONDI,3,0,3,3,0,3,0,0,0
C0116,09,09,0000,District - Ghaziabad  09,044999,44 Others,5,2,3,0,0,0,5,2,3
C0116,09,09,0000,District - Ghaziabad  09,048000,48 HO,21,12,9,0,0,0,21,12,9
C0116,09,09,0000,District - Ghaziabad  09,048002, 1 HO,21,12,9,0,0,0,21,12,9
C0116,09,09,0000,District - Ghaziabad  09,072000,72 KURUKH/ORAON,6,5,1,0,0,0,6,5,1
C0116,09,09,0000,District - Ghaziabad  09,072009, 1 KURUKH/ORAON,6,5,1,0,0,0,6,5,1
C0116,09,09,0000,District - Ghaziabad  09,075000,75 LAHNDA,120,59,61,4,2,2,116,57,59
C0116,09,09,0000,District - Ghaziabad  09,075012, 1 MULTANI,120,59,61,4,2,2,116,57,59
C0116,09,09,0000,District - Ghaziabad  09,082000,82 LUSHAI/MIZO,2,1,1,0,0,0,2,1,1
C0116,09,09,0000,District - Ghaziabad  09,082003, 1 LUSHAI/MIZO,2,1,1,0,0,0,2,1,1
C0116,09,09,0000,District - Ghaziabad  09,090000,90 MUNDA,26,14,12,7,5,2,19,9,10
C0116,09,09,0000,District - Ghaziabad  09,090006, 1 MUNDA,10,6,4,0,0,0,10,6,4
C0116,09,09,0000,District - Ghaziabad  09,090999,90 Others,16,8,8,7,5,2,9,3,6
C0116,09,09,0000,District - Ghaziabad  09,091000,91 MUNDARI,6,3,3,0,0,0,6,3,3
C0116,09,09,0000,District - Ghaziabad  09,091004, 1 MUNDARI,6,3,3,0,0,0,6,3,3
C0116,09,09,0000,District - Ghaziabad  09,098000,98 PERSIAN,2,0,2,0,0,0,2,0,2
C0116,09,09,0000,District - Ghaziabad  09,098001, 1 PERSIAN,2,0,2,0,0,0,2,0,2
C0116,09,09,0000,District - Ghaziabad  09,114000,114 TIBETAN,2,1,1,0,0,0,2,1,1
C0116,09,09,0000,District - Ghaziabad  09,114008, 1 TIBETAN,2,1,1,0,0,0,2,1,1
C0116,09,09,0000,District - Ghaziabad  09,116000,116 TULU,4,3,1,0,0,0,4,3,1
C0116,09,09,0000,District - Ghaziabad  09,116009, 1 TULU,4,3,1,0,0,0,4,3,1
C0116,09,09,0000,District - Ghaziabad  09,123000,123 OTHERS,431,222,209,47,28,19,384,194,190
C0116,09,09,0001,Tehsil - Modinagar 0001,001000,1 ASSAMESE,21,13,8,20,12,8,1,1,0
C0116,09,09,0001,Tehsil - Modinagar 0001,001002, 1 ASSAMESE,21,13,8,20,12,8,1,1,0
C0116,09,09,0001,Tehsil - Modinagar 0001,002000,2 BENGALI,2266,1208,1058,1922,1042,880,344,166,178
C0116,09,09,0001,Tehsil - Modinagar 0001,002004, 1 BENGALI,2266,1208,1058,1922,1042,880,344,166,178
C0116,09,09,0001,Tehsil - Modinagar 0001,004000,4 DOGRI,12,8,4,0,0,0,12,8,4
C0116,09,09,0001,Tehsil - Modinagar 0001,004001, 1 DOGRI,12,8,4,0,0,0,12,8,4
C0116,09,09,0001,Tehsil - Modinagar 0001,005000,5 GUJARATI,8,2,6,2,0,2,6,2,4
C0116,09,09,0001,Tehsil - Modinagar 0001,005011, 1 GUJARATI,7,2,5,1,0,1,6,2,4
C0116,09,09,0001,Tehsil - Modinagar 0001,005999,5 Others,1,0,1,1,0,1,0,0,0
C0116,09,09,0001,Tehsil - Modinagar 0001,006000,6 HINDI,512028,275081,236947,281448,151712,129736,230580,123369,107211
C0116,09,09,0001,Tehsil - Modinagar 0001,006045, 1 BHOJPURI,443,278,165,344,224,120,99,54,45
C0116,09,09,0001,Tehsil - Modinagar 0001,006060, 2 BUNDELI/BUNDELKHANDI,66,36,30,21,13,8,45,23,22
C0116,09,09,0001,Tehsil - Modinagar 0001,006072, 3 CHHATTISGARHI,1,0,1,1,0,1,0,0,0
C0116,09,09,0001,Tehsil - Modinagar 0001,006095, 4 GARHWALI,99,60,39,7,6,1,92,54,38
C0116,09,09,0001,Tehsil - Modinagar 0001,006117, 5 HARYANVI,88,25,63,29,0,29,59,25,34
C0116,09,09,0001,Tehsil - Modinagar 0001,006118, 6 HINDI,511176,274589,236587,281003,151444,129559,230173,123145,107028
C0116,09,09,0001,Tehsil - Modinagar 0001,006127, 7 JAUNSARI,11,7,4,10,6,4,1,1,0
C0116,09,09,0001,Tehsil - Modinagar 0001,006138, 8 KANGRI,4,2,2,0,0,0,4,2,2
C0116,09,09,0001,Tehsil - Modinagar 0001,006162, 9 KUMAUNI,48,24,24,1,0,1,47,24,23
C0116,09,09,0001,Tehsil - Modinagar 0001,006213, 10 PAHARI,22,13,9,0,0,0,22,13,9
C0116,09,09,0001,Tehsil - Modinagar 0001,006242, 11 RAJASTHANI,34,19,15,23,12,11,11,7,4
C0116,09,09,0001,Tehsil - Modinagar 0001,006999,6 Others,36,28,8,9,7,2,27,21,6
C0116,09,09,0001,Tehsil - Modinagar 0001,007000,7 KANNADA,26,12,14,0,0,0,26,12,14
C0116,09,09,0001,Tehsil - Modinagar 0001,007013, 1 KANNADA,26,12,14,0,0,0,26,12,14
C0116,09,09,0001,Tehsil - Modinagar 0001,010000,10 MAITHILI,26,18,8,14,13,1,12,5,7
C0116,09,09,0001,Tehsil - Modinagar 0001,010006, 1 MAITHILI,26,18,8,14,13,1,12,5,7
C0116,09,09,0001,Tehsil - Modinagar 0001,011000,11 MALAYALAM,162,80,82,7,2,5,155,78,77
C0116,09,09,0001,Tehsil - Modinagar 0001,011013, 1 MALAYALAM,153,75,78,7,2,5,146,73,73
C0116,09,09,0001,Tehsil - Modinagar 0001,011999,11 Others,9,5,4,0,0,0,9,5,4
C0116,09,09,0001,Tehsil - Modinagar 0001,013000,13 MARATHI,71,40,31,2,1,1,69,39,30
C0116,09,09,0001,Tehsil - Modinagar 0001,013048, 1 MARATHI,71,40,31,2,1,1,69,39,30
C0116,09,09,0001,Tehsil - Modinagar 0001,014000,14 NEPALI,2549,1416,1133,1404,781,623,1145,635,510
C0116,09,09,0001,Tehsil - Modinagar 0001,014009, 1 NEPALI,2549,1416,1133,1404,781,623,1145,635,510
C0116,09,09,0001,Tehsil - Modinagar 0001,015000,15 ORIYA,55,27,28,20,11,9,35,16,19
C0116,09,09,0001,Tehsil - Modinagar 0001,015031, 1 ORIYA,55,27,28,20,11,9,35,16,19
C0116,09,09,0001,Tehsil - Modinagar 0001,016000,16 PUNJABI,2053,1075,978,83,47,36,1970,1028,942
C0116,09,09,0001,Tehsil - Modinagar 0001,016018, 1 PUNJABI,2046,1071,975,83,47,36,1963,1024,939
C0116,09,09,0001,Tehsil - Modinagar 0001,016999,16 Others,7,4,3,0,0,0,7,4,3
C0116,09,09,0001,Tehsil - Modinagar 0001,020000,20 TAMIL,47,32,15,4,2,2,43,30,13
C0116,09,09,0001,Tehsil - Modinagar 0001,020020, 1 TAMIL,47,32,15,4,2,2,43,30,13
C0116,09,09,0001,Tehsil - Modinagar 0001,021000,21 TELUGU,24,13,11,0,0,0,24,13,11
C0116,09,09,0001,Tehsil - Modinagar 0001,021035, 1 TELUGU,24,13,11,0,0,0,24,13,11
C0116,09,09,0001,Tehsil - Modinagar 0001,022000,22 URDU,35979,19002,16977,14728,7769,6959,21251,11233,10018
C0116,09,09,0001,Tehsil - Modinagar 0001,022014, 1 URDU,35979,19002,16977,14728,7769,6959,21251,11233,10018
C0116,09,09,0001,Tehsil - Modinagar 0001,028000,28 ARABIC/ARBI,37,17,20,0,0,0,37,17,20
C0116,09,09,0001,Tehsil - Modinagar 0001,028001, 1 ARABIC/ARBI,37,17,20,0,0,0,37,17,20
C0116,09,09,0001,Tehsil - Modinagar 0001,032000,32 BHUMIJ,13,6,7,0,0,0,13,6,7
C0116,09,09,0001,Tehsil - Modinagar 0001,032999,32 Others,13,6,7,0,0,0,13,6,7
C0116,09,09,0001,Tehsil - Modinagar 0001,040000,40 ENGLISH,20,13,7,1,1,0,19,12,7
C0116,09,09,0001,Tehsil - Modinagar 0001,040001, 1 ENGLISH,20,13,7,1,1,0,19,12,7
C0116,09,09,0001,Tehsil - Modinagar 0001,123000,123 OTHERS,23,16,7,3,3,0,20,13,7
C0116,09,09,0002,Tehsil - Ghaziabad 0002,001000,1 ASSAMESE,63,34,29,1,1,0,62,33,29
C0116,09,09,0002,Tehsil - Ghaziabad 0002,001002, 1 ASSAMESE,63,34,29,1,1,0,62,33,29
C0116,09,09,0002,Tehsil - Ghaziabad 0002,002000,2 BENGALI,4965,2638,2327,461,250,211,4504,2388,2116
C0116,09,09,0002,Tehsil - Ghaziabad 0002,002004, 1 BENGALI,4961,2636,2325,461,250,211,4500,2386,2114
C0116,09,09,0002,Tehsil - Ghaziabad 0002,002999,2 Others,4,2,2,0,0,0,4,2,2
C0116,09,09,0002,Tehsil - Ghaziabad 0002,003000,3 BODO,12,7,5,0,0,0,12,7,5
C0116,09,09,0002,Tehsil - Ghaziabad 0002,003001, 1 BODO,12,7,5,0,0,0,12,7,5
C0116,09,09,0002,Tehsil - Ghaziabad 0002,004000,4 DOGRI,90,48,42,5,3,2,85,45,40
C0116,09,09,0002,Tehsil - Ghaziabad 0002,004001, 1 DOGRI,90,48,42,5,3,2,85,45,40
C0116,09,09,0002,Tehsil - Ghaziabad 0002,005000,5 GUJARATI,299,163,136,92,48,44,207,115,92
C0116,09,09,0002,Tehsil - Ghaziabad 0002,005011, 1 GUJARATI,284,153,131,92,48,44,192,105,87
C0116,09,09,0002,Tehsil - Ghaziabad 0002,005036, 2 SAURASHTRA/SAURASHTRI,10,5,5,0,0,0,10,5,5
C0116,09,09,0002,Tehsil - Ghaziabad 0002,005999,5 Others,5,5,0,0,0,0,5,5,0
C0116,09,09,0002,Tehsil - Ghaziabad 0002,006000,6 HINDI,1489652,804903,684749,345118,187995,157123,1144534,616908,527626
C0116,09,09,0002,Tehsil - Ghaziabad 0002,006008, 1 AWADHI,84,46,38,40,21,19,44,25,19
C0116,09,09,0002,Tehsil - Ghaziabad 0002,006026, 2 BANJARI,3,2,1,0,0,0,3,2,1
C0116,09,09,0002,Tehsil - Ghaziabad 0002,006045, 3 BHOJPURI,3330,1956,1374,841,457,384,2489,1499,990
C0116,09,09,0002,Tehsil - Ghaziabad 0002,006059, 4 BRAJBHASHA,19,12,7,9,6,3,10,6,4
C0116,09,09,0002,Tehsil - Ghaziabad 0002,006060, 5 BUNDELI/BUNDELKHANDI,463,267,196,62,34,28,401,233,168
C0116,09,09,0002,Tehsil - Ghaziabad 0002,006072, 6 CHHATTISGARHI,7,4,3,0,0,0,7,4,3
C0116,09,09,0002,Tehsil - Ghaziabad 0002,006095, 7 GARHWALI,4809,2592,2217,2146,1166,980,2663,1426,1237
C0116,09,09,0002,Tehsil - Ghaziabad 0002,006117, 8 HARYANVI,254,119,135,74,24,50,180,95,85
C0116,09,09,0002,Tehsil - Ghaziabad 0002,006118, 9 HINDI,1477261,798040,679221,340719,185629,155090,1136542,612411,524131
C0116,09,09,0002,Tehsil - Ghaziabad 0002,006127, 10 JAUNSARI,23,11,12,4,1,3,19,10,9
C0116,09,09,0002,Tehsil - Ghaziabad 0002,006138, 11 KANGRI,25,15,10,12,7,5,13,8,5
C0116,09,09,0002,Tehsil - Ghaziabad 0002,006162, 12 KUMAUNI,1762,943,819,805,437,368,957,506,451
C0116,09,09,0002,Tehsil - Ghaziabad 0002,006179, 13 MAGADHI/MAGAHI,8,5,3,4,3,1,4,2,2
C0116,09,09,0002,Tehsil - Ghaziabad 0002,006192, 14 MARWARI,153,77,76,0,0,0,153,77,76
C0116,09,09,0002,Tehsil - Ghaziabad 0002,006195, 15 MEWARI,16,6,10,5,1,4,11,5,6
C0116,09,09,0002,Tehsil - Ghaziabad 0002,006196, 16 MEWATI,1,0,1,0,0,0,1,0,1
C0116,09,09,0002,Tehsil - Ghaziabad 0002,006213, 17 PAHARI,192,101,91,42,22,20,150,79,71
C0116,09,09,0002,Tehsil - Ghaziabad 0002,006242, 18 RAJASTHANI,272,151,121,31,17,14,241,134,107
C0116,09,09,0002,Tehsil - Ghaziabad 0002,006999,6 Others,970,556,414,324,170,154,646,386,260
C0116,09,09,0002,Tehsil - Ghaziabad 0002,007000,7 KANNADA,258,128,130,7,4,3,251,124,127
C0116,09,09,0002,Tehsil - Ghaziabad 0002,007013, 1 KANNADA,255,126,129,7,4,3,248,122,126
C0116,09,09,0002,Tehsil - Ghaziabad 0002,007999,7 Others,3,2,1,0,0,0,3,2,1
C0116,09,09,0002,Tehsil - Ghaziabad 0002,008000,8 KASHMIRI,1165,590,575,6,2,4,1159,588,571
C0116,09,09,0002,Tehsil - Ghaziabad 0002,008002, 1 KASHMIRI,1165,590,575,6,2,4,1159,588,571
C0116,09,09,0002,Tehsil - Ghaziabad 0002,009000,9 KONKANI,42,22,20,0,0,0,42,22,20
C0116,09,09,0002,Tehsil - Ghaziabad 0002,009010, 1 KONKANI,33,17,16,0,0,0,33,17,16
C0116,09,09,0002,Tehsil - Ghaziabad 0002,009013, 2 MALWANI,9,5,4,0,0,0,9,5,4
C0116,09,09,0002,Tehsil - Ghaziabad 0002,010000,10 MAITHILI,1759,1025,734,286,160,126,1473,865,608
C0116,09,09,0002,Tehsil - Ghaziabad 0002,010006, 1 MAITHILI,1759,1025,734,286,160,126,1473,865,608
C0116,09,09,0002,Tehsil - Ghaziabad 0002,011000,11 MALAYALAM,3574,1812,1762,32,12,20,3542,1800,1742
C0116,09,09,0002,Tehsil - Ghaziabad 0002,011013, 1 MALAYALAM,3565,1808,1757,32,12,20,3533,1796,1737
C0116,09,09,0002,Tehsil - Ghaziabad 0002,011999,11 Others,9,4,5,0,0,0,9,4,5
C0116,09,09,0002,Tehsil - Ghaziabad 0002,012000,12 MANIPURI,18,12,6,0,0,0,18,12,6
C0116,09,09,0002,Tehsil - Ghaziabad 0002,012002, 1 MANIPURI,18,12,6,0,0,0,18,12,6
C0116,09,09,0002,Tehsil - Ghaziabad 0002,013000,13 MARATHI,623,329,294,44,28,16,579,301,278
C0116,09,09,0002,Tehsil - Ghaziabad 0002,013048, 1 MARATHI,621,328,293,44,28,16,577,300,277
C0116,09,09,0002,Tehsil - Ghaziabad 0002,013999,13 Others,2,1,1,0,0,0,2,1,1
C0116,09,09,0002,Tehsil - Ghaziabad 0002,014000,14 NEPALI,8470,4747,3723,1481,842,639,6989,3905,3084
C0116,09,09,0002,Tehsil - Ghaziabad 0002,014009, 1 NEPALI,8470,4747,3723,1481,842,639,6989,3905,3084
C0116,09,09,0002,Tehsil - Ghaziabad 0002,015000,15 ORIYA,905,546,359,38,20,18,867,526,341
C0116,09,09,0002,Tehsil - Ghaziabad 0002,015031, 1 ORIYA,904,546,358,38,20,18,866,526,340
C0116,09,09,0002,Tehsil - Ghaziabad 0002,015999,15 Others,1,0,1,0,0,0,1,0,1
C0116,09,09,0002,Tehsil - Ghaziabad 0002,016000,16 PUNJABI,16329,8423,7906,415,219,196,15914,8204,7710
C0116,09,09,0002,Tehsil - Ghaziabad 0002,016018, 1 PUNJABI,16196,8358,7838,400,214,186,15796,8144,7652
C0116,09,09,0002,Tehsil - Ghaziabad 0002,016999,16 Others,133,65,68,15,5,10,118,60,58
C0116,09,09,0002,Tehsil - Ghaziabad 0002,017000,17 SANSKRIT,3,1,2,0,0,0,3,1,2
C0116,09,09,0002,Tehsil - Ghaziabad 0002,017002, 1 SANSKRIT,3,1,2,0,0,0,3,1,2
C0116,09,09,0002,Tehsil - Ghaziabad 0002,018000,18 SANTALI,6,4,2,0,0,0,6,4,2
C0116,09,09,0002,Tehsil - Ghaziabad 0002,018013, 1 SANTALI,2,1,1,0,0,0,2,1,1
C0116,09,09,0002,Tehsil - Ghaziabad 0002,018999,18 Others,4,3,1,0,0,0,4,3,1
C0116,09,09,0002,Tehsil - Ghaziabad 0002,019000,19 SINDHI,175,91,84,0,0,0,175,91,84
C0116,09,09,0002,Tehsil - Ghaziabad 0002,019013, 1 SINDHI,175,91,84,0,0,0,175,91,84
C0116,09,09,0002,Tehsil - Ghaziabad 0002,020000,20 TAMIL,1049,531,518,25,13,12,1024,518,506
C0116,09,09,0002,Tehsil - Ghaziabad 0002,020020, 1 TAMIL,1042,527,515,25,13,12,1017,514,503
C0116,09,09,0002,Tehsil - Ghaziabad 0002,020999,20 Others,7,4,3,0,0,0,7,4,3
C0116,09,09,0002,Tehsil - Ghaziabad 0002,021000,21 TELUGU,995,534,461,15,10,5,980,524,456
C0116,09,09,0002,Tehsil - Ghaziabad 0002,021035, 1 TELUGU,993,533,460,15,10,5,978,523,455
C0116,09,09,0002,Tehsil - Ghaziabad 0002,021999,21 Others,2,1,1,0,0,0,2,1,1
C0116,09,09,0002,Tehsil - Ghaziabad 0002,022000,22 URDU,98212,52676,45536,39433,21027,18406,58779,31649,27130
C0116,09,09,0002,Tehsil - Ghaziabad 0002,022014, 1 URDU,98212,52676,45536,39433,21027,18406,58779,31649,27130
C0116,09,09,0002,Tehsil - Ghaziabad 0002,024000,24 AFGHANI/KABULI/PASHTO,2,1,1,0,0,0,2,1,1
C0116,09,09,0002,Tehsil - Ghaziabad 0002,024001, 1 AFGHANI/KABULI/PASHTO,2,1,1,0,0,0,2,1,1
C0116,09,09,0002,Tehsil - Ghaziabad 0002,028000,28 ARABIC/ARBI,66,29,37,33,13,20,33,16,17
C0116,09,09,0002,Tehsil - Ghaziabad 0002,028001, 1 ARABIC/ARBI,66,29,37,33,13,20,33,16,17
C0116,09,09,0002,Tehsil - Ghaziabad 0002,030000,30 BHILI/BHILODI,7,3,4,0,0,0,7,3,4
C0116,09,09,0002,Tehsil - Ghaziabad 0002,030027, 1 KOKNA/KOKNI/KUKNA,7,3,4,0,0,0,7,3,4
C0116,09,09,0002,Tehsil - Ghaziabad 0002,039000,39 DIMASA,1,1,0,0,0,0,1,1,0
C0116,09,09,0002,Tehsil - Ghaziabad 0002,039999,39 Others,1,1,0,0,0,0,1,1,0
C0116,09,09,0002,Tehsil - Ghaziabad 0002,040000,40 ENGLISH,214,107,107,7,5,2,207,102,105
C0116,09,09,0002,Tehsil - Ghaziabad 0002,040001, 1 ENGLISH,214,107,107,7,5,2,207,102,105
C0116,09,09,0002,Tehsil - Ghaziabad 0002,044000,44 GONDI,8,2,6,3,0,3,5,2,3
C0116,09,09,0002,Tehsil - Ghaziabad 0002,044006, 1 GONDI,3,0,3,3,0,3,0,0,0
C0116,09,09,0002,Tehsil - Ghaziabad 0002,044999,44 Others,5,2,3,0,0,0,5,2,3
C0116,09,09,0002,Tehsil - Ghaziabad 0002,048000,48 HO,21,12,9,0,0,0,21,12,9
C0116,09,09,0002,Tehsil - Ghaziabad 0002,048002, 1 HO,21,12,9,0,0,0,21,12,9
C0116,09,09,0002,Tehsil - Ghaziabad 0002,072000,72 KURUKH/ORAON,6,5,1,0,0,0,6,5,1
C0116,09,09,0002,Tehsil - Ghaziabad 0002,072009, 1 KURUKH/ORAON,6,5,1,0,0,0,6,5,1
C0116,09,09,0002,Tehsil - Ghaziabad 0002,075000,75 LAHNDA,120,59,61,4,2,2,116,57,59
C0116,09,09,0002,Tehsil - Ghaziabad 0002,075012, 1 MULTANI,120,59,61,4,2,2,116,57,59
C0116,09,09,0002,Tehsil - Ghaziabad 0002,082000,82 LUSHAI/MIZO,2,1,1,0,0,0,2,1,1
C0116,09,09,0002,Tehsil - Ghaziabad 0002,082003, 1 LUSHAI/MIZO,2,1,1,0,0,0,2,1,1
C0116,09,09,0002,Tehsil - Ghaziabad 0002,090000,90 MUNDA,23,13,10,7,5,2,16,8,8
C0116,09,09,0002,Tehsil - Ghaziabad 0002,090006, 1 MUNDA,10,6,4,0,0,0,10,6,4
C0116,09,09,0002,Tehsil - Ghaziabad 0002,090999,90 Others,13,7,6,7,5,2,6,2,4
C0116,09,09,0002,Tehsil - Ghaziabad 0002,091000,91 MUNDARI,6,3,3,0,0,0,6,3,3
C0116,09,09,0002,Tehsil - Ghaziabad 0002,091004, 1 MUNDARI,6,3,3,0,0,0,6,3,3
C0116,09,09,0002,Tehsil - Ghaziabad 0002,098000,98 PERSIAN,2,0,2,0,0,0,2,0,2
C0116,09,09,0002,Tehsil - Ghaziabad 0002,098001, 1 PERSIAN,2,0,2,0,0,0,2,0,2
C0116,09,09,0002,Tehsil - Ghaziabad 0002,114000,114 TIBETAN,2,1,1,0,0,0,2,1,1
C0116,09,09,0002,Tehsil - Ghaziabad 0002,114008, 1 TIBETAN,2,1,1,0,0,0,2,1,1
C0116,09,09,0002,Tehsil - Ghaziabad 0002,116000,116 TULU,4,3,1,0,0,0,4,3,1
C0116,09,09,0002,Tehsil - Ghaziabad 0002,116009, 1 TULU,4,3,1,0,0,0,4,3,1
C0116,09,09,0002,Tehsil - Ghaziabad 0002,123000,123 OTHERS,362,181,181,20,10,10,342,171,171
C0116,09,09,0003,Tehsil - Hapur 0003,001000,1 ASSAMESE,13,10,3,12,9,3,1,1,0
C0116,09,09,0003,Tehsil - Hapur 0003,001002, 1 ASSAMESE,13,10,3,12,9,3,1,1,0
C0116,09,09,0003,Tehsil - Hapur 0003,002000,2 BENGALI,557,332,225,363,214,149,194,118,76
C0116,09,09,0003,Tehsil - Hapur 0003,002004, 1 BENGALI,557,332,225,363,214,149,194,118,76
C0116,09,09,0003,Tehsil - Hapur 0003,006000,6 HINDI,633252,339785,293467,410473,220938,189535,222779,118847,103932
C0116,09,09,0003,Tehsil - Hapur 0003,006008, 1 AWADHI,2,1,1,0,0,0,2,1,1
C0116,09,09,0003,Tehsil - Hapur 0003,006045, 2 BHOJPURI,103,56,47,72,37,35,31,19,12
C0116,09,09,0003,Tehsil - Hapur 0003,006060, 3 BUNDELI/BUNDELKHANDI,39,20,19,12,6,6,27,14,13
C0116,09,09,0003,Tehsil - Hapur 0003,006095, 4 GARHWALI,39,20,19,7,4,3,32,16,16
C0116,09,09,0003,Tehsil - Hapur 0003,006117, 5 HARYANVI,22,10,12,18,9,9,4,1,3
C0116,09,09,0003,Tehsil - Hapur 0003,006118, 6 HINDI,632884,339582,293302,410251,220818,189433,222633,118764,103869
C0116,09,09,0003,Tehsil - Hapur 0003,006127, 7 JAUNSARI,20,12,8,17,11,6,3,1,2
C0116,09,09,0003,Tehsil - Hapur 0003,006162, 8 KUMAUNI,14,10,4,0,0,0,14,10,4
C0116,09,09,0003,Tehsil - Hapur 0003,006242, 9 RAJASTHANI,17,11,6,13,9,4,4,2,2
C0116,09,09,0003,Tehsil - Hapur 0003,006999,6 Others,112,63,49,83,44,39,29,19,10
C0116,09,09,0003,Tehsil - Hapur 0003,008000,8 KASHMIRI,6,6,0,0,0,0,6,6,0
C0116,09,09,0003,Tehsil - Hapur 0003,008002, 1 KASHMIRI,6,6,0,0,0,0,6,6,0
C0116,09,09,0003,Tehsil - Hapur 0003,010000,10 MAITHILI,52,34,18,26,15,11,26,19,7
C0116,09,09,0003,Tehsil - Hapur 0003,010006, 1 MAITHILI,52,34,18,26,15,11,26,19,7
C0116,09,09,0003,Tehsil - Hapur 0003,011000,11 MALAYALAM,52,24,28,16,3,13,36,21,15
C0116,09,09,0003,Tehsil - Hapur 0003,011013, 1 MALAYALAM,52,24,28,16,3,13,36,21,15
C0116,09,09,0003,Tehsil - Hapur 0003,013000,13 MARATHI,44,28,16,0,0,0,44,28,16
C0116,09,09,0003,Tehsil - Hapur 0003,013048, 1 MARATHI,44,28,16,0,0,0,44,28,16
C0116,09,09,0003,Tehsil - Hapur 0003,014000,14 NEPALI,3201,1716,1485,2216,1167,1049,985,549,436
C0116,09,09,0003,Tehsil - Hapur 0003,014009, 1 NEPALI,3201,1716,1485,2216,1167,1049,985,549,436
C0116,09,09,0003,Tehsil - Hapur 0003,015000,15 ORIYA,84,48,36,10,8,2,74,40,34
C0116,09,09,0003,Tehsil - Hapur 0003,015031, 1 ORIYA,84,48,36,10,8,2,74,40,34
C0116,09,09,0003,Tehsil - Hapur 0003,016000,16 PUNJABI,2494,1312,1182,295,150,145,2199,1162,1037
C0116,09,09,0003,Tehsil - Hapur 0003,016018, 1 PUNJABI,2494,1312,1182,295,150,145,2199,1162,1037
C0116,09,09,0003,Tehsil - Hapur 0003,020000,20 TAMIL,26,14,12,1,0,1,25,14,11
C0116,09,09,0003,Tehsil - Hapur 0003,020020, 1 TAMIL,26,14,12,1,0,1,25,14,11
C0116,09,09,0003,Tehsil - Hapur 0003,021000,21 TELUGU,11,4,7,2,0,2,9,4,5
C0116,09,09,0003,Tehsil - Hapur 0003,021035, 1 TELUGU,11,4,7,2,0,2,9,4,5
C0116,09,09,0003,Tehsil - Hapur 0003,022000,22 URDU,134030,71176,62854,75609,40055,35554,58421,31121,27300
C0116,09,09,0003,Tehsil - Hapur 0003,022014, 1 URDU,134030,71176,62854,75609,40055,35554,58421,31121,27300
C0116,09,09,0003,Tehsil - Hapur 0003,028000,28 ARABIC/ARBI,15,7,8,15,7,8,0,0,0
C0116,09,09,0003,Tehsil - Hapur 0003,028001, 1 ARABIC/ARBI,15,7,8,15,7,8,0,0,0
C0116,09,09,0003,Tehsil - Hapur 0003,040000,40 ENGLISH,18,13,5,10,7,3,8,6,2
C0116,09,09,0003,Tehsil - Hapur 0003,040001, 1 ENGLISH,18,13,5,10,7,3,8,6,2
C0116,09,09,0003,Tehsil - Hapur 0003,123000,123 OTHERS,44,24,20,22,14,8,22,10,12
C0116,09,09,0004,Tehsil - Garhmukteshwar 0004,001000,1 ASSAMESE,20,10,10,20,10,10,0,0,0
C0116,09,09,0004,Tehsil - Garhmukteshwar 0004,001002, 1 ASSAMESE,20,10,10,20,10,10,0,0,0
C0116,09,09,0004,Tehsil - Garhmukteshwar 0004,002000,2 BENGALI,668,350,318,663,348,315,5,2,3
C0116,09,09,0004,Tehsil - Garhmukteshwar 0004,002004, 1 BENGALI,668,350,318,663,348,315,5,2,3
C0116,09,09,0004,Tehsil - Garhmukteshwar 0004,004000,4 DOGRI,1,1,0,1,1,0,0,0,0
C0116,09,09,0004,Tehsil - Garhmukteshwar 0004,004001, 1 DOGRI,1,1,0,1,1,0,0,0,0
C0116,09,09,0004,Tehsil - Garhmukteshwar 0004,005000,5 GUJARATI,34,20,14,34,20,14,0,0,0
C0116,09,09,0004,Tehsil - Garhmukteshwar 0004,005011, 1 GUJARATI,34,20,14,34,20,14,0,0,0
C0116,09,09,0004,Tehsil - Garhmukteshwar 0004,006000,6 HINDI,274876,146930,127946,244279,130424,113855,30597,16506,14091
C0116,09,09,0004,Tehsil - Garhmukteshwar 0004,006045, 1 BHOJPURI,5,3,2,4,2,2,1,1,0
C0116,09,09,0004,Tehsil - Garhmukteshwar 0004,006060, 2 BUNDELI/BUNDELKHANDI,11,6,5,10,5,5,1,1,0
C0116,09,09,0004,Tehsil - Garhmukteshwar 0004,006072, 3 CHHATTISGARHI,27,14,13,27,14,13,0,0,0
C0116,09,09,0004,Tehsil - Garhmukteshwar 0004,006095, 4 GARHWALI,6,4,2,1,0,1,5,4,1
C0116,09,09,0004,Tehsil - Garhmukteshwar 0004,006117, 5 HARYANVI,2,2,0,2,2,0,0,0,0
C0116,09,09,0004,Tehsil - Garhmukteshwar 0004,006118, 6 HINDI,274795,146882,127913,244205,130382,113823,30590,16500,14090
C0116,09,09,0004,Tehsil - Garhmukteshwar 0004,006127, 7 JAUNSARI,9,6,3,9,6,3,0,0,0
C0116,09,09,0004,Tehsil - Garhmukteshwar 0004,006162, 8 KUMAUNI,1,1,0,1,1,0,0,0,0
C0116,09,09,0004,Tehsil - Garhmukteshwar 0004,006242, 9 RAJASTHANI,14,9,5,14,9,5,0,0,0
C0116,09,09,0004,Tehsil - Garhmukteshwar 0004,006999,6 Others,6,3,3,6,3,3,0,0,0
C0116,09,09,0004,Tehsil - Garhmukteshwar 0004,011000,11 MALAYALAM,20,5,15,12,5,7,8,0,8
C0116,09,09,0004,Tehsil - Garhmukteshwar 0004,011013, 1 MALAYALAM,20,5,15,12,5,7,8,0,8
C0116,09,09,0004,Tehsil - Garhmukteshwar 0004,014000,14 NEPALI,1817,961,856,1730,919,811,87,42,45
C0116,09,09,0004,Tehsil - Garhmukteshwar 0004,014009, 1 NEPALI,1817,961,856,1730,919,811,87,42,45
C0116,09,09,0004,Tehsil - Garhmukteshwar 0004,016000,16 PUNJABI,1156,626,530,1061,575,486,95,51,44
C0116,09,09,0004,Tehsil - Garhmukteshwar 0004,016018, 1 PUNJABI,1156,626,530,1061,575,486,95,51,44
C0116,09,09,0004,Tehsil - Garhmukteshwar 0004,022000,22 URDU,53157,27839,25318,50105,26230,23875,3052,1609,1443
C0116,09,09,0004,Tehsil - Garhmukteshwar 0004,022014, 1 URDU,53157,27839,25318,50105,26230,23875,3052,1609,1443
C0116,09,09,0004,Tehsil - Garhmukteshwar 0004,028000,28 ARABIC/ARBI,1,0,1,1,0,1,0,0,0
C0116,09,09,0004,Tehsil - Garhmukteshwar 0004,028001, 1 ARABIC/ARBI,1,0,1,1,0,1,0,0,0
C0116,09,09,0004,Tehsil - Garhmukteshwar 0004,040000,40 ENGLISH,2,1,1,2,1,1,0,0,0
C0116,09,09,0004,Tehsil - Garhmukteshwar 0004,040001, 1 ENGLISH,2,1,1,2,1,1,0,0,0
C0116,09,09,0004,Tehsil - Garhmukteshwar 0004,090000,90 MUNDA,3,1,2,0,0,0,3,1,2
C0116,09,09,0004,Tehsil - Garhmukteshwar 0004,090999,90 Others,3,1,2,0,0,0,3,1,2
C0116,09,09,0004,Tehsil - Garhmukteshwar 0004,123000,123 OTHERS,2,1,1,2,1,1,0,0,0
C0116,09,10,0000,District - Gautam Buddha Nagar *  10,001000,1 ASSAMESE,178,107,71,24,14,10,154,93,61
C0116,09,10,0000,District - Gautam Buddha Nagar *  10,001002, 1 ASSAMESE,177,106,71,24,14,10,153,92,61
C0116,09,10,0000,District - Gautam Buddha Nagar *  10,001999,1 Others,1,1,0,0,0,0,1,1,0
C0116,09,10,0000,District - Gautam Buddha Nagar *  10,002000,2 BENGALI,12067,6428,5639,1414,832,582,10653,5596,5057
C0116,09,10,0000,District - Gautam Buddha Nagar *  10,002004, 1 BENGALI,12067,6428,5639,1414,832,582,10653,5596,5057
C0116,09,10,0000,District - Gautam Buddha Nagar *  10,004000,4 DOGRI,155,88,67,7,3,4,148,85,63
C0116,09,10,0000,District - Gautam Buddha Nagar *  10,004001, 1 DOGRI,155,88,67,7,3,4,148,85,63
C0116,09,10,0000,District - Gautam Buddha Nagar *  10,005000,5 GUJARATI,186,89,97,2,1,1,184,88,96
C0116,09,10,0000,District - Gautam Buddha Nagar *  10,005011, 1 GUJARATI,177,84,93,2,1,1,175,83,92
C0116,09,10,0000,District - Gautam Buddha Nagar *  10,005012, 2 GUJRAO/GUJRAU,1,1,0,0,0,0,1,1,0
C0116,09,10,0000,District - Gautam Buddha Nagar *  10,005999,5 Others,8,4,4,0,0,0,8,4,4
C0116,09,10,0000,District - Gautam Buddha Nagar *  10,006000,6 HINDI,1126806,612068,514738,733003,395377,337626,393803,216691,177112
C0116,09,10,0000,District - Gautam Buddha Nagar *  10,006008, 1 AWADHI,121,78,43,2,1,1,119,77,42
C0116,09,10,0000,District - Gautam Buddha Nagar *  10,006026, 2 BANJARI,1,1,0,0,0,0,1,1,0
C0116,09,10,0000,District - Gautam Buddha Nagar *  10,006045, 3 BHOJPURI,2493,1555,938,263,154,109,2230,1401,829
C0116,09,10,0000,District - Gautam Buddha Nagar *  10,006059, 4 BRAJBHASHA,38,23,15,0,0,0,38,23,15
C0116,09,10,0000,District - Gautam Buddha Nagar *  10,006060, 5 BUNDELI/BUNDELKHANDI,403,256,147,90,57,33,313,199,114
C0116,09,10,0000,District - Gautam Buddha Nagar *  10,006072, 6 CHHATTISGARHI,42,25,17,0,0,0,42,25,17
C0116,09,10,0000,District - Gautam Buddha Nagar *  10,006095, 7 GARHWALI,1737,991,746,89,53,36,1648,938,710
C0116,09,10,0000,District - Gautam Buddha Nagar *  10,006103, 8 GOJRI,1,0,1,0,0,0,1,0,1
C0116,09,10,0000,District - Gautam Buddha Nagar *  10,006117, 9 HARYANVI,121,47,74,9,1,8,112,46,66
C0116,09,10,0000,District - Gautam Buddha Nagar *  10,006118, 10 HINDI,1120503,608328,512175,732476,395059,337417,388027,213269,174758
C0116,09,10,0000,District - Gautam Buddha Nagar *  10,006127, 11 JAUNSARI,21,12,9,12,7,5,9,5,4
C0116,09,10,0000,District - Gautam Buddha Nagar *  10,006138, 12 KANGRI,4,2,2,0,0,0,4,2,2
C0116,09,10,0000,District - Gautam Buddha Nagar *  10,006162, 13 KUMAUNI,737,414,323,11,7,4,726,407,319
C0116,09,10,0000,District - Gautam Buddha Nagar *  10,006179, 14 MAGADHI/MAGAHI,18,12,6,0,0,0,18,12,6
C0116,09,10,0000,District - Gautam Buddha Nagar *  10,006192, 15 MARWARI,45,27,18,0,0,0,45,27,18
C0116,09,10,0000,District - Gautam Buddha Nagar *  10,006195, 16 MEWARI,8,3,5,0,0,0,8,3,5
C0116,09,10,0000,District - Gautam Buddha Nagar *  10,006213, 17 PAHARI,163,92,71,0,0,0,163,92,71
C0116,09,10,0000,District - Gautam Buddha Nagar *  10,006242, 18 RAJASTHANI,124,70,54,3,2,1,121,68,53
C0116,09,10,0000,District - Gautam Buddha Nagar *  10,006251, 19 SADAN/SADRI,2,1,1,0,0,0,2,1,1
C0116,09,10,0000,District - Gautam Buddha Nagar *  10,006999,6 Others,224,131,93,48,36,12,176,95,81
C0116,09,10,0000,District - Gautam Buddha Nagar *  10,007000,7 KANNADA,292,147,145,29,15,14,263,132,131
C0116,09,10,0000,District - Gautam Buddha Nagar *  10,007013, 1 KANNADA,290,146,144,27,14,13,263,132,131
C0116,09,10,0000,District - Gautam Buddha Nagar *  10,007999,7 Others,2,1,1,2,1,1,0,0,0
C0116,09,10,0000,District - Gautam Buddha Nagar *  10,008000,8 KASHMIRI,1073,532,541,21,11,10,1052,521,531
C0116,09,10,0000,District - Gautam Buddha Nagar *  10,008002, 1 KASHMIRI,1061,527,534,21,11,10,1040,516,524
C0116,09,10,0000,District - Gautam Buddha Nagar *  10,008999,8 Others,12,5,7,0,0,0,12,5,7
C0116,09,10,0000,District - Gautam Buddha Nagar *  10,009000,9 KONKANI,29,16,13,0,0,0,29,16,13
C0116,09,10,0000,District - Gautam Buddha Nagar *  10,009010, 1 KONKANI,28,16,12,0,0,0,28,16,12
C0116,09,10,0000,District - Gautam Buddha Nagar *  10,009999,9 Others,1,0,1,0,0,0,1,0,1
C0116,09,10,0000,District - Gautam Buddha Nagar *  10,010000,10 MAITHILI,2278,1473,805,147,79,68,2131,1394,737
C0116,09,10,0000,District - Gautam Buddha Nagar *  10,010006, 1 MAITHILI,2278,1473,805,147,79,68,2131,1394,737
C0116,09,10,0000,District - Gautam Buddha Nagar *  10,011000,11 MALAYALAM,3754,1897,1857,112,65,47,3642,1832,1810
C0116,09,10,0000,District - Gautam Buddha Nagar *  10,011013, 1 MALAYALAM,3571,1800,1771,69,39,30,3502,1761,1741
C0116,09,10,0000,District - Gautam Buddha Nagar *  10,011999,11 Others,183,97,86,43,26,17,140,71,69
C0116,09,10,0000,District - Gautam Buddha Nagar *  10,012000,12 MANIPURI,26,24,2,0,0,0,26,24,2
C0116,09,10,0000,District - Gautam Buddha Nagar *  10,012002, 1 MANIPURI,26,24,2,0,0,0,26,24,2
C0116,09,10,0000,District - Gautam Buddha Nagar *  10,013000,13 MARATHI,983,534,449,37,23,14,946,511,435
C0116,09,10,0000,District - Gautam Buddha Nagar *  10,013048, 1 MARATHI,982,533,449,37,23,14,945,510,435
C0116,09,10,0000,District - Gautam Buddha Nagar *  10,013999,13 Others,1,1,0,0,0,0,1,1,0
C0116,09,10,0000,District - Gautam Buddha Nagar *  10,014000,14 NEPALI,13690,7760,5930,9602,5315,4287,4088,2445,1643
C0116,09,10,0000,District - Gautam Buddha Nagar *  10,014009, 1 NEPALI,13688,7759,5929,9602,5315,4287,4086,2444,1642
C0116,09,10,0000,District - Gautam Buddha Nagar *  10,014999,14 Others,2,1,1,0,0,0,2,1,1
C0116,09,10,0000,District - Gautam Buddha Nagar *  10,015000,15 ORIYA,1488,939,549,360,232,128,1128,707,421
C0116,09,10,0000,District - Gautam Buddha Nagar *  10,015031, 1 ORIYA,1488,939,549,360,232,128,1128,707,421
C0116,09,10,0000,District - Gautam Buddha Nagar *  10,016000,16 PUNJABI,11710,6000,5710,643,339,304,11067,5661,5406
C0116,09,10,0000,District - Gautam Buddha Nagar *  10,016018, 1 PUNJABI,11676,5986,5690,643,339,304,11033,5647,5386
C0116,09,10,0000,District - Gautam Buddha Nagar *  10,016999,16 Others,34,14,20,0,0,0,34,14,20
C0116,09,10,0000,District - Gautam Buddha Nagar *  10,017000,17 SANSKRIT,9,6,3,8,6,2,1,0,1
C0116,09,10,0000,District - Gautam Buddha Nagar *  10,017002, 1 SANSKRIT,9,6,3,8,6,2,1,0,1
C0116,09,10,0000,District - Gautam Buddha Nagar *  10,018000,18 SANTALI,29,16,13,5,3,2,24,13,11
C0116,09,10,0000,District - Gautam Buddha Nagar *  10,018013, 1 SANTALI,24,13,11,0,0,0,24,13,11
C0116,09,10,0000,District - Gautam Buddha Nagar *  10,018999,18 Others,5,3,2,5,3,2,0,0,0
C0116,09,10,0000,District - Gautam Buddha Nagar *  10,019000,19 SINDHI,252,133,119,6,2,4,246,131,115
C0116,09,10,0000,District - Gautam Buddha Nagar *  10,019013, 1 SINDHI,251,133,118,5,2,3,246,131,115
C0116,09,10,0000,District - Gautam Buddha Nagar *  10,019999,19 Others,1,0,1,1,0,1,0,0,0
C0116,09,10,0000,District - Gautam Buddha Nagar *  10,020000,20 TAMIL,2640,1398,1242,90,51,39,2550,1347,1203
C0116,09,10,0000,District - Gautam Buddha Nagar *  10,020007, 1 KAIKADI,7,4,3,0,0,0,7,4,3
C0116,09,10,0000,District - Gautam Buddha Nagar *  10,020020, 2 TAMIL,2627,1389,1238,90,51,39,2537,1338,1199
C0116,09,10,0000,District - Gautam Buddha Nagar *  10,020999,20 Others,6,5,1,0,0,0,6,5,1
C0116,09,10,0000,District - Gautam Buddha Nagar *  10,021000,21 TELUGU,817,448,369,42,23,19,775,425,350
C0116,09,10,0000,District - Gautam Buddha Nagar *  10,021035, 1 TELUGU,817,448,369,42,23,19,775,425,350
C0116,09,10,0000,District - Gautam Buddha Nagar *  10,022000,22 URDU,21784,11753,10031,6847,3602,3245,14937,8151,6786
C0116,09,10,0000,District - Gautam Buddha Nagar *  10,022014, 1 URDU,21784,11753,10031,6847,3602,3245,14937,8151,6786
C0116,09,10,0000,District - Gautam Buddha Nagar *  10,023000,23 ADI,2,2,0,0,0,0,2,2,0
C0116,09,10,0000,District - Gautam Buddha Nagar *  10,023002, 1 ADI,2,2,0,0,0,0,2,2,0
C0116,09,10,0000,District - Gautam Buddha Nagar *  10,026000,26 ANGAMI,1,0,1,0,0,0,1,0,1
C0116,09,10,0000,District - Gautam Buddha Nagar *  10,026002, 1 ANGAMI,1,0,1,0,0,0,1,0,1
C0116,09,10,0000,District - Gautam Buddha Nagar *  10,028000,28 ARABIC/ARBI,22,13,9,5,4,1,17,9,8
C0116,09,10,0000,District - Gautam Buddha Nagar *  10,028001, 1 ARABIC/ARBI,22,13,9,5,4,1,17,9,8
C0116,09,10,0000,District - Gautam Buddha Nagar *  10,030000,30 BHILI/BHILODI,22,6,16,0,0,0,22,6,16
C0116,09,10,0000,District - Gautam Buddha Nagar *  10,030006, 1 BHILALI,1,1,0,0,0,0,1,1,0
C0116,09,10,0000,District - Gautam Buddha Nagar *  10,030013, 2 DHODIA,3,1,2,0,0,0,3,1,2
C0116,09,10,0000,District - Gautam Buddha Nagar *  10,030019, 3 GARASIA,2,0,2,0,0,0,2,0,2
C0116,09,10,0000,District - Gautam Buddha Nagar *  10,030027, 4 KOKNA/KOKNI/KUKNA,10,1,9,0,0,0,10,1,9
C0116,09,10,0000,District - Gautam Buddha Nagar *  10,030999,30 Others,6,3,3,0,0,0,6,3,3
C0116,09,10,0000,District - Gautam Buddha Nagar *  10,032000,32 BHUMIJ,1,1,0,0,0,0,1,1,0
C0116,09,10,0000,District - Gautam Buddha Nagar *  10,032999,32 Others,1,1,0,0,0,0,1,1,0
C0116,09,10,0000,District - Gautam Buddha Nagar *  10,040000,40 ENGLISH,469,255,214,90,52,38,379,203,176
C0116,09,10,0000,District - Gautam Buddha Nagar *  10,040001, 1 ENGLISH,469,255,214,90,52,38,379,203,176
C0116,09,10,0000,District - Gautam Buddha Nagar *  10,041000,41 GADABA,1,1,0,0,0,0,1,1,0
C0116,09,10,0000,District - Gautam Buddha Nagar *  10,041001, 1 GADABA,1,1,0,0,0,0,1,1,0
C0116,09,10,0000,District - Gautam Buddha Nagar *  10,043000,43 GARO,1,1,0,0,0,0,1,1,0
C0116,09,10,0000,District - Gautam Buddha Nagar *  10,043999,43 Others,1,1,0,0,0,0,1,1,0
C0116,09,10,0000,District - Gautam Buddha Nagar *  10,044000,44 GONDI,17,11,6,0,0,0,17,11,6
C0116,09,10,0000,District - Gautam Buddha Nagar *  10,044999,44 Others,17,11,6,0,0,0,17,11,6
C0116,09,10,0000,District - Gautam Buddha Nagar *  10,053000,53 KHANDESHI,12,7,5,0,0,0,12,7,5
C0116,09,10,0000,District - Gautam Buddha Nagar *  10,053002, 1 AHIRANI,2,2,0,0,0,0,2,2,0
C0116,09,10,0000,District - Gautam Buddha Nagar *  10,053005, 2 GUJARI,10,5,5,0,0,0,10,5,5
C0116,09,10,0000,District - Gautam Buddha Nagar *  10,054000,54 KHARIA,6,2,4,0,0,0,6,2,4
C0116,09,10,0000,District - Gautam Buddha Nagar *  10,054999,54 Others,6,2,4,0,0,0,6,2,4
C0116,09,10,0000,District - Gautam Buddha Nagar *  10,055000,55 KHASI,3,2,1,0,0,0,3,2,1
C0116,09,10,0000,District - Gautam Buddha Nagar *  10,055006, 1 KHASI,3,2,1,0,0,0,3,2,1
C0116,09,10,0000,District - Gautam Buddha Nagar *  10,068000,68 KORWA,1,0,1,0,0,0,1,0,1
C0116,09,10,0000,District - Gautam Buddha Nagar *  10,068999,68 Others,1,0,1,0,0,0,1,0,1
C0116,09,10,0000,District - Gautam Buddha Nagar *  10,072000,72 KURUKH/ORAON,6,5,1,0,0,0,6,5,1
C0116,09,10,0000,District - Gautam Buddha Nagar *  10,072009, 1 KURUKH/ORAON,5,4,1,0,0,0,5,4,1
C0116,09,10,0000,District - Gautam Buddha Nagar *  10,072999,72 Others,1,1,0,0,0,0,1,1,0
C0116,09,10,0000,District - Gautam Buddha Nagar *  10,073000,73 LADAKHI,12,6,6,0,0,0,12,6,6
C0116,09,10,0000,District - Gautam Buddha Nagar *  10,073002, 1 LADAKHI,12,6,6,0,0,0,12,6,6
C0116,09,10,0000,District - Gautam Buddha Nagar *  10,075000,75 LAHNDA,3,1,2,0,0,0,3,1,2
C0116,09,10,0000,District - Gautam Buddha Nagar *  10,075012, 1 MULTANI,3,1,2,0,0,0,3,1,2
C0116,09,10,0000,District - Gautam Buddha Nagar *  10,090000,90 MUNDA,4,3,1,0,0,0,4,3,1
C0116,09,10,0000,District - Gautam Buddha Nagar *  10,090006, 1 MUNDA,3,3,0,0,0,0,3,3,0
C0116,09,10,0000,District - Gautam Buddha Nagar *  10,090999,90 Others,1,0,1,0,0,0,1,0,1
C0116,09,10,0000,District - Gautam Buddha Nagar *  10,091000,91 MUNDARI,5,2,3,0,0,0,5,2,3
C0116,09,10,0000,District - Gautam Buddha Nagar *  10,091999,91 Others,5,2,3,0,0,0,5,2,3
C0116,09,10,0000,District - Gautam Buddha Nagar *  10,105000,105 SAVARA,1,0,1,0,0,0,1,0,1
C0116,09,10,0000,District - Gautam Buddha Nagar *  10,105999,105 Others,1,0,1,0,0,0,1,0,1
C0116,09,10,0000,District - Gautam Buddha Nagar *  10,110000,110 TAMANG,1,0,1,0,0,0,1,0,1
C0116,09,10,0000,District - Gautam Buddha Nagar *  10,110001, 1 TAMANG,1,0,1,0,0,0,1,0,1
C0116,09,10,0000,District - Gautam Buddha Nagar *  10,113000,113 THADO,3,3,0,2,2,0,1,1,0
C0116,09,10,0000,District - Gautam Buddha Nagar *  10,113999,113 Others,3,3,0,2,2,0,1,1,0
C0116,09,10,0000,District - Gautam Buddha Nagar *  10,114000,114 TIBETAN,1,0,1,0,0,0,1,0,1
C0116,09,10,0000,District - Gautam Buddha Nagar *  10,114999,114 Others,1,0,1,0,0,0,1,0,1
C0116,09,10,0000,District - Gautam Buddha Nagar *  10,116000,116 TULU,22,13,9,1,1,0,21,12,9
C0116,09,10,0000,District - Gautam Buddha Nagar *  10,116009, 1 TULU,21,12,9,0,0,0,21,12,9
C0116,09,10,0000,District - Gautam Buddha Nagar *  10,116999,116 Others,1,1,0,1,1,0,0,0,0
C0116,09,10,0000,District - Gautam Buddha Nagar *  10,121000,121 ZEMI,3,3,0,0,0,0,3,3,0
C0116,09,10,0000,District - Gautam Buddha Nagar *  10,121999,121 Others,3,3,0,0,0,0,3,3,0
C0116,09,10,0000,District - Gautam Buddha Nagar *  10,123000,123 OTHERS,1165,626,539,118,79,39,1047,547,500
C0116,09,10,0001,Tehsil - Dadri 0001,001000,1 ASSAMESE,178,107,71,24,14,10,154,93,61
C0116,09,10,0001,Tehsil - Dadri 0001,001002, 1 ASSAMESE,177,106,71,24,14,10,153,92,61
C0116,09,10,0001,Tehsil - Dadri 0001,001999,1 Others,1,1,0,0,0,0,1,1,0
C0116,09,10,0001,Tehsil - Dadri 0001,002000,2 BENGALI,12011,6399,5612,1369,808,561,10642,5591,5051
C0116,09,10,0001,Tehsil - Dadri 0001,002004, 1 BENGALI,12011,6399,5612,1369,808,561,10642,5591,5051
C0116,09,10,0001,Tehsil - Dadri 0001,004000,4 DOGRI,155,88,67,7,3,4,148,85,63
C0116,09,10,0001,Tehsil - Dadri 0001,004001, 1 DOGRI,155,88,67,7,3,4,148,85,63
C0116,09,10,0001,Tehsil - Dadri 0001,005000,5 GUJARATI,186,89,97,2,1,1,184,88,96
C0116,09,10,0001,Tehsil - Dadri 0001,005011, 1 GUJARATI,177,84,93,2,1,1,175,83,92
C0116,09,10,0001,Tehsil - Dadri 0001,005012, 2 GUJRAO/GUJRAU,1,1,0,0,0,0,1,1,0
C0116,09,10,0001,Tehsil - Dadri 0001,005999,5 Others,8,4,4,0,0,0,8,4,4
C0116,09,10,0001,Tehsil - Dadri 0001,006000,6 HINDI,625916,342851,283065,304474,164706,139768,321442,178145,143297
C0116,09,10,0001,Tehsil - Dadri 0001,006008, 1 AWADHI,120,77,43,1,0,1,119,77,42
C0116,09,10,0001,Tehsil - Dadri 0001,006026, 2 BANJARI,1,1,0,0,0,0,1,1,0
C0116,09,10,0001,Tehsil - Dadri 0001,006045, 3 BHOJPURI,2486,1550,936,256,149,107,2230,1401,829
C0116,09,10,0001,Tehsil - Dadri 0001,006059, 4 BRAJBHASHA,38,23,15,0,0,0,38,23,15
C0116,09,10,0001,Tehsil - Dadri 0001,006060, 5 BUNDELI/BUNDELKHANDI,390,247,143,80,50,30,310,197,113
C0116,09,10,0001,Tehsil - Dadri 0001,006072, 6 CHHATTISGARHI,42,25,17,0,0,0,42,25,17
C0116,09,10,0001,Tehsil - Dadri 0001,006095, 7 GARHWALI,1704,973,731,59,35,24,1645,938,707
C0116,09,10,0001,Tehsil - Dadri 0001,006103, 8 GOJRI,1,0,1,0,0,0,1,0,1
C0116,09,10,0001,Tehsil - Dadri 0001,006117, 9 HARYANVI,118,46,72,9,1,8,109,45,64
C0116,09,10,0001,Tehsil - Dadri 0001,006118, 10 HINDI,619680,339151,280529,304004,164425,139579,315676,174726,140950
C0116,09,10,0001,Tehsil - Dadri 0001,006127, 11 JAUNSARI,14,8,6,5,3,2,9,5,4
C0116,09,10,0001,Tehsil - Dadri 0001,006138, 12 KANGRI,4,2,2,0,0,0,4,2,2
C0116,09,10,0001,Tehsil - Dadri 0001,006162, 13 KUMAUNI,737,414,323,11,7,4,726,407,319
C0116,09,10,0001,Tehsil - Dadri 0001,006179, 14 MAGADHI/MAGAHI,18,12,6,0,0,0,18,12,6
C0116,09,10,0001,Tehsil - Dadri 0001,006192, 15 MARWARI,45,27,18,0,0,0,45,27,18
C0116,09,10,0001,Tehsil - Dadri 0001,006195, 16 MEWARI,8,3,5,0,0,0,8,3,5
C0116,09,10,0001,Tehsil - Dadri 0001,006213, 17 PAHARI,163,92,71,0,0,0,163,92,71
C0116,09,10,0001,Tehsil - Dadri 0001,006242, 18 RAJASTHANI,123,70,53,3,2,1,120,68,52
C0116,09,10,0001,Tehsil - Dadri 0001,006251, 19 SADAN/SADRI,2,1,1,0,0,0,2,1,1
C0116,09,10,0001,Tehsil - Dadri 0001,006999,6 Others,222,129,93,46,34,12,176,95,81
C0116,09,10,0001,Tehsil - Dadri 0001,007000,7 KANNADA,288,145,143,29,15,14,259,130,129
C0116,09,10,0001,Tehsil - Dadri 0001,007013, 1 KANNADA,286,144,142,27,14,13,259,130,129
C0116,09,10,0001,Tehsil - Dadri 0001,007999,7 Others,2,1,1,2,1,1,0,0,0
C0116,09,10,0001,Tehsil - Dadri 0001,008000,8 KASHMIRI,1066,528,538,14,7,7,1052,521,531
C0116,09,10,0001,Tehsil - Dadri 0001,008002, 1 KASHMIRI,1054,523,531,14,7,7,1040,516,524
C0116,09,10,0001,Tehsil - Dadri 0001,008999,8 Others,12,5,7,0,0,0,12,5,7
C0116,09,10,0001,Tehsil - Dadri 0001,009000,9 KONKANI,29,16,13,0,0,0,29,16,13
C0116,09,10,0001,Tehsil - Dadri 0001,009010, 1 KONKANI,28,16,12,0,0,0,28,16,12
C0116,09,10,0001,Tehsil - Dadri 0001,009999,9 Others,1,0,1,0,0,0,1,0,1
C0116,09,10,0001,Tehsil - Dadri 0001,010000,10 MAITHILI,2276,1471,805,145,77,68,2131,1394,737
C0116,09,10,0001,Tehsil - Dadri 0001,010006, 1 MAITHILI,2276,1471,805,145,77,68,2131,1394,737
C0116,09,10,0001,Tehsil - Dadri 0001,011000,11 MALAYALAM,3750,1895,1855,110,64,46,3640,1831,1809
C0116,09,10,0001,Tehsil - Dadri 0001,011013, 1 MALAYALAM,3567,1798,1769,67,38,29,3500,1760,1740
C0116,09,10,0001,Tehsil - Dadri 0001,011999,11 Others,183,97,86,43,26,17,140,71,69
C0116,09,10,0001,Tehsil - Dadri 0001,012000,12 MANIPURI,26,24,2,0,0,0,26,24,2
C0116,09,10,0001,Tehsil - Dadri 0001,012002, 1 MANIPURI,26,24,2,0,0,0,26,24,2
C0116,09,10,0001,Tehsil - Dadri 0001,013000,13 MARATHI,977,530,447,34,21,13,943,509,434
C0116,09,10,0001,Tehsil - Dadri 0001,013048, 1 MARATHI,976,529,447,34,21,13,942,508,434
C0116,09,10,0001,Tehsil - Dadri 0001,013999,13 Others,1,1,0,0,0,0,1,1,0
C0116,09,10,0001,Tehsil - Dadri 0001,014000,14 NEPALI,9564,5451,4113,5685,3120,2565,3879,2331,1548
C0116,09,10,0001,Tehsil - Dadri 0001,014009, 1 NEPALI,9562,5450,4112,5685,3120,2565,3877,2330,1547
C0116,09,10,0001,Tehsil - Dadri 0001,014999,14 Others,2,1,1,0,0,0,2,1,1
C0116,09,10,0001,Tehsil - Dadri 0001,015000,15 ORIYA,1486,938,548,358,231,127,1128,707,421
C0116,09,10,0001,Tehsil - Dadri 0001,015031, 1 ORIYA,1486,938,548,358,231,127,1128,707,421
C0116,09,10,0001,Tehsil - Dadri 0001,016000,16 PUNJABI,11299,5788,5511,253,134,119,11046,5654,5392
C0116,09,10,0001,Tehsil - Dadri 0001,016018, 1 PUNJABI,11275,5778,5497,253,134,119,11022,5644,5378
C0116,09,10,0001,Tehsil - Dadri 0001,016999,16 Others,24,10,14,0,0,0,24,10,14
C0116,09,10,0001,Tehsil - Dadri 0001,017000,17 SANSKRIT,7,5,2,6,5,1,1,0,1
C0116,09,10,0001,Tehsil - Dadri 0001,017002, 1 SANSKRIT,7,5,2,6,5,1,1,0,1
C0116,09,10,0001,Tehsil - Dadri 0001,018000,18 SANTALI,29,16,13,5,3,2,24,13,11
C0116,09,10,0001,Tehsil - Dadri 0001,018013, 1 SANTALI,24,13,11,0,0,0,24,13,11
C0116,09,10,0001,Tehsil - Dadri 0001,018999,18 Others,5,3,2,5,3,2,0,0,0
C0116,09,10,0001,Tehsil - Dadri 0001,019000,19 SINDHI,252,133,119,6,2,4,246,131,115
C0116,09,10,0001,Tehsil - Dadri 0001,019013, 1 SINDHI,251,133,118,5,2,3,246,131,115
C0116,09,10,0001,Tehsil - Dadri 0001,019999,19 Others,1,0,1,1,0,1,0,0,0
C0116,09,10,0001,Tehsil - Dadri 0001,020000,20 TAMIL,2620,1387,1233,70,40,30,2550,1347,1203
C0116,09,10,0001,Tehsil - Dadri 0001,020007, 1 KAIKADI,7,4,3,0,0,0,7,4,3
C0116,09,10,0001,Tehsil - Dadri 0001,020020, 2 TAMIL,2607,1378,1229,70,40,30,2537,1338,1199
C0116,09,10,0001,Tehsil - Dadri 0001,020999,20 Others,6,5,1,0,0,0,6,5,1
C0116,09,10,0001,Tehsil - Dadri 0001,021000,21 TELUGU,817,448,369,42,23,19,775,425,350
C0116,09,10,0001,Tehsil - Dadri 0001,021035, 1 TELUGU,817,448,369,42,23,19,775,425,350
C0116,09,10,0001,Tehsil - Dadri 0001,022000,22 URDU,17578,9570,8008,6213,3251,2962,11365,6319,5046
C0116,09,10,0001,Tehsil - Dadri 0001,022014, 1 URDU,17578,9570,8008,6213,3251,2962,11365,6319,5046
C0116,09,10,0001,Tehsil - Dadri 0001,023000,23 ADI,2,2,0,0,0,0,2,2,0
C0116,09,10,0001,Tehsil - Dadri 0001,023002, 1 ADI,2,2,0,0,0,0,2,2,0
C0116,09,10,0001,Tehsil - Dadri 0001,026000,26 ANGAMI,1,0,1,0,0,0,1,0,1
C0116,09,10,0001,Tehsil - Dadri 0001,026002, 1 ANGAMI,1,0,1,0,0,0,1,0,1
C0116,09,10,0001,Tehsil - Dadri 0001,028000,28 ARABIC/ARBI,22,13,9,5,4,1,17,9,8
C0116,09,10,0001,Tehsil - Dadri 0001,028001, 1 ARABIC/ARBI,22,13,9,5,4,1,17,9,8
C0116,09,10,0001,Tehsil - Dadri 0001,030000,30 BHILI/BHILODI,22,6,16,0,0,0,22,6,16
C0116,09,10,0001,Tehsil - Dadri 0001,030006, 1 BHILALI,1,1,0,0,0,0,1,1,0
C0116,09,10,0001,Tehsil - Dadri 0001,030013, 2 DHODIA,3,1,2,0,0,0,3,1,2
C0116,09,10,0001,Tehsil - Dadri 0001,030019, 3 GARASIA,2,0,2,0,0,0,2,0,2
C0116,09,10,0001,Tehsil - Dadri 0001,030027, 4 KOKNA/KOKNI/KUKNA,10,1,9,0,0,0,10,1,9
C0116,09,10,0001,Tehsil - Dadri 0001,030999,30 Others,6,3,3,0,0,0,6,3,3
C0116,09,10,0001,Tehsil - Dadri 0001,032000,32 BHUMIJ,1,1,0,0,0,0,1,1,0
C0116,09,10,0001,Tehsil - Dadri 0001,032999,32 Others,1,1,0,0,0,0,1,1,0
C0116,09,10,0001,Tehsil - Dadri 0001,040000,40 ENGLISH,457,251,206,80,48,32,377,203,174
C0116,09,10,0001,Tehsil - Dadri 0001,040001, 1 ENGLISH,457,251,206,80,48,32,377,203,174
C0116,09,10,0001,Tehsil - Dadri 0001,041000,41 GADABA,1,1,0,0,0,0,1,1,0
C0116,09,10,0001,Tehsil - Dadri 0001,041001, 1 GADABA,1,1,0,0,0,0,1,1,0
C0116,09,10,0001,Tehsil - Dadri 0001,043000,43 GARO,1,1,0,0,0,0,1,1,0
C0116,09,10,0001,Tehsil - Dadri 0001,043999,43 Others,1,1,0,0,0,0,1,1,0
C0116,09,10,0001,Tehsil - Dadri 0001,044000,44 GONDI,17,11,6,0,0,0,17,11,6
C0116,09,10,0001,Tehsil - Dadri 0001,044999,44 Others,17,11,6,0,0,0,17,11,6
C0116,09,10,0001,Tehsil - Dadri 0001,053000,53 KHANDESHI,12,7,5,0,0,0,12,7,5
C0116,09,10,0001,Tehsil - Dadri 0001,053002, 1 AHIRANI,2,2,0,0,0,0,2,2,0
C0116,09,10,0001,Tehsil - Dadri 0001,053005, 2 GUJARI,10,5,5,0,0,0,10,5,5
C0116,09,10,0001,Tehsil - Dadri 0001,054000,54 KHARIA,6,2,4,0,0,0,6,2,4
C0116,09,10,0001,Tehsil - Dadri 0001,054999,54 Others,6,2,4,0,0,0,6,2,4
C0116,09,10,0001,Tehsil - Dadri 0001,055000,55 KHASI,3,2,1,0,0,0,3,2,1
C0116,09,10,0001,Tehsil - Dadri 0001,055006, 1 KHASI,3,2,1,0,0,0,3,2,1
C0116,09,10,0001,Tehsil - Dadri 0001,068000,68 KORWA,1,0,1,0,0,0,1,0,1
C0116,09,10,0001,Tehsil - Dadri 0001,068999,68 Others,1,0,1,0,0,0,1,0,1
C0116,09,10,0001,Tehsil - Dadri 0001,072000,72 KURUKH/ORAON,6,5,1,0,0,0,6,5,1
C0116,09,10,0001,Tehsil - Dadri 0001,072009, 1 KURUKH/ORAON,5,4,1,0,0,0,5,4,1
C0116,09,10,0001,Tehsil - Dadri 0001,072999,72 Others,1,1,0,0,0,0,1,1,0
C0116,09,10,0001,Tehsil - Dadri 0001,073000,73 LADAKHI,12,6,6,0,0,0,12,6,6
C0116,09,10,0001,Tehsil - Dadri 0001,073002, 1 LADAKHI,12,6,6,0,0,0,12,6,6
C0116,09,10,0001,Tehsil - Dadri 0001,075000,75 LAHNDA,3,1,2,0,0,0,3,1,2
C0116,09,10,0001,Tehsil - Dadri 0001,075012, 1 MULTANI,3,1,2,0,0,0,3,1,2
C0116,09,10,0001,Tehsil - Dadri 0001,090000,90 MUNDA,4,3,1,0,0,0,4,3,1
C0116,09,10,0001,Tehsil - Dadri 0001,090006, 1 MUNDA,3,3,0,0,0,0,3,3,0
C0116,09,10,0001,Tehsil - Dadri 0001,090999,90 Others,1,0,1,0,0,0,1,0,1
C0116,09,10,0001,Tehsil - Dadri 0001,091000,91 MUNDARI,5,2,3,0,0,0,5,2,3
C0116,09,10,0001,Tehsil - Dadri 0001,091999,91 Others,5,2,3,0,0,0,5,2,3
C0116,09,10,0001,Tehsil - Dadri 0001,105000,105 SAVARA,1,0,1,0,0,0,1,0,1
C0116,09,10,0001,Tehsil - Dadri 0001,105999,105 Others,1,0,1,0,0,0,1,0,1
C0116,09,10,0001,Tehsil - Dadri 0001,110000,110 TAMANG,1,0,1,0,0,0,1,0,1
C0116,09,10,0001,Tehsil - Dadri 0001,110001, 1 TAMANG,1,0,1,0,0,0,1,0,1
C0116,09,10,0001,Tehsil - Dadri 0001,113000,113 THADO,3,3,0,2,2,0,1,1,0
C0116,09,10,0001,Tehsil - Dadri 0001,113999,113 Others,3,3,0,2,2,0,1,1,0
C0116,09,10,0001,Tehsil - Dadri 0001,114000,114 TIBETAN,1,0,1,0,0,0,1,0,1
C0116,09,10,0001,Tehsil - Dadri 0001,114999,114 Others,1,0,1,0,0,0,1,0,1
C0116,09,10,0001,Tehsil - Dadri 0001,116000,116 TULU,22,13,9,1,1,0,21,12,9
C0116,09,10,0001,Tehsil - Dadri 0001,116009, 1 TULU,21,12,9,0,0,0,21,12,9
C0116,09,10,0001,Tehsil - Dadri 0001,116999,116 Others,1,1,0,1,1,0,0,0,0
C0116,09,10,0001,Tehsil - Dadri 0001,121000,121 ZEMI,3,3,0,0,0,0,3,3,0
C0116,09,10,0001,Tehsil - Dadri 0001,121999,121 Others,3,3,0,0,0,0,3,3,0
C0116,09,10,0001,Tehsil - Dadri 0001,123000,123 OTHERS,1142,609,533,101,64,37,1041,545,496
C0116,09,10,0002,Tehsil - Gautam Buddha Nagar ** 0002,002000,2 BENGALI,56,29,27,45,24,21,11,5,6
C0116,09,10,0002,Tehsil - Gautam Buddha Nagar ** 0002,002004, 1 BENGALI,56,29,27,45,24,21,11,5,6
C0116,09,10,0002,Tehsil - Gautam Buddha Nagar ** 0002,006000,6 HINDI,254661,137566,117095,236272,127709,108563,18389,9857,8532
C0116,09,10,0002,Tehsil - Gautam Buddha Nagar ** 0002,006045, 1 BHOJPURI,7,5,2,7,5,2,0,0,0
C0116,09,10,0002,Tehsil - Gautam Buddha Nagar ** 0002,006060, 2 BUNDELI/BUNDELKHANDI,11,8,3,9,6,3,2,2,0
C0116,09,10,0002,Tehsil - Gautam Buddha Nagar ** 0002,006095, 3 GARHWALI,24,14,10,21,14,7,3,0,3
C0116,09,10,0002,Tehsil - Gautam Buddha Nagar ** 0002,006118, 4 HINDI,254611,137534,117077,236227,127679,108548,18384,9855,8529
C0116,09,10,0002,Tehsil - Gautam Buddha Nagar ** 0002,006127, 5 JAUNSARI,6,3,3,6,3,3,0,0,0
C0116,09,10,0002,Tehsil - Gautam Buddha Nagar ** 0002,006999,6 Others,2,2,0,2,2,0,0,0,0
C0116,09,10,0002,Tehsil - Gautam Buddha Nagar ** 0002,008000,8 KASHMIRI,7,4,3,7,4,3,0,0,0
C0116,09,10,0002,Tehsil - Gautam Buddha Nagar ** 0002,008002, 1 KASHMIRI,7,4,3,7,4,3,0,0,0
C0116,09,10,0002,Tehsil - Gautam Buddha Nagar ** 0002,010000,10 MAITHILI,2,2,0,2,2,0,0,0,0
C0116,09,10,0002,Tehsil - Gautam Buddha Nagar ** 0002,010006, 1 MAITHILI,2,2,0,2,2,0,0,0,0
C0116,09,10,0002,Tehsil - Gautam Buddha Nagar ** 0002,011000,11 MALAYALAM,2,1,1,2,1,1,0,0,0
C0116,09,10,0002,Tehsil - Gautam Buddha Nagar ** 0002,011013, 1 MALAYALAM,2,1,1,2,1,1,0,0,0
C0116,09,10,0002,Tehsil - Gautam Buddha Nagar ** 0002,013000,13 MARATHI,2,1,1,2,1,1,0,0,0
C0116,09,10,0002,Tehsil - Gautam Buddha Nagar ** 0002,013048, 1 MARATHI,2,1,1,2,1,1,0,0,0
C0116,09,10,0002,Tehsil - Gautam Buddha Nagar ** 0002,014000,14 NEPALI,2840,1529,1311,2794,1498,1296,46,31,15
C0116,09,10,0002,Tehsil - Gautam Buddha Nagar ** 0002,014009, 1 NEPALI,2840,1529,1311,2794,1498,1296,46,31,15
C0116,09,10,0002,Tehsil - Gautam Buddha Nagar ** 0002,015000,15 ORIYA,2,1,1,2,1,1,0,0,0
C0116,09,10,0002,Tehsil - Gautam Buddha Nagar ** 0002,015031, 1 ORIYA,2,1,1,2,1,1,0,0,0
C0116,09,10,0002,Tehsil - Gautam Buddha Nagar ** 0002,016000,16 PUNJABI,339,177,162,329,173,156,10,4,6
C0116,09,10,0002,Tehsil - Gautam Buddha Nagar ** 0002,016018, 1 PUNJABI,329,173,156,329,173,156,0,0,0
C0116,09,10,0002,Tehsil - Gautam Buddha Nagar ** 0002,016999,16 Others,10,4,6,0,0,0,10,4,6
C0116,09,10,0002,Tehsil - Gautam Buddha Nagar ** 0002,017000,17 SANSKRIT,2,1,1,2,1,1,0,0,0
C0116,09,10,0002,Tehsil - Gautam Buddha Nagar ** 0002,017002, 1 SANSKRIT,2,1,1,2,1,1,0,0,0
C0116,09,10,0002,Tehsil - Gautam Buddha Nagar ** 0002,020000,20 TAMIL,20,11,9,20,11,9,0,0,0
C0116,09,10,0002,Tehsil - Gautam Buddha Nagar ** 0002,020020, 1 TAMIL,20,11,9,20,11,9,0,0,0
C0116,09,10,0002,Tehsil - Gautam Buddha Nagar ** 0002,022000,22 URDU,1485,780,705,463,263,200,1022,517,505
C0116,09,10,0002,Tehsil - Gautam Buddha Nagar ** 0002,022014, 1 URDU,1485,780,705,463,263,200,1022,517,505
C0116,09,10,0002,Tehsil - Gautam Buddha Nagar ** 0002,040000,40 ENGLISH,10,3,7,8,3,5,2,0,2
C0116,09,10,0002,Tehsil - Gautam Buddha Nagar ** 0002,040001, 1 ENGLISH,10,3,7,8,3,5,2,0,2
C0116,09,10,0002,Tehsil - Gautam Buddha Nagar ** 0002,123000,123 OTHERS,17,15,2,17,15,2,0,0,0
C0116,09,10,0003,Tehsil - Jewar ** 0003,006000,6 HINDI,246229,131651,114578,192257,102962,89295,53972,28689,25283
C0116,09,10,0003,Tehsil - Jewar ** 0003,006008, 1 AWADHI,1,1,0,1,1,0,0,0,0
C0116,09,10,0003,Tehsil - Jewar ** 0003,006060, 2 BUNDELI/BUNDELKHANDI,2,1,1,1,1,0,1,0,1
C0116,09,10,0003,Tehsil - Jewar ** 0003,006095, 3 GARHWALI,9,4,5,9,4,5,0,0,0
C0116,09,10,0003,Tehsil - Jewar ** 0003,006117, 4 HARYANVI,3,1,2,0,0,0,3,1,2
C0116,09,10,0003,Tehsil - Jewar ** 0003,006118, 5 HINDI,246212,131643,114569,192245,102955,89290,53967,28688,25279
C0116,09,10,0003,Tehsil - Jewar ** 0003,006127, 6 JAUNSARI,1,1,0,1,1,0,0,0,0
C0116,09,10,0003,Tehsil - Jewar ** 0003,006242, 7 RAJASTHANI,1,0,1,0,0,0,1,0,1
C0116,09,10,0003,Tehsil - Jewar ** 0003,007000,7 KANNADA,4,2,2,0,0,0,4,2,2
C0116,09,10,0003,Tehsil - Jewar ** 0003,007013, 1 KANNADA,4,2,2,0,0,0,4,2,2
C0116,09,10,0003,Tehsil - Jewar ** 0003,011000,11 MALAYALAM,2,1,1,0,0,0,2,1,1
C0116,09,10,0003,Tehsil - Jewar ** 0003,011013, 1 MALAYALAM,2,1,1,0,0,0,2,1,1
C0116,09,10,0003,Tehsil - Jewar ** 0003,013000,13 MARATHI,4,3,1,1,1,0,3,2,1
C0116,09,10,0003,Tehsil - Jewar ** 0003,013048, 1 MARATHI,4,3,1,1,1,0,3,2,1
C0116,09,10,0003,Tehsil - Jewar ** 0003,014000,14 NEPALI,1286,780,506,1123,697,426,163,83,80
C0116,09,10,0003,Tehsil - Jewar ** 0003,014009, 1 NEPALI,1286,780,506,1123,697,426,163,83,80
C0116,09,10,0003,Tehsil - Jewar ** 0003,016000,16 PUNJABI,72,35,37,61,32,29,11,3,8
C0116,09,10,0003,Tehsil - Jewar ** 0003,016018, 1 PUNJABI,72,35,37,61,32,29,11,3,8
C0116,09,10,0003,Tehsil - Jewar ** 0003,022000,22 URDU,2721,1403,1318,171,88,83,2550,1315,1235
C0116,09,10,0003,Tehsil - Jewar ** 0003,022014, 1 URDU,2721,1403,1318,171,88,83,2550,1315,1235
C0116,09,10,0003,Tehsil - Jewar ** 0003,040000,40 ENGLISH,2,1,1,2,1,1,0,0,0
C0116,09,10,0003,Tehsil - Jewar ** 0003,040001, 1 ENGLISH,2,1,1,2,1,1,0,0,0
C0116,09,10,0003,Tehsil - Jewar ** 0003,123000,123 OTHERS,6,2,4,0,0,0,6,2,4
C0116,09,11,0000,District - Bulandshahar  11,001000,1 ASSAMESE,4,2,2,4,2,2,0,0,0
C0116,09,11,0000,District - Bulandshahar  11,001002, 1 ASSAMESE,4,2,2,4,2,2,0,0,0
C0116,09,11,0000,District - Bulandshahar  11,002000,2 BENGALI,324,178,146,124,62,62,200,116,84
C0116,09,11,0000,District - Bulandshahar  11,002004, 1 BENGALI,324,178,146,124,62,62,200,116,84
C0116,09,11,0000,District - Bulandshahar  11,004000,4 DOGRI,2,2,0,0,0,0,2,2,0
C0116,09,11,0000,District - Bulandshahar  11,004001, 1 DOGRI,2,2,0,0,0,0,2,2,0
C0116,09,11,0000,District - Bulandshahar  11,005000,5 GUJARATI,10,6,4,6,4,2,4,2,2
C0116,09,11,0000,District - Bulandshahar  11,005011, 1 GUJARATI,4,2,2,0,0,0,4,2,2
C0116,09,11,0000,District - Bulandshahar  11,005999,5 Others,6,4,2,6,4,2,0,0,0
C0116,09,11,0000,District - Bulandshahar  11,006000,6 HINDI,2680430,1428451,1251979,2167351,1155766,1011585,513079,272685,240394
C0116,09,11,0000,District - Bulandshahar  11,006008, 1 AWADHI,5,1,4,0,0,0,5,1,4
C0116,09,11,0000,District - Bulandshahar  11,006026, 2 BANJARI,57,28,29,57,28,29,0,0,0
C0116,09,11,0000,District - Bulandshahar  11,006045, 3 BHOJPURI,102,77,25,75,58,17,27,19,8
C0116,09,11,0000,District - Bulandshahar  11,006059, 4 BRAJBHASHA,60,29,31,60,29,31,0,0,0
C0116,09,11,0000,District - Bulandshahar  11,006060, 5 BUNDELI/BUNDELKHANDI,111,54,57,57,24,33,54,30,24
C0116,09,11,0000,District - Bulandshahar  11,006072, 6 CHHATTISGARHI,33,17,16,33,17,16,0,0,0
C0116,09,11,0000,District - Bulandshahar  11,006095, 7 GARHWALI,38,17,21,8,4,4,30,13,17
C0116,09,11,0000,District - Bulandshahar  11,006117, 8 HARYANVI,5,1,4,3,0,3,2,1,1
C0116,09,11,0000,District - Bulandshahar  11,006118, 9 HINDI,2679590,1428003,1251587,2166806,1155467,1011339,512784,272536,240248
C0116,09,11,0000,District - Bulandshahar  11,006127, 10 JAUNSARI,1,1,0,1,1,0,0,0,0
C0116,09,11,0000,District - Bulandshahar  11,006148, 11 KHARI BOLI,5,3,2,5,3,2,0,0,0
C0116,09,11,0000,District - Bulandshahar  11,006162, 12 KUMAUNI,9,6,3,0,0,0,9,6,3
C0116,09,11,0000,District - Bulandshahar  11,006195, 13 MEWARI,20,10,10,0,0,0,20,10,10
C0116,09,11,0000,District - Bulandshahar  11,006213, 14 PAHARI,7,4,3,0,0,0,7,4,3
C0116,09,11,0000,District - Bulandshahar  11,006242, 15 RAJASTHANI,208,105,103,73,43,30,135,62,73
C0116,09,11,0000,District - Bulandshahar  11,006999,6 Others,179,95,84,173,92,81,6,3,3
C0116,09,11,0000,District - Bulandshahar  11,008000,8 KASHMIRI,2,2,0,0,0,0,2,2,0
C0116,09,11,0000,District - Bulandshahar  11,008002, 1 KASHMIRI,2,2,0,0,0,0,2,2,0
C0116,09,11,0000,District - Bulandshahar  11,010000,10 MAITHILI,2,2,0,0,0,0,2,2,0
C0116,09,11,0000,District - Bulandshahar  11,010006, 1 MAITHILI,2,2,0,0,0,0,2,2,0
C0116,09,11,0000,District - Bulandshahar  11,011000,11 MALAYALAM,47,27,20,0,0,0,47,27,20
C0116,09,11,0000,District - Bulandshahar  11,011013, 1 MALAYALAM,47,27,20,0,0,0,47,27,20
C0116,09,11,0000,District - Bulandshahar  11,013000,13 MARATHI,48,26,22,1,1,0,47,25,22
C0116,09,11,0000,District - Bulandshahar  11,013048, 1 MARATHI,48,26,22,1,1,0,47,25,22
C0116,09,11,0000,District - Bulandshahar  11,014000,14 NEPALI,107,53,54,44,21,23,63,32,31
C0116,09,11,0000,District - Bulandshahar  11,014009, 1 NEPALI,107,53,54,44,21,23,63,32,31
C0116,09,11,0000,District - Bulandshahar  11,015000,15 ORIYA,28,13,15,17,8,9,11,5,6
C0116,09,11,0000,District - Bulandshahar  11,015031, 1 ORIYA,28,13,15,17,8,9,11,5,6
C0116,09,11,0000,District - Bulandshahar  11,016000,16 PUNJABI,1161,607,554,138,75,63,1023,532,491
C0116,09,11,0000,District - Bulandshahar  11,016018, 1 PUNJABI,1157,604,553,138,75,63,1019,529,490
C0116,09,11,0000,District - Bulandshahar  11,016999,16 Others,4,3,1,0,0,0,4,3,1
C0116,09,11,0000,District - Bulandshahar  11,017000,17 SANSKRIT,3,2,1,0,0,0,3,2,1
C0116,09,11,0000,District - Bulandshahar  11,017002, 1 SANSKRIT,3,2,1,0,0,0,3,2,1
C0116,09,11,0000,District - Bulandshahar  11,019000,19 SINDHI,4,3,1,0,0,0,4,3,1
C0116,09,11,0000,District - Bulandshahar  11,019013, 1 SINDHI,4,3,1,0,0,0,4,3,1
C0116,09,11,0000,District - Bulandshahar  11,020000,20 TAMIL,21,11,10,5,4,1,16,7,9
C0116,09,11,0000,District - Bulandshahar  11,020020, 1 TAMIL,21,11,10,5,4,1,16,7,9
C0116,09,11,0000,District - Bulandshahar  11,021000,21 TELUGU,57,29,28,1,1,0,56,28,28
C0116,09,11,0000,District - Bulandshahar  11,021035, 1 TELUGU,57,29,28,1,1,0,56,28,28
C0116,09,11,0000,District - Bulandshahar  11,022000,22 URDU,230608,120765,109843,70738,36876,33862,159870,83889,75981
C0116,09,11,0000,District - Bulandshahar  11,022014, 1 URDU,230608,120765,109843,70738,36876,33862,159870,83889,75981
C0116,09,11,0000,District - Bulandshahar  11,028000,28 ARABIC/ARBI,4,2,2,0,0,0,4,2,2
C0116,09,11,0000,District - Bulandshahar  11,028001, 1 ARABIC/ARBI,4,2,2,0,0,0,4,2,2
C0116,09,11,0000,District - Bulandshahar  11,040000,40 ENGLISH,205,116,89,196,113,83,9,3,6
C0116,09,11,0000,District - Bulandshahar  11,040001, 1 ENGLISH,205,116,89,196,113,83,9,3,6
C0116,09,11,0000,District - Bulandshahar  11,123000,123 OTHERS,55,29,26,39,19,20,16,10,6
C0116,09,11,0001,Tehsil - Sikandrabad 0001,002000,2 BENGALI,21,11,10,3,0,3,18,11,7
C0116,09,11,0001,Tehsil - Sikandrabad 0001,002004, 1 BENGALI,21,11,10,3,0,3,18,11,7
C0116,09,11,0001,Tehsil - Sikandrabad 0001,006000,6 HINDI,226939,122247,104692,180148,97413,82735,46791,24834,21957
C0116,09,11,0001,Tehsil - Sikandrabad 0001,006045, 1 BHOJPURI,69,48,21,60,43,17,9,5,4
C0116,09,11,0001,Tehsil - Sikandrabad 0001,006060, 2 BUNDELI/BUNDELKHANDI,8,5,3,3,1,2,5,4,1
C0116,09,11,0001,Tehsil - Sikandrabad 0001,006095, 3 GARHWALI,15,7,8,3,2,1,12,5,7
C0116,09,11,0001,Tehsil - Sikandrabad 0001,006117, 4 HARYANVI,1,1,0,0,0,0,1,1,0
C0116,09,11,0001,Tehsil - Sikandrabad 0001,006118, 5 HINDI,226845,122185,104660,180082,97367,82715,46763,24818,21945
C0116,09,11,0001,Tehsil - Sikandrabad 0001,006162, 6 KUMAUNI,1,1,0,0,0,0,1,1,0
C0116,09,11,0001,Tehsil - Sikandrabad 0001,011000,11 MALAYALAM,5,3,2,0,0,0,5,3,2
C0116,09,11,0001,Tehsil - Sikandrabad 0001,011013, 1 MALAYALAM,5,3,2,0,0,0,5,3,2
C0116,09,11,0001,Tehsil - Sikandrabad 0001,014000,14 NEPALI,13,6,7,5,3,2,8,3,5
C0116,09,11,0001,Tehsil - Sikandrabad 0001,014009, 1 NEPALI,13,6,7,5,3,2,8,3,5
C0116,09,11,0001,Tehsil - Sikandrabad 0001,015000,15 ORIYA,6,3,3,2,1,1,4,2,2
C0116,09,11,0001,Tehsil - Sikandrabad 0001,015031, 1 ORIYA,6,3,3,2,1,1,4,2,2
C0116,09,11,0001,Tehsil - Sikandrabad 0001,016000,16 PUNJABI,154,79,75,4,3,1,150,76,74
C0116,09,11,0001,Tehsil - Sikandrabad 0001,016018, 1 PUNJABI,154,79,75,4,3,1,150,76,74
C0116,09,11,0001,Tehsil - Sikandrabad 0001,021000,21 TELUGU,5,3,2,0,0,0,5,3,2
C0116,09,11,0001,Tehsil - Sikandrabad 0001,021035, 1 TELUGU,5,3,2,0,0,0,5,3,2
C0116,09,11,0001,Tehsil - Sikandrabad 0001,022000,22 URDU,25627,13269,12358,2749,1434,1315,22878,11835,11043
C0116,09,11,0001,Tehsil - Sikandrabad 0001,022014, 1 URDU,25627,13269,12358,2749,1434,1315,22878,11835,11043
C0116,09,11,0001,Tehsil - Sikandrabad 0001,040000,40 ENGLISH,5,0,5,0,0,0,5,0,5
C0116,09,11,0001,Tehsil - Sikandrabad 0001,040001, 1 ENGLISH,5,0,5,0,0,0,5,0,5
C0116,09,11,0001,Tehsil - Sikandrabad 0001,123000,123 OTHERS,3,2,1,0,0,0,3,2,1
C0116,09,11,0002,Tehsil - Bulandshahr 0002,002000,2 BENGALI,128,65,63,79,39,40,49,26,23
C0116,09,11,0002,Tehsil - Bulandshahr 0002,002004, 1 BENGALI,128,65,63,79,39,40,49,26,23
C0116,09,11,0002,Tehsil - Bulandshahr 0002,005000,5 GUJARATI,10,6,4,6,4,2,4,2,2
C0116,09,11,0002,Tehsil - Bulandshahr 0002,005011, 1 GUJARATI,4,2,2,0,0,0,4,2,2
C0116,09,11,0002,Tehsil - Bulandshahr 0002,005999,5 Others,6,4,2,6,4,2,0,0,0
C0116,09,11,0002,Tehsil - Bulandshahr 0002,006000,6 HINDI,648717,345541,303176,460797,245695,215102,187920,99846,88074
C0116,09,11,0002,Tehsil - Bulandshahr 0002,006008, 1 AWADHI,5,1,4,0,0,0,5,1,4
C0116,09,11,0002,Tehsil - Bulandshahr 0002,006045, 2 BHOJPURI,15,13,2,2,2,0,13,11,2
C0116,09,11,0002,Tehsil - Bulandshahr 0002,006060, 3 BUNDELI/BUNDELKHANDI,37,23,14,20,11,9,17,12,5
C0116,09,11,0002,Tehsil - Bulandshahr 0002,006072, 4 CHHATTISGARHI,33,17,16,33,17,16,0,0,0
C0116,09,11,0002,Tehsil - Bulandshahr 0002,006095, 5 GARHWALI,14,6,8,1,1,0,13,5,8
C0116,09,11,0002,Tehsil - Bulandshahr 0002,006117, 6 HARYANVI,2,0,2,1,0,1,1,0,1
C0116,09,11,0002,Tehsil - Bulandshahr 0002,006118, 7 HINDI,648587,345468,303119,460739,245663,215076,187848,99805,88043
C0116,09,11,0002,Tehsil - Bulandshahr 0002,006127, 8 JAUNSARI,1,1,0,1,1,0,0,0,0
C0116,09,11,0002,Tehsil - Bulandshahr 0002,006162, 9 KUMAUNI,8,5,3,0,0,0,8,5,3
C0116,09,11,0002,Tehsil - Bulandshahr 0002,006213, 10 PAHARI,7,4,3,0,0,0,7,4,3
C0116,09,11,0002,Tehsil - Bulandshahr 0002,006242, 11 RAJASTHANI,8,3,5,0,0,0,8,3,5
C0116,09,11,0002,Tehsil - Bulandshahr 0002,008000,8 KASHMIRI,2,2,0,0,0,0,2,2,0
C0116,09,11,0002,Tehsil - Bulandshahr 0002,008002, 1 KASHMIRI,2,2,0,0,0,0,2,2,0
C0116,09,11,0002,Tehsil - Bulandshahr 0002,011000,11 MALAYALAM,19,11,8,0,0,0,19,11,8
C0116,09,11,0002,Tehsil - Bulandshahr 0002,011013, 1 MALAYALAM,19,11,8,0,0,0,19,11,8
C0116,09,11,0002,Tehsil - Bulandshahr 0002,013000,13 MARATHI,27,15,12,0,0,0,27,15,12
C0116,09,11,0002,Tehsil - Bulandshahr 0002,013048, 1 MARATHI,27,15,12,0,0,0,27,15,12
C0116,09,11,0002,Tehsil - Bulandshahr 0002,014000,14 NEPALI,51,30,21,17,10,7,34,20,14
C0116,09,11,0002,Tehsil - Bulandshahr 0002,014009, 1 NEPALI,51,30,21,17,10,7,34,20,14
C0116,09,11,0002,Tehsil - Bulandshahr 0002,015000,15 ORIYA,6,3,3,6,3,3,0,0,0
C0116,09,11,0002,Tehsil - Bulandshahr 0002,015031, 1 ORIYA,6,3,3,6,3,3,0,0,0
C0116,09,11,0002,Tehsil - Bulandshahr 0002,016000,16 PUNJABI,391,199,192,14,7,7,377,192,185
C0116,09,11,0002,Tehsil - Bulandshahr 0002,016018, 1 PUNJABI,391,199,192,14,7,7,377,192,185
C0116,09,11,0002,Tehsil - Bulandshahr 0002,017000,17 SANSKRIT,3,2,1,0,0,0,3,2,1
C0116,09,11,0002,Tehsil - Bulandshahr 0002,017002, 1 SANSKRIT,3,2,1,0,0,0,3,2,1
C0116,09,11,0002,Tehsil - Bulandshahr 0002,019000,19 SINDHI,3,2,1,0,0,0,3,2,1
C0116,09,11,0002,Tehsil - Bulandshahr 0002,019013, 1 SINDHI,3,2,1,0,0,0,3,2,1
C0116,09,11,0002,Tehsil - Bulandshahr 0002,020000,20 TAMIL,2,2,0,2,2,0,0,0,0
C0116,09,11,0002,Tehsil - Bulandshahr 0002,020020, 1 TAMIL,2,2,0,2,2,0,0,0,0
C0116,09,11,0002,Tehsil - Bulandshahr 0002,021000,21 TELUGU,14,5,9,0,0,0,14,5,9
C0116,09,11,0002,Tehsil - Bulandshahr 0002,021035, 1 TELUGU,14,5,9,0,0,0,14,5,9
C0116,09,11,0002,Tehsil - Bulandshahr 0002,022000,22 URDU,83539,44073,39466,32567,17080,15487,50972,26993,23979
C0116,09,11,0002,Tehsil - Bulandshahr 0002,022014, 1 URDU,83539,44073,39466,32567,17080,15487,50972,26993,23979
C0116,09,11,0002,Tehsil - Bulandshahr 0002,040000,40 ENGLISH,191,109,82,190,108,82,1,1,0
C0116,09,11,0002,Tehsil - Bulandshahr 0002,040001, 1 ENGLISH,191,109,82,190,108,82,1,1,0
C0116,09,11,0002,Tehsil - Bulandshahr 0002,123000,123 OTHERS,10,4,6,10,4,6,0,0,0
C0116,09,11,0003,Tehsil - Siana 0003,002000,2 BENGALI,66,35,31,2,0,2,64,35,29
C0116,09,11,0003,Tehsil - Siana 0003,002004, 1 BENGALI,66,35,31,2,0,2,64,35,29
C0116,09,11,0003,Tehsil - Siana 0003,006000,6 HINDI,429541,227460,202081,374173,197980,176193,55368,29480,25888
C0116,09,11,0003,Tehsil - Siana 0003,006045, 1 BHOJPURI,2,1,1,0,0,0,2,1,1
C0116,09,11,0003,Tehsil - Siana 0003,006060, 2 BUNDELI/BUNDELKHANDI,4,1,3,2,0,2,2,1,1
C0116,09,11,0003,Tehsil - Siana 0003,006095, 3 GARHWALI,1,0,1,1,0,1,0,0,0
C0116,09,11,0003,Tehsil - Siana 0003,006118, 4 HINDI,429437,227406,202031,374102,197941,176161,55335,29465,25870
C0116,09,11,0003,Tehsil - Siana 0003,006242, 5 RAJASTHANI,94,51,43,67,39,28,27,12,15
C0116,09,11,0003,Tehsil - Siana 0003,006999,6 Others,3,1,2,1,0,1,2,1,1
C0116,09,11,0003,Tehsil - Siana 0003,014000,14 NEPALI,18,6,12,12,5,7,6,1,5
C0116,09,11,0003,Tehsil - Siana 0003,014009, 1 NEPALI,18,6,12,12,5,7,6,1,5
C0116,09,11,0003,Tehsil - Siana 0003,015000,15 ORIYA,1,0,1,1,0,1,0,0,0
C0116,09,11,0003,Tehsil - Siana 0003,015031, 1 ORIYA,1,0,1,1,0,1,0,0,0
C0116,09,11,0003,Tehsil - Siana 0003,016000,16 PUNJABI,46,22,24,0,0,0,46,22,24
C0116,09,11,0003,Tehsil - Siana 0003,016018, 1 PUNJABI,46,22,24,0,0,0,46,22,24
C0116,09,11,0003,Tehsil - Siana 0003,020000,20 TAMIL,1,1,0,1,1,0,0,0,0
C0116,09,11,0003,Tehsil - Siana 0003,020020, 1 TAMIL,1,1,0,1,1,0,0,0,0
C0116,09,11,0003,Tehsil - Siana 0003,022000,22 URDU,32197,16759,15438,12810,6614,6196,19387,10145,9242
C0116,09,11,0003,Tehsil - Siana 0003,022014, 1 URDU,32197,16759,15438,12810,6614,6196,19387,10145,9242
C0116,09,11,0003,Tehsil - Siana 0003,040000,40 ENGLISH,2,2,0,2,2,0,0,0,0
C0116,09,11,0003,Tehsil - Siana 0003,040001, 1 ENGLISH,2,2,0,2,2,0,0,0,0
C0116,09,11,0004,Tehsil - Anupshahr 0004,001000,1 ASSAMESE,4,2,2,4,2,2,0,0,0
C0116,09,11,0004,Tehsil - Anupshahr 0004,001002, 1 ASSAMESE,4,2,2,4,2,2,0,0,0
C0116,09,11,0004,Tehsil - Anupshahr 0004,002000,2 BENGALI,9,7,2,0,0,0,9,7,2
C0116,09,11,0004,Tehsil - Anupshahr 0004,002004, 1 BENGALI,9,7,2,0,0,0,9,7,2
C0116,09,11,0004,Tehsil - Anupshahr 0004,006000,6 HINDI,281183,148832,132351,212814,112524,100290,68369,36308,32061
C0116,09,11,0004,Tehsil - Anupshahr 0004,006060, 1 BUNDELI/BUNDELKHANDI,7,3,4,2,0,2,5,3,2
C0116,09,11,0004,Tehsil - Anupshahr 0004,006095, 2 GARHWALI,1,0,1,0,0,0,1,0,1
C0116,09,11,0004,Tehsil - Anupshahr 0004,006118, 3 HINDI,281170,148826,132344,212807,112521,100286,68363,36305,32058
C0116,09,11,0004,Tehsil - Anupshahr 0004,006148, 4 KHARI BOLI,4,2,2,4,2,2,0,0,0
C0116,09,11,0004,Tehsil - Anupshahr 0004,006242, 5 RAJASTHANI,1,1,0,1,1,0,0,0,0
C0116,09,11,0004,Tehsil - Anupshahr 0004,010000,10 MAITHILI,2,2,0,0,0,0,2,2,0
C0116,09,11,0004,Tehsil - Anupshahr 0004,010006, 1 MAITHILI,2,2,0,0,0,0,2,2,0
C0116,09,11,0004,Tehsil - Anupshahr 0004,011000,11 MALAYALAM,12,7,5,0,0,0,12,7,5
C0116,09,11,0004,Tehsil - Anupshahr 0004,011013, 1 MALAYALAM,12,7,5,0,0,0,12,7,5
C0116,09,11,0004,Tehsil - Anupshahr 0004,013000,13 MARATHI,6,4,2,0,0,0,6,4,2
C0116,09,11,0004,Tehsil - Anupshahr 0004,013048, 1 MARATHI,6,4,2,0,0,0,6,4,2
C0116,09,11,0004,Tehsil - Anupshahr 0004,014000,14 NEPALI,2,0,2,2,0,2,0,0,0
C0116,09,11,0004,Tehsil - Anupshahr 0004,014009, 1 NEPALI,2,0,2,2,0,2,0,0,0
C0116,09,11,0004,Tehsil - Anupshahr 0004,016000,16 PUNJABI,228,131,97,48,28,20,180,103,77
C0116,09,11,0004,Tehsil - Anupshahr 0004,016018, 1 PUNJABI,228,131,97,48,28,20,180,103,77
C0116,09,11,0004,Tehsil - Anupshahr 0004,022000,22 URDU,19675,10209,9466,13064,6713,6351,6611,3496,3115
C0116,09,11,0004,Tehsil - Anupshahr 0004,022014, 1 URDU,19675,10209,9466,13064,6713,6351,6611,3496,3115
C0116,09,11,0005,Tehsil - Debai ** 0005,002000,2 BENGALI,40,23,17,7,3,4,33,20,13
C0116,09,11,0005,Tehsil - Debai ** 0005,002004, 1 BENGALI,40,23,17,7,3,4,33,20,13
C0116,09,11,0005,Tehsil - Debai ** 0005,006000,6 HINDI,362331,192800,169531,318877,169542,149335,43454,23258,20196
C0116,09,11,0005,Tehsil - Debai ** 0005,006045, 1 BHOJPURI,3,2,1,0,0,0,3,2,1
C0116,09,11,0005,Tehsil - Debai ** 0005,006060, 2 BUNDELI/BUNDELKHANDI,25,10,15,5,1,4,20,9,11
C0116,09,11,0005,Tehsil - Debai ** 0005,006095, 3 GARHWALI,3,2,1,0,0,0,3,2,1
C0116,09,11,0005,Tehsil - Debai ** 0005,006118, 4 HINDI,362294,192782,169512,318866,169537,149329,43428,23245,20183
C0116,09,11,0005,Tehsil - Debai ** 0005,006148, 5 KHARI BOLI,1,1,0,1,1,0,0,0,0
C0116,09,11,0005,Tehsil - Debai ** 0005,006242, 6 RAJASTHANI,5,3,2,5,3,2,0,0,0
C0116,09,11,0005,Tehsil - Debai ** 0005,011000,11 MALAYALAM,9,5,4,0,0,0,9,5,4
C0116,09,11,0005,Tehsil - Debai ** 0005,011013, 1 MALAYALAM,9,5,4,0,0,0,9,5,4
C0116,09,11,0005,Tehsil - Debai ** 0005,013000,13 MARATHI,14,6,8,0,0,0,14,6,8
C0116,09,11,0005,Tehsil - Debai ** 0005,013048, 1 MARATHI,14,6,8,0,0,0,14,6,8
C0116,09,11,0005,Tehsil - Debai ** 0005,014000,14 NEPALI,10,6,4,4,3,1,6,3,3
C0116,09,11,0005,Tehsil - Debai ** 0005,014009, 1 NEPALI,10,6,4,4,3,1,6,3,3
C0116,09,11,0005,Tehsil - Debai ** 0005,015000,15 ORIYA,7,3,4,0,0,0,7,3,4
C0116,09,11,0005,Tehsil - Debai ** 0005,015031, 1 ORIYA,7,3,4,0,0,0,7,3,4
C0116,09,11,0005,Tehsil - Debai ** 0005,016000,16 PUNJABI,149,82,67,24,13,11,125,69,56
C0116,09,11,0005,Tehsil - Debai ** 0005,016018, 1 PUNJABI,149,82,67,24,13,11,125,69,56
C0116,09,11,0005,Tehsil - Debai ** 0005,020000,20 TAMIL,16,7,9,0,0,0,16,7,9
C0116,09,11,0005,Tehsil - Debai ** 0005,020020, 1 TAMIL,16,7,9,0,0,0,16,7,9
C0116,09,11,0005,Tehsil - Debai ** 0005,021000,21 TELUGU,32,18,14,0,0,0,32,18,14
C0116,09,11,0005,Tehsil - Debai ** 0005,021035, 1 TELUGU,32,18,14,0,0,0,32,18,14
C0116,09,11,0005,Tehsil - Debai ** 0005,022000,22 URDU,18048,9432,8616,6476,3414,3062,11572,6018,5554
C0116,09,11,0005,Tehsil - Debai ** 0005,022014, 1 URDU,18048,9432,8616,6476,3414,3062,11572,6018,5554
C0116,09,11,0005,Tehsil - Debai ** 0005,028000,28 ARABIC/ARBI,4,2,2,0,0,0,4,2,2
C0116,09,11,0005,Tehsil - Debai ** 0005,028001, 1 ARABIC/ARBI,4,2,2,0,0,0,4,2,2
C0116,09,11,0005,Tehsil - Debai ** 0005,040000,40 ENGLISH,1,1,0,1,1,0,0,0,0
C0116,09,11,0005,Tehsil - Debai ** 0005,040001, 1 ENGLISH,1,1,0,1,1,0,0,0,0
C0116,09,11,0005,Tehsil - Debai ** 0005,123000,123 OTHERS,12,7,5,0,0,0,12,7,5
C0116,09,11,0006,Tehsil - Shikarpur ** 0006,002000,2 BENGALI,13,5,8,8,3,5,5,2,3
C0116,09,11,0006,Tehsil - Shikarpur ** 0006,002004, 1 BENGALI,13,5,8,8,3,5,5,2,3
C0116,09,11,0006,Tehsil - Shikarpur ** 0006,006000,6 HINDI,367108,196284,170824,318486,170438,148048,48622,25846,22776
C0116,09,11,0006,Tehsil - Shikarpur ** 0006,006026, 1 BANJARI,57,28,29,57,28,29,0,0,0
C0116,09,11,0006,Tehsil - Shikarpur ** 0006,006059, 2 BRAJBHASHA,57,29,28,57,29,28,0,0,0
C0116,09,11,0006,Tehsil - Shikarpur ** 0006,006060, 3 BUNDELI/BUNDELKHANDI,15,5,10,10,4,6,5,1,4
C0116,09,11,0006,Tehsil - Shikarpur ** 0006,006095, 4 GARHWALI,1,0,1,1,0,1,0,0,0
C0116,09,11,0006,Tehsil - Shikarpur ** 0006,006117, 5 HARYANVI,1,0,1,1,0,1,0,0,0
C0116,09,11,0006,Tehsil - Shikarpur ** 0006,006118, 6 HINDI,366957,196212,170745,318360,170377,147983,48597,25835,22762
C0116,09,11,0006,Tehsil - Shikarpur ** 0006,006195, 7 MEWARI,20,10,10,0,0,0,20,10,10
C0116,09,11,0006,Tehsil - Shikarpur ** 0006,011000,11 MALAYALAM,2,1,1,0,0,0,2,1,1
C0116,09,11,0006,Tehsil - Shikarpur ** 0006,011013, 1 MALAYALAM,2,1,1,0,0,0,2,1,1
C0116,09,11,0006,Tehsil - Shikarpur ** 0006,014000,14 NEPALI,8,3,5,2,0,2,6,3,3
C0116,09,11,0006,Tehsil - Shikarpur ** 0006,014009, 1 NEPALI,8,3,5,2,0,2,6,3,3
C0116,09,11,0006,Tehsil - Shikarpur ** 0006,016000,16 PUNJABI,39,20,19,37,18,19,2,2,0
C0116,09,11,0006,Tehsil - Shikarpur ** 0006,016018, 1 PUNJABI,39,20,19,37,18,19,2,2,0
C0116,09,11,0006,Tehsil - Shikarpur ** 0006,019000,19 SINDHI,1,1,0,0,0,0,1,1,0
C0116,09,11,0006,Tehsil - Shikarpur ** 0006,019013, 1 SINDHI,1,1,0,0,0,0,1,1,0
C0116,09,11,0006,Tehsil - Shikarpur ** 0006,020000,20 TAMIL,1,0,1,1,0,1,0,0,0
C0116,09,11,0006,Tehsil - Shikarpur ** 0006,020020, 1 TAMIL,1,0,1,1,0,1,0,0,0
C0116,09,11,0006,Tehsil - Shikarpur ** 0006,022000,22 URDU,14811,7775,7036,2240,1180,1060,12571,6595,5976
C0116,09,11,0006,Tehsil - Shikarpur ** 0006,022014, 1 URDU,14811,7775,7036,2240,1180,1060,12571,6595,5976
C0116,09,11,0006,Tehsil - Shikarpur ** 0006,040000,40 ENGLISH,3,2,1,0,0,0,3,2,1
C0116,09,11,0006,Tehsil - Shikarpur ** 0006,040001, 1 ENGLISH,3,2,1,0,0,0,3,2,1
C0116,09,11,0007,Tehsil - Khurja 0007,002000,2 BENGALI,47,32,15,25,17,8,22,15,7
C0116,09,11,0007,Tehsil - Khurja 0007,002004, 1 BENGALI,47,32,15,25,17,8,22,15,7
C0116,09,11,0007,Tehsil - Khurja 0007,004000,4 DOGRI,2,2,0,0,0,0,2,2,0
C0116,09,11,0007,Tehsil - Khurja 0007,004001, 1 DOGRI,2,2,0,0,0,0,2,2,0
C0116,09,11,0007,Tehsil - Khurja 0007,006000,6 HINDI,364611,195287,169324,302056,162174,139882,62555,33113,29442
C0116,09,11,0007,Tehsil - Khurja 0007,006045, 1 BHOJPURI,13,13,0,13,13,0,0,0,0
C0116,09,11,0007,Tehsil - Khurja 0007,006059, 2 BRAJBHASHA,3,0,3,3,0,3,0,0,0
C0116,09,11,0007,Tehsil - Khurja 0007,006060, 3 BUNDELI/BUNDELKHANDI,15,7,8,15,7,8,0,0,0
C0116,09,11,0007,Tehsil - Khurja 0007,006095, 4 GARHWALI,3,2,1,2,1,1,1,1,0
C0116,09,11,0007,Tehsil - Khurja 0007,006117, 5 HARYANVI,1,0,1,1,0,1,0,0,0
C0116,09,11,0007,Tehsil - Khurja 0007,006118, 6 HINDI,364300,195124,169176,301850,162061,139789,62450,33063,29387
C0116,09,11,0007,Tehsil - Khurja 0007,006242, 7 RAJASTHANI,100,47,53,0,0,0,100,47,53
C0116,09,11,0007,Tehsil - Khurja 0007,006999,6 Others,176,94,82,172,92,80,4,2,2
C0116,09,11,0007,Tehsil - Khurja 0007,013000,13 MARATHI,1,1,0,1,1,0,0,0,0
C0116,09,11,0007,Tehsil - Khurja 0007,013048, 1 MARATHI,1,1,0,1,1,0,0,0,0
C0116,09,11,0007,Tehsil - Khurja 0007,014000,14 NEPALI,5,2,3,2,0,2,3,2,1
C0116,09,11,0007,Tehsil - Khurja 0007,014009, 1 NEPALI,5,2,3,2,0,2,3,2,1
C0116,09,11,0007,Tehsil - Khurja 0007,015000,15 ORIYA,8,4,4,8,4,4,0,0,0
C0116,09,11,0007,Tehsil - Khurja 0007,015031, 1 ORIYA,8,4,4,8,4,4,0,0,0
C0116,09,11,0007,Tehsil - Khurja 0007,016000,16 PUNJABI,154,74,80,11,6,5,143,68,75
C0116,09,11,0007,Tehsil - Khurja 0007,016018, 1 PUNJABI,150,71,79,11,6,5,139,65,74
C0116,09,11,0007,Tehsil - Khurja 0007,016999,16 Others,4,3,1,0,0,0,4,3,1
C0116,09,11,0007,Tehsil - Khurja 0007,020000,20 TAMIL,1,1,0,1,1,0,0,0,0
C0116,09,11,0007,Tehsil - Khurja 0007,020020, 1 TAMIL,1,1,0,1,1,0,0,0,0
C0116,09,11,0007,Tehsil - Khurja 0007,021000,21 TELUGU,6,3,3,1,1,0,5,2,3
C0116,09,11,0007,Tehsil - Khurja 0007,021035, 1 TELUGU,6,3,3,1,1,0,5,2,3
C0116,09,11,0007,Tehsil - Khurja 0007,022000,22 URDU,36711,19248,17463,832,441,391,35879,18807,17072
C0116,09,11,0007,Tehsil - Khurja 0007,022014, 1 URDU,36711,19248,17463,832,441,391,35879,18807,17072
C0116,09,11,0007,Tehsil - Khurja 0007,040000,40 ENGLISH,3,2,1,3,2,1,0,0,0
C0116,09,11,0007,Tehsil - Khurja 0007,040001, 1 ENGLISH,3,2,1,3,2,1,0,0,0
C0116,09,11,0007,Tehsil - Khurja 0007,123000,123 OTHERS,30,16,14,29,15,14,1,1,0
C0116,09,12,0000,District - Aligarh  12,001000,1 ASSAMESE,10,8,2,8,6,2,2,2,0
C0116,09,12,0000,District - Aligarh  12,001002, 1 ASSAMESE,10,8,2,8,6,2,2,2,0
C0116,09,12,0000,District - Aligarh  12,002000,2 BENGALI,345,194,151,77,44,33,268,150,118
C0116,09,12,0000,District - Aligarh  12,002004, 1 BENGALI,345,194,151,77,44,33,268,150,118
C0116,09,12,0000,District - Aligarh  12,004000,4 DOGRI,13,10,3,3,3,0,10,7,3
C0116,09,12,0000,District - Aligarh  12,004001, 1 DOGRI,13,10,3,3,3,0,10,7,3
C0116,09,12,0000,District - Aligarh  12,005000,5 GUJARATI,78,43,35,1,1,0,77,42,35
C0116,09,12,0000,District - Aligarh  12,005011, 1 GUJARATI,78,43,35,1,1,0,77,42,35
C0116,09,12,0000,District - Aligarh  12,006000,6 HINDI,2719865,1462291,1257574,2083159,1122920,960239,636706,339371,297335
C0116,09,12,0000,District - Aligarh  12,006008, 1 AWADHI,3,1,2,1,0,1,2,1,1
C0116,09,12,0000,District - Aligarh  12,006045, 2 BHOJPURI,28,21,7,4,4,0,24,17,7
C0116,09,12,0000,District - Aligarh  12,006059, 3 BRAJBHASHA,1781,993,788,1000,547,453,781,446,335
C0116,09,12,0000,District - Aligarh  12,006060, 4 BUNDELI/BUNDELKHANDI,88,22,66,40,2,38,48,20,28
C0116,09,12,0000,District - Aligarh  12,006072, 5 CHHATTISGARHI,103,48,55,0,0,0,103,48,55
C0116,09,12,0000,District - Aligarh  12,006095, 6 GARHWALI,14,6,8,1,0,1,13,6,7
C0116,09,12,0000,District - Aligarh  12,006117, 7 HARYANVI,11,6,5,8,3,5,3,3,0
C0116,09,12,0000,District - Aligarh  12,006118, 8 HINDI,2716626,1460533,1256093,2081490,1122030,959460,635136,338503,296633
C0116,09,12,0000,District - Aligarh  12,006127, 9 JAUNSARI,8,5,3,0,0,0,8,5,3
C0116,09,12,0000,District - Aligarh  12,006148, 10 KHARI BOLI,418,225,193,418,225,193,0,0,0
C0116,09,12,0000,District - Aligarh  12,006162, 11 KUMAUNI,8,6,2,0,0,0,8,6,2
C0116,09,12,0000,District - Aligarh  12,006195, 12 MEWARI,79,45,34,0,0,0,79,45,34
C0116,09,12,0000,District - Aligarh  12,006196, 13 MEWATI,16,12,4,16,12,4,0,0,0
C0116,09,12,0000,District - Aligarh  12,006213, 14 PAHARI,7,4,3,0,0,0,7,4,3
C0116,09,12,0000,District - Aligarh  12,006242, 15 RAJASTHANI,187,92,95,151,75,76,36,17,19
C0116,09,12,0000,District - Aligarh  12,006999,6 Others,488,272,216,30,22,8,458,250,208
C0116,09,12,0000,District - Aligarh  12,007000,7 KANNADA,15,8,7,6,3,3,9,5,4
C0116,09,12,0000,District - Aligarh  12,007013, 1 KANNADA,15,8,7,6,3,3,9,5,4
C0116,09,12,0000,District - Aligarh  12,008000,8 KASHMIRI,94,90,4,5,3,2,89,87,2
C0116,09,12,0000,District - Aligarh  12,008002, 1 KASHMIRI,94,90,4,5,3,2,89,87,2
C0116,09,12,0000,District - Aligarh  12,011000,11 MALAYALAM,77,39,38,16,8,8,61,31,30
C0116,09,12,0000,District - Aligarh  12,011013, 1 MALAYALAM,66,33,33,16,8,8,50,25,25
C0116,09,12,0000,District - Aligarh  12,011999,11 Others,11,6,5,0,0,0,11,6,5
C0116,09,12,0000,District - Aligarh  12,012000,12 MANIPURI,7,7,0,0,0,0,7,7,0
C0116,09,12,0000,District - Aligarh  12,012002, 1 MANIPURI,7,7,0,0,0,0,7,7,0
C0116,09,12,0000,District - Aligarh  12,013000,13 MARATHI,29,17,12,11,7,4,18,10,8
C0116,09,12,0000,District - Aligarh  12,013048, 1 MARATHI,29,17,12,11,7,4,18,10,8
C0116,09,12,0000,District - Aligarh  12,014000,14 NEPALI,178,92,86,69,33,36,109,59,50
C0116,09,12,0000,District - Aligarh  12,014009, 1 NEPALI,178,92,86,69,33,36,109,59,50
C0116,09,12,0000,District - Aligarh  12,015000,15 ORIYA,20,4,16,13,2,11,7,2,5
C0116,09,12,0000,District - Aligarh  12,015031, 1 ORIYA,20,4,16,13,2,11,7,2,5
C0116,09,12,0000,District - Aligarh  12,016000,16 PUNJABI,2514,1312,1202,337,192,145,2177,1120,1057
C0116,09,12,0000,District - Aligarh  12,016018, 1 PUNJABI,2470,1295,1175,337,192,145,2133,1103,1030
C0116,09,12,0000,District - Aligarh  12,016999,16 Others,44,17,27,0,0,0,44,17,27
C0116,09,12,0000,District - Aligarh  12,017000,17 SANSKRIT,7,3,4,3,1,2,4,2,2
C0116,09,12,0000,District - Aligarh  12,017002, 1 SANSKRIT,7,3,4,3,1,2,4,2,2
C0116,09,12,0000,District - Aligarh  12,019000,19 SINDHI,568,291,277,0,0,0,568,291,277
C0116,09,12,0000,District - Aligarh  12,019013, 1 SINDHI,568,291,277,0,0,0,568,291,277
C0116,09,12,0000,District - Aligarh  12,020000,20 TAMIL,18,13,5,4,4,0,14,9,5
C0116,09,12,0000,District - Aligarh  12,020020, 1 TAMIL,18,13,5,4,4,0,14,9,5
C0116,09,12,0000,District - Aligarh  12,021000,21 TELUGU,15,7,8,3,1,2,12,6,6
C0116,09,12,0000,District - Aligarh  12,021035, 1 TELUGU,15,7,8,3,1,2,12,6,6
C0116,09,12,0000,District - Aligarh  12,022000,22 URDU,267923,142715,125208,43601,23087,20514,224322,119628,104694
C0116,09,12,0000,District - Aligarh  12,022014, 1 URDU,267923,142715,125208,43601,23087,20514,224322,119628,104694
C0116,09,12,0000,District - Aligarh  12,028000,28 ARABIC/ARBI,178,86,92,64,30,34,114,56,58
C0116,09,12,0000,District - Aligarh  12,028001, 1 ARABIC/ARBI,178,86,92,64,30,34,114,56,58
C0116,09,12,0000,District - Aligarh  12,030000,30 BHILI/BHILODI,1,1,0,0,0,0,1,1,0
C0116,09,12,0000,District - Aligarh  12,030999,30 Others,1,1,0,0,0,0,1,1,0
C0116,09,12,0000,District - Aligarh  12,040000,40 ENGLISH,225,121,104,170,91,79,55,30,25
C0116,09,12,0000,District - Aligarh  12,040001, 1 ENGLISH,225,121,104,170,91,79,55,30,25
C0116,09,12,0000,District - Aligarh  12,072000,72 KURUKH/ORAON,3,0,3,0,0,0,3,0,3
C0116,09,12,0000,District - Aligarh  12,072009, 1 KURUKH/ORAON,1,0,1,0,0,0,1,0,1
C0116,09,12,0000,District - Aligarh  12,072999,72 Others,2,0,2,0,0,0,2,0,2
C0116,09,12,0000,District - Aligarh  12,123000,123 OTHERS,103,50,53,42,20,22,61,30,31
C0116,09,12,0001,Tehsil - Khair 0001,002000,2 BENGALI,6,1,5,5,1,4,1,0,1
C0116,09,12,0001,Tehsil - Khair 0001,002004, 1 BENGALI,6,1,5,5,1,4,1,0,1
C0116,09,12,0001,Tehsil - Khair 0001,006000,6 HINDI,370857,198915,171942,326362,175000,151362,44495,23915,20580
C0116,09,12,0001,Tehsil - Khair 0001,006008, 1 AWADHI,1,0,1,1,0,1,0,0,0
C0116,09,12,0001,Tehsil - Khair 0001,006059, 2 BRAJBHASHA,549,297,252,549,297,252,0,0,0
C0116,09,12,0001,Tehsil - Khair 0001,006060, 3 BUNDELI/BUNDELKHANDI,3,0,3,3,0,3,0,0,0
C0116,09,12,0001,Tehsil - Khair 0001,006117, 4 HARYANVI,6,1,5,6,1,5,0,0,0
C0116,09,12,0001,Tehsil - Khair 0001,006118, 5 HINDI,369864,198380,171484,325369,174465,150904,44495,23915,20580
C0116,09,12,0001,Tehsil - Khair 0001,006148, 6 KHARI BOLI,418,225,193,418,225,193,0,0,0
C0116,09,12,0001,Tehsil - Khair 0001,006196, 7 MEWATI,16,12,4,16,12,4,0,0,0
C0116,09,12,0001,Tehsil - Khair 0001,011000,11 MALAYALAM,8,3,5,8,3,5,0,0,0
C0116,09,12,0001,Tehsil - Khair 0001,011013, 1 MALAYALAM,8,3,5,8,3,5,0,0,0
C0116,09,12,0001,Tehsil - Khair 0001,013000,13 MARATHI,2,1,1,2,1,1,0,0,0
C0116,09,12,0001,Tehsil - Khair 0001,013048, 1 MARATHI,2,1,1,2,1,1,0,0,0
C0116,09,12,0001,Tehsil - Khair 0001,014000,14 NEPALI,2,0,2,1,0,1,1,0,1
C0116,09,12,0001,Tehsil - Khair 0001,014009, 1 NEPALI,2,0,2,1,0,1,1,0,1
C0116,09,12,0001,Tehsil - Khair 0001,015000,15 ORIYA,3,0,3,2,0,2,1,0,1
C0116,09,12,0001,Tehsil - Khair 0001,015031, 1 ORIYA,3,0,3,2,0,2,1,0,1
C0116,09,12,0001,Tehsil - Khair 0001,016000,16 PUNJABI,96,54,42,82,47,35,14,7,7
C0116,09,12,0001,Tehsil - Khair 0001,016018, 1 PUNJABI,96,54,42,82,47,35,14,7,7
C0116,09,12,0001,Tehsil - Khair 0001,022000,22 URDU,1882,1006,876,1755,945,810,127,61,66
C0116,09,12,0001,Tehsil - Khair 0001,022014, 1 URDU,1882,1006,876,1755,945,810,127,61,66
C0116,09,12,0001,Tehsil - Khair 0001,028000,28 ARABIC/ARBI,1,0,1,0,0,0,1,0,1
C0116,09,12,0001,Tehsil - Khair 0001,028001, 1 ARABIC/ARBI,1,0,1,0,0,0,1,0,1
C0116,09,12,0001,Tehsil - Khair 0001,040000,40 ENGLISH,78,39,39,78,39,39,0,0,0
C0116,09,12,0001,Tehsil - Khair 0001,040001, 1 ENGLISH,78,39,39,78,39,39,0,0,0
C0116,09,12,0001,Tehsil - Khair 0001,123000,123 OTHERS,35,17,18,35,17,18,0,0,0
C0116,09,12,0002,Tehsil - Gabhana ** 0002,002000,2 BENGALI,14,7,7,0,0,0,14,7,7
C0116,09,12,0002,Tehsil - Gabhana ** 0002,002004, 1 BENGALI,14,7,7,0,0,0,14,7,7
C0116,09,12,0002,Tehsil - Gabhana ** 0002,005000,5 GUJARATI,5,3,2,0,0,0,5,3,2
C0116,09,12,0002,Tehsil - Gabhana ** 0002,005011, 1 GUJARATI,5,3,2,0,0,0,5,3,2
C0116,09,12,0002,Tehsil - Gabhana ** 0002,006000,6 HINDI,275655,148257,127398,262326,141158,121168,13329,7099,6230
C0116,09,12,0002,Tehsil - Gabhana ** 0002,006060, 1 BUNDELI/BUNDELKHANDI,8,4,4,0,0,0,8,4,4
C0116,09,12,0002,Tehsil - Gabhana ** 0002,006118, 2 HINDI,275632,148244,127388,262311,141149,121162,13321,7095,6226
C0116,09,12,0002,Tehsil - Gabhana ** 0002,006242, 3 RAJASTHANI,15,9,6,15,9,6,0,0,0
C0116,09,12,0002,Tehsil - Gabhana ** 0002,007000,7 KANNADA,4,2,2,0,0,0,4,2,2
C0116,09,12,0002,Tehsil - Gabhana ** 0002,007013, 1 KANNADA,4,2,2,0,0,0,4,2,2
C0116,09,12,0002,Tehsil - Gabhana ** 0002,011000,11 MALAYALAM,15,10,5,1,1,0,14,9,5
C0116,09,12,0002,Tehsil - Gabhana ** 0002,011013, 1 MALAYALAM,11,7,4,1,1,0,10,6,4
C0116,09,12,0002,Tehsil - Gabhana ** 0002,011999,11 Others,4,3,1,0,0,0,4,3,1
C0116,09,12,0002,Tehsil - Gabhana ** 0002,013000,13 MARATHI,1,1,0,0,0,0,1,1,0
C0116,09,12,0002,Tehsil - Gabhana ** 0002,013048, 1 MARATHI,1,1,0,0,0,0,1,1,0
C0116,09,12,0002,Tehsil - Gabhana ** 0002,016000,16 PUNJABI,98,55,43,17,11,6,81,44,37
C0116,09,12,0002,Tehsil - Gabhana ** 0002,016018, 1 PUNJABI,98,55,43,17,11,6,81,44,37
C0116,09,12,0002,Tehsil - Gabhana ** 0002,020000,20 TAMIL,1,1,0,0,0,0,1,1,0
C0116,09,12,0002,Tehsil - Gabhana ** 0002,020020, 1 TAMIL,1,1,0,0,0,0,1,1,0
C0116,09,12,0002,Tehsil - Gabhana ** 0002,021000,21 TELUGU,3,1,2,0,0,0,3,1,2
C0116,09,12,0002,Tehsil - Gabhana ** 0002,021035, 1 TELUGU,3,1,2,0,0,0,3,1,2
C0116,09,12,0002,Tehsil - Gabhana ** 0002,022000,22 URDU,2254,1193,1061,1954,1036,918,300,157,143
C0116,09,12,0002,Tehsil - Gabhana ** 0002,022014, 1 URDU,2254,1193,1061,1954,1036,918,300,157,143
C0116,09,12,0002,Tehsil - Gabhana ** 0002,028000,28 ARABIC/ARBI,61,30,31,61,30,31,0,0,0
C0116,09,12,0002,Tehsil - Gabhana ** 0002,028001, 1 ARABIC/ARBI,61,30,31,61,30,31,0,0,0
C0116,09,12,0002,Tehsil - Gabhana ** 0002,040000,40 ENGLISH,4,3,1,4,3,1,0,0,0
C0116,09,12,0002,Tehsil - Gabhana ** 0002,040001, 1 ENGLISH,4,3,1,4,3,1,0,0,0
C0116,09,12,0002,Tehsil - Gabhana ** 0002,123000,123 OTHERS,1,0,1,1,0,1,0,0,0
C0116,09,12,0003,Tehsil - Atrauli 0003,002000,2 BENGALI,24,7,17,12,3,9,12,4,8
C0116,09,12,0003,Tehsil - Atrauli 0003,002004, 1 BENGALI,24,7,17,12,3,9,12,4,8
C0116,09,12,0003,Tehsil - Atrauli 0003,005000,5 GUJARATI,8,5,3,0,0,0,8,5,3
C0116,09,12,0003,Tehsil - Atrauli 0003,005011, 1 GUJARATI,8,5,3,0,0,0,8,5,3
C0116,09,12,0003,Tehsil - Atrauli 0003,006000,6 HINDI,600141,324047,276094,546976,295807,251169,53165,28240,24925
C0116,09,12,0003,Tehsil - Atrauli 0003,006045, 1 BHOJPURI,2,2,0,0,0,0,2,2,0
C0116,09,12,0003,Tehsil - Atrauli 0003,006060, 2 BUNDELI/BUNDELKHANDI,19,3,16,15,0,15,4,3,1
C0116,09,12,0003,Tehsil - Atrauli 0003,006072, 3 CHHATTISGARHI,103,48,55,0,0,0,103,48,55
C0116,09,12,0003,Tehsil - Atrauli 0003,006095, 4 GARHWALI,1,0,1,1,0,1,0,0,0
C0116,09,12,0003,Tehsil - Atrauli 0003,006118, 5 HINDI,600015,323993,276022,546959,295806,251153,53056,28187,24869
C0116,09,12,0003,Tehsil - Atrauli 0003,006999,6 Others,1,1,0,1,1,0,0,0,0
C0116,09,12,0003,Tehsil - Atrauli 0003,013000,13 MARATHI,7,3,4,2,2,0,5,1,4
C0116,09,12,0003,Tehsil - Atrauli 0003,013048, 1 MARATHI,7,3,4,2,2,0,5,1,4
C0116,09,12,0003,Tehsil - Atrauli 0003,014000,14 NEPALI,31,16,15,29,14,15,2,2,0
C0116,09,12,0003,Tehsil - Atrauli 0003,014009, 1 NEPALI,31,16,15,29,14,15,2,2,0
C0116,09,12,0003,Tehsil - Atrauli 0003,015000,15 ORIYA,2,0,2,2,0,2,0,0,0
C0116,09,12,0003,Tehsil - Atrauli 0003,015031, 1 ORIYA,2,0,2,2,0,2,0,0,0
C0116,09,12,0003,Tehsil - Atrauli 0003,016000,16 PUNJABI,238,134,104,165,92,73,73,42,31
C0116,09,12,0003,Tehsil - Atrauli 0003,016018, 1 PUNJABI,238,134,104,165,92,73,73,42,31
C0116,09,12,0003,Tehsil - Atrauli 0003,022000,22 URDU,27633,14485,13148,16323,8587,7736,11310,5898,5412
C0116,09,12,0003,Tehsil - Atrauli 0003,022014, 1 URDU,27633,14485,13148,16323,8587,7736,11310,5898,5412
C0116,09,12,0003,Tehsil - Atrauli 0003,028000,28 ARABIC/ARBI,3,0,3,3,0,3,0,0,0
C0116,09,12,0003,Tehsil - Atrauli 0003,028001, 1 ARABIC/ARBI,3,0,3,3,0,3,0,0,0
C0116,09,12,0004,Tehsil - Koil 0004,001000,1 ASSAMESE,10,8,2,8,6,2,2,2,0
C0116,09,12,0004,Tehsil - Koil 0004,001002, 1 ASSAMESE,10,8,2,8,6,2,2,2,0
C0116,09,12,0004,Tehsil - Koil 0004,002000,2 BENGALI,295,176,119,57,39,18,238,137,101
C0116,09,12,0004,Tehsil - Koil 0004,002004, 1 BENGALI,295,176,119,57,39,18,238,137,101
C0116,09,12,0004,Tehsil - Koil 0004,004000,4 DOGRI,8,5,3,3,3,0,5,2,3
C0116,09,12,0004,Tehsil - Koil 0004,004001, 1 DOGRI,8,5,3,3,3,0,5,2,3
C0116,09,12,0004,Tehsil - Koil 0004,005000,5 GUJARATI,65,35,30,1,1,0,64,34,30
C0116,09,12,0004,Tehsil - Koil 0004,005011, 1 GUJARATI,65,35,30,1,1,0,64,34,30
C0116,09,12,0004,Tehsil - Koil 0004,006000,6 HINDI,1134425,607487,526938,625967,336538,289429,508458,270949,237509
C0116,09,12,0004,Tehsil - Koil 0004,006008, 1 AWADHI,2,1,1,0,0,0,2,1,1
C0116,09,12,0004,Tehsil - Koil 0004,006045, 2 BHOJPURI,26,19,7,4,4,0,22,15,7
C0116,09,12,0004,Tehsil - Koil 0004,006059, 3 BRAJBHASHA,1216,687,529,435,241,194,781,446,335
C0116,09,12,0004,Tehsil - Koil 0004,006060, 4 BUNDELI/BUNDELKHANDI,48,13,35,14,1,13,34,12,22
C0116,09,12,0004,Tehsil - Koil 0004,006095, 5 GARHWALI,13,6,7,0,0,0,13,6,7
C0116,09,12,0004,Tehsil - Koil 0004,006117, 6 HARYANVI,5,5,0,2,2,0,3,3,0
C0116,09,12,0004,Tehsil - Koil 0004,006118, 7 HINDI,1132363,606348,526015,625356,336209,289147,507007,270139,236868
C0116,09,12,0004,Tehsil - Koil 0004,006127, 8 JAUNSARI,8,5,3,0,0,0,8,5,3
C0116,09,12,0004,Tehsil - Koil 0004,006162, 9 KUMAUNI,8,6,2,0,0,0,8,6,2
C0116,09,12,0004,Tehsil - Koil 0004,006195, 10 MEWARI,79,45,34,0,0,0,79,45,34
C0116,09,12,0004,Tehsil - Koil 0004,006213, 11 PAHARI,7,4,3,0,0,0,7,4,3
C0116,09,12,0004,Tehsil - Koil 0004,006242, 12 RAJASTHANI,172,83,89,136,66,70,36,17,19
C0116,09,12,0004,Tehsil - Koil 0004,006999,6 Others,478,265,213,20,15,5,458,250,208
C0116,09,12,0004,Tehsil - Koil 0004,007000,7 KANNADA,11,6,5,6,3,3,5,3,2
C0116,09,12,0004,Tehsil - Koil 0004,007013, 1 KANNADA,11,6,5,6,3,3,5,3,2
C0116,09,12,0004,Tehsil - Koil 0004,008000,8 KASHMIRI,73,69,4,5,3,2,68,66,2
C0116,09,12,0004,Tehsil - Koil 0004,008002, 1 KASHMIRI,73,69,4,5,3,2,68,66,2
C0116,09,12,0004,Tehsil - Koil 0004,011000,11 MALAYALAM,54,26,28,7,4,3,47,22,25
C0116,09,12,0004,Tehsil - Koil 0004,011013, 1 MALAYALAM,47,23,24,7,4,3,40,19,21
C0116,09,12,0004,Tehsil - Koil 0004,011999,11 Others,7,3,4,0,0,0,7,3,4
C0116,09,12,0004,Tehsil - Koil 0004,012000,12 MANIPURI,7,7,0,0,0,0,7,7,0
C0116,09,12,0004,Tehsil - Koil 0004,012002, 1 MANIPURI,7,7,0,0,0,0,7,7,0
C0116,09,12,0004,Tehsil - Koil 0004,013000,13 MARATHI,19,12,7,7,4,3,12,8,4
C0116,09,12,0004,Tehsil - Koil 0004,013048, 1 MARATHI,19,12,7,7,4,3,12,8,4
C0116,09,12,0004,Tehsil - Koil 0004,014000,14 NEPALI,144,75,69,38,18,20,106,57,49
C0116,09,12,0004,Tehsil - Koil 0004,014009, 1 NEPALI,144,75,69,38,18,20,106,57,49
C0116,09,12,0004,Tehsil - Koil 0004,015000,15 ORIYA,11,4,7,7,2,5,4,2,2
C0116,09,12,0004,Tehsil - Koil 0004,015031, 1 ORIYA,11,4,7,7,2,5,4,2,2
C0116,09,12,0004,Tehsil - Koil 0004,016000,16 PUNJABI,2080,1067,1013,73,42,31,2007,1025,982
C0116,09,12,0004,Tehsil - Koil 0004,016018, 1 PUNJABI,2036,1050,986,73,42,31,1963,1008,955
C0116,09,12,0004,Tehsil - Koil 0004,016999,16 Others,44,17,27,0,0,0,44,17,27
C0116,09,12,0004,Tehsil - Koil 0004,017000,17 SANSKRIT,7,3,4,3,1,2,4,2,2
C0116,09,12,0004,Tehsil - Koil 0004,017002, 1 SANSKRIT,7,3,4,3,1,2,4,2,2
C0116,09,12,0004,Tehsil - Koil 0004,019000,19 SINDHI,568,291,277,0,0,0,568,291,277
C0116,09,12,0004,Tehsil - Koil 0004,019013, 1 SINDHI,568,291,277,0,0,0,568,291,277
C0116,09,12,0004,Tehsil - Koil 0004,020000,20 TAMIL,17,12,5,4,4,0,13,8,5
C0116,09,12,0004,Tehsil - Koil 0004,020020, 1 TAMIL,17,12,5,4,4,0,13,8,5
C0116,09,12,0004,Tehsil - Koil 0004,021000,21 TELUGU,9,3,6,3,1,2,6,2,4
C0116,09,12,0004,Tehsil - Koil 0004,021035, 1 TELUGU,9,3,6,3,1,2,6,2,4
C0116,09,12,0004,Tehsil - Koil 0004,022000,22 URDU,235774,125817,109957,23243,12335,10908,212531,113482,99049
C0116,09,12,0004,Tehsil - Koil 0004,022014, 1 URDU,235774,125817,109957,23243,12335,10908,212531,113482,99049
C0116,09,12,0004,Tehsil - Koil 0004,028000,28 ARABIC/ARBI,113,56,57,0,0,0,113,56,57
C0116,09,12,0004,Tehsil - Koil 0004,028001, 1 ARABIC/ARBI,113,56,57,0,0,0,113,56,57
C0116,09,12,0004,Tehsil - Koil 0004,040000,40 ENGLISH,56,31,25,1,1,0,55,30,25
C0116,09,12,0004,Tehsil - Koil 0004,040001, 1 ENGLISH,56,31,25,1,1,0,55,30,25
C0116,09,12,0004,Tehsil - Koil 0004,072000,72 KURUKH/ORAON,3,0,3,0,0,0,3,0,3
C0116,09,12,0004,Tehsil - Koil 0004,072009, 1 KURUKH/ORAON,1,0,1,0,0,0,1,0,1
C0116,09,12,0004,Tehsil - Koil 0004,072999,72 Others,2,0,2,0,0,0,2,0,2
C0116,09,12,0004,Tehsil - Koil 0004,123000,123 OTHERS,65,31,34,6,3,3,59,28,31
C0116,09,12,0005,Tehsil - Iglas 0005,002000,2 BENGALI,6,3,3,3,1,2,3,2,1
C0116,09,12,0005,Tehsil - Iglas 0005,002004, 1 BENGALI,6,3,3,3,1,2,3,2,1
C0116,09,12,0005,Tehsil - Iglas 0005,004000,4 DOGRI,5,5,0,0,0,0,5,5,0
C0116,09,12,0005,Tehsil - Iglas 0005,004001, 1 DOGRI,5,5,0,0,0,0,5,5,0
C0116,09,12,0005,Tehsil - Iglas 0005,006000,6 HINDI,338787,183585,155202,321528,174417,147111,17259,9168,8091
C0116,09,12,0005,Tehsil - Iglas 0005,006059, 1 BRAJBHASHA,16,9,7,16,9,7,0,0,0
C0116,09,12,0005,Tehsil - Iglas 0005,006060, 2 BUNDELI/BUNDELKHANDI,10,2,8,8,1,7,2,1,1
C0116,09,12,0005,Tehsil - Iglas 0005,006118, 3 HINDI,338752,183568,155184,321495,174401,147094,17257,9167,8090
C0116,09,12,0005,Tehsil - Iglas 0005,006999,6 Others,9,6,3,9,6,3,0,0,0
C0116,09,12,0005,Tehsil - Iglas 0005,008000,8 KASHMIRI,21,21,0,0,0,0,21,21,0
C0116,09,12,0005,Tehsil - Iglas 0005,008002, 1 KASHMIRI,21,21,0,0,0,0,21,21,0
C0116,09,12,0005,Tehsil - Iglas 0005,014000,14 NEPALI,1,1,0,1,1,0,0,0,0
C0116,09,12,0005,Tehsil - Iglas 0005,014009, 1 NEPALI,1,1,0,1,1,0,0,0,0
C0116,09,12,0005,Tehsil - Iglas 0005,015000,15 ORIYA,4,0,4,2,0,2,2,0,2
C0116,09,12,0005,Tehsil - Iglas 0005,015031, 1 ORIYA,4,0,4,2,0,2,2,0,2
C0116,09,12,0005,Tehsil - Iglas 0005,016000,16 PUNJABI,2,2,0,0,0,0,2,2,0
C0116,09,12,0005,Tehsil - Iglas 0005,016018, 1 PUNJABI,2,2,0,0,0,0,2,2,0
C0116,09,12,0005,Tehsil - Iglas 0005,021000,21 TELUGU,3,3,0,0,0,0,3,3,0
C0116,09,12,0005,Tehsil - Iglas 0005,021035, 1 TELUGU,3,3,0,0,0,0,3,3,0
C0116,09,12,0005,Tehsil - Iglas 0005,022000,22 URDU,380,214,166,326,184,142,54,30,24
C0116,09,12,0005,Tehsil - Iglas 0005,022014, 1 URDU,380,214,166,326,184,142,54,30,24
C0116,09,12,0005,Tehsil - Iglas 0005,030000,30 BHILI/BHILODI,1,1,0,0,0,0,1,1,0
C0116,09,12,0005,Tehsil - Iglas 0005,030999,30 Others,1,1,0,0,0,0,1,1,0
C0116,09,12,0005,Tehsil - Iglas 0005,040000,40 ENGLISH,87,48,39,87,48,39,0,0,0
C0116,09,12,0005,Tehsil - Iglas 0005,040001, 1 ENGLISH,87,48,39,87,48,39,0,0,0
C0116,09,12,0005,Tehsil - Iglas 0005,123000,123 OTHERS,2,2,0,0,0,0,2,2,0
C0116,09,13,0000,District - Hathras *  13,002000,2 BENGALI,42,17,25,23,3,20,19,14,5
C0116,09,13,0000,District - Hathras *  13,002004, 1 BENGALI,42,17,25,23,3,20,19,14,5
C0116,09,13,0000,District - Hathras *  13,005000,5 GUJARATI,4,1,3,0,0,0,4,1,3
C0116,09,13,0000,District - Hathras *  13,005011, 1 GUJARATI,3,1,2,0,0,0,3,1,2
C0116,09,13,0000,District - Hathras *  13,005999,5 Others,1,0,1,0,0,0,1,0,1
C0116,09,13,0000,District - Hathras *  13,006000,6 HINDI,1303503,701868,601635,1064835,574560,490275,238668,127308,111360
C0116,09,13,0000,District - Hathras *  13,006045, 1 BHOJPURI,285,157,128,283,156,127,2,1,1
C0116,09,13,0000,District - Hathras *  13,006059, 2 BRAJBHASHA,2481,1350,1131,2468,1346,1122,13,4,9
C0116,09,13,0000,District - Hathras *  13,006060, 3 BUNDELI/BUNDELKHANDI,18,7,11,13,3,10,5,4,1
C0116,09,13,0000,District - Hathras *  13,006095, 4 GARHWALI,1,0,1,1,0,1,0,0,0
C0116,09,13,0000,District - Hathras *  13,006117, 5 HARYANVI,2,1,1,1,0,1,1,1,0
C0116,09,13,0000,District - Hathras *  13,006118, 6 HINDI,1300614,700301,600313,1062062,573053,489009,238552,127248,111304
C0116,09,13,0000,District - Hathras *  13,006127, 7 JAUNSARI,4,1,3,4,1,3,0,0,0
C0116,09,13,0000,District - Hathras *  13,006148, 8 KHARI BOLI,95,50,45,0,0,0,95,50,45
C0116,09,13,0000,District - Hathras *  13,006242, 9 RAJASTHANI,1,0,1,1,0,1,0,0,0
C0116,09,13,0000,District - Hathras *  13,006999,6 Others,2,1,1,2,1,1,0,0,0
C0116,09,13,0000,District - Hathras *  13,010000,10 MAITHILI,13,5,8,0,0,0,13,5,8
C0116,09,13,0000,District - Hathras *  13,010006, 1 MAITHILI,13,5,8,0,0,0,13,5,8
C0116,09,13,0000,District - Hathras *  13,011000,11 MALAYALAM,21,8,13,15,4,11,6,4,2
C0116,09,13,0000,District - Hathras *  13,011013, 1 MALAYALAM,21,8,13,15,4,11,6,4,2
C0116,09,13,0000,District - Hathras *  13,013000,13 MARATHI,3,2,1,2,2,0,1,0,1
C0116,09,13,0000,District - Hathras *  13,013048, 1 MARATHI,3,2,1,2,2,0,1,0,1
C0116,09,13,0000,District - Hathras *  13,014000,14 NEPALI,2724,1453,1271,2462,1322,1140,262,131,131
C0116,09,13,0000,District - Hathras *  13,014009, 1 NEPALI,2724,1453,1271,2462,1322,1140,262,131,131
C0116,09,13,0000,District - Hathras *  13,015000,15 ORIYA,1,0,1,1,0,1,0,0,0
C0116,09,13,0000,District - Hathras *  13,015031, 1 ORIYA,1,0,1,1,0,1,0,0,0
C0116,09,13,0000,District - Hathras *  13,016000,16 PUNJABI,152,76,76,2,1,1,150,75,75
C0116,09,13,0000,District - Hathras *  13,016018, 1 PUNJABI,152,76,76,2,1,1,150,75,75
C0116,09,13,0000,District - Hathras *  13,020000,20 TAMIL,128,70,58,128,70,58,0,0,0
C0116,09,13,0000,District - Hathras *  13,020020, 1 TAMIL,128,70,58,128,70,58,0,0,0
C0116,09,13,0000,District - Hathras *  13,022000,22 URDU,29249,15334,13915,3903,2107,1796,25346,13227,12119
C0116,09,13,0000,District - Hathras *  13,022014, 1 URDU,29249,15334,13915,3903,2107,1796,25346,13227,12119
C0116,09,13,0000,District - Hathras *  13,028000,28 ARABIC/ARBI,4,3,1,1,0,1,3,3,0
C0116,09,13,0000,District - Hathras *  13,028001, 1 ARABIC/ARBI,4,3,1,1,0,1,3,3,0
C0116,09,13,0000,District - Hathras *  13,040000,40 ENGLISH,6,4,2,5,4,1,1,0,1
C0116,09,13,0000,District - Hathras *  13,040001, 1 ENGLISH,6,4,2,5,4,1,1,0,1
C0116,09,13,0000,District - Hathras *  13,090000,90 MUNDA,173,86,87,173,86,87,0,0,0
C0116,09,13,0000,District - Hathras *  13,090999,90 Others,173,86,87,173,86,87,0,0,0
C0116,09,13,0000,District - Hathras *  13,123000,123 OTHERS,8,3,5,1,0,1,7,3,4
C0116,09,13,0001,Tehsil - Sasni ** 0001,002000,2 BENGALI,5,2,3,5,2,3,0,0,0
C0116,09,13,0001,Tehsil - Sasni ** 0001,002004, 1 BENGALI,5,2,3,5,2,3,0,0,0
C0116,09,13,0001,Tehsil - Sasni ** 0001,006000,6 HINDI,195160,104927,90233,180156,97010,83146,15004,7917,7087
C0116,09,13,0001,Tehsil - Sasni ** 0001,006045, 1 BHOJPURI,6,2,4,6,2,4,0,0,0
C0116,09,13,0001,Tehsil - Sasni ** 0001,006059, 2 BRAJBHASHA,640,339,301,640,339,301,0,0,0
C0116,09,13,0001,Tehsil - Sasni ** 0001,006060, 3 BUNDELI/BUNDELKHANDI,1,1,0,1,1,0,0,0,0
C0116,09,13,0001,Tehsil - Sasni ** 0001,006095, 4 GARHWALI,1,0,1,1,0,1,0,0,0
C0116,09,13,0001,Tehsil - Sasni ** 0001,006118, 5 HINDI,194512,104585,89927,179508,96668,82840,15004,7917,7087
C0116,09,13,0001,Tehsil - Sasni ** 0001,014000,14 NEPALI,545,294,251,544,294,250,1,0,1
C0116,09,13,0001,Tehsil - Sasni ** 0001,014009, 1 NEPALI,545,294,251,544,294,250,1,0,1
C0116,09,13,0001,Tehsil - Sasni ** 0001,016000,16 PUNJABI,1,1,0,1,1,0,0,0,0
C0116,09,13,0001,Tehsil - Sasni ** 0001,016018, 1 PUNJABI,1,1,0,1,1,0,0,0,0
C0116,09,13,0001,Tehsil - Sasni ** 0001,020000,20 TAMIL,101,56,45,101,56,45,0,0,0
C0116,09,13,0001,Tehsil - Sasni ** 0001,020020, 1 TAMIL,101,56,45,101,56,45,0,0,0
C0116,09,13,0001,Tehsil - Sasni ** 0001,022000,22 URDU,306,163,143,53,30,23,253,133,120
C0116,09,13,0001,Tehsil - Sasni ** 0001,022014, 1 URDU,306,163,143,53,30,23,253,133,120
C0116,09,13,0001,Tehsil - Sasni ** 0001,040000,40 ENGLISH,1,1,0,1,1,0,0,0,0
C0116,09,13,0001,Tehsil - Sasni ** 0001,040001, 1 ENGLISH,1,1,0,1,1,0,0,0,0
C0116,09,13,0002,Tehsil - Sikandra Rao 0002,002000,2 BENGALI,6,0,6,5,0,5,1,0,1
C0116,09,13,0002,Tehsil - Sikandra Rao 0002,002004, 1 BENGALI,6,0,6,5,0,5,1,0,1
C0116,09,13,0002,Tehsil - Sikandra Rao 0002,005000,5 GUJARATI,1,1,0,0,0,0,1,1,0
C0116,09,13,0002,Tehsil - Sikandra Rao 0002,005011, 1 GUJARATI,1,1,0,0,0,0,1,1,0
C0116,09,13,0002,Tehsil - Sikandra Rao 0002,006000,6 HINDI,322099,172751,149348,280482,150714,129768,41617,22037,19580
C0116,09,13,0002,Tehsil - Sikandra Rao 0002,006060, 1 BUNDELI/BUNDELKHANDI,3,0,3,3,0,3,0,0,0
C0116,09,13,0002,Tehsil - Sikandra Rao 0002,006117, 2 HARYANVI,1,0,1,1,0,1,0,0,0
C0116,09,13,0002,Tehsil - Sikandra Rao 0002,006118, 3 HINDI,322093,172751,149342,280476,150714,129762,41617,22037,19580
C0116,09,13,0002,Tehsil - Sikandra Rao 0002,006127, 4 JAUNSARI,1,0,1,1,0,1,0,0,0
C0116,09,13,0002,Tehsil - Sikandra Rao 0002,006242, 5 RAJASTHANI,1,0,1,1,0,1,0,0,0
C0116,09,13,0002,Tehsil - Sikandra Rao 0002,013000,13 MARATHI,1,1,0,1,1,0,0,0,0
C0116,09,13,0002,Tehsil - Sikandra Rao 0002,013048, 1 MARATHI,1,1,0,1,1,0,0,0,0
C0116,09,13,0002,Tehsil - Sikandra Rao 0002,014000,14 NEPALI,970,494,476,965,491,474,5,3,2
C0116,09,13,0002,Tehsil - Sikandra Rao 0002,014009, 1 NEPALI,970,494,476,965,491,474,5,3,2
C0116,09,13,0002,Tehsil - Sikandra Rao 0002,015000,15 ORIYA,1,0,1,1,0,1,0,0,0
C0116,09,13,0002,Tehsil - Sikandra Rao 0002,015031, 1 ORIYA,1,0,1,1,0,1,0,0,0
C0116,09,13,0002,Tehsil - Sikandra Rao 0002,016000,16 PUNJABI,7,2,5,0,0,0,7,2,5
C0116,09,13,0002,Tehsil - Sikandra Rao 0002,016018, 1 PUNJABI,7,2,5,0,0,0,7,2,5
C0116,09,13,0002,Tehsil - Sikandra Rao 0002,020000,20 TAMIL,1,0,1,1,0,1,0,0,0
C0116,09,13,0002,Tehsil - Sikandra Rao 0002,020020, 1 TAMIL,1,0,1,1,0,1,0,0,0
C0116,09,13,0002,Tehsil - Sikandra Rao 0002,022000,22 URDU,19564,10190,9374,1578,850,728,17986,9340,8646
C0116,09,13,0002,Tehsil - Sikandra Rao 0002,022014, 1 URDU,19564,10190,9374,1578,850,728,17986,9340,8646
C0116,09,13,0002,Tehsil - Sikandra Rao 0002,040000,40 ENGLISH,2,1,1,2,1,1,0,0,0
C0116,09,13,0002,Tehsil - Sikandra Rao 0002,040001, 1 ENGLISH,2,1,1,2,1,1,0,0,0
C0116,09,13,0003,Tehsil - Hathras 0003,002000,2 BENGALI,25,14,11,10,1,9,15,13,2
C0116,09,13,0003,Tehsil - Hathras 0003,002004, 1 BENGALI,25,14,11,10,1,9,15,13,2
C0116,09,13,0003,Tehsil - Hathras 0003,005000,5 GUJARATI,3,0,3,0,0,0,3,0,3
C0116,09,13,0003,Tehsil - Hathras 0003,005011, 1 GUJARATI,2,0,2,0,0,0,2,0,2
C0116,09,13,0003,Tehsil - Hathras 0003,005999,5 Others,1,0,1,0,0,0,1,0,1
C0116,09,13,0003,Tehsil - Hathras 0003,006000,6 HINDI,456947,245914,211033,312542,168715,143827,144405,77199,67206
C0116,09,13,0003,Tehsil - Hathras 0003,006045, 1 BHOJPURI,2,1,1,0,0,0,2,1,1
C0116,09,13,0003,Tehsil - Hathras 0003,006059, 2 BRAJBHASHA,15,5,10,2,1,1,13,4,9
C0116,09,13,0003,Tehsil - Hathras 0003,006060, 3 BUNDELI/BUNDELKHANDI,7,4,3,2,0,2,5,4,1
C0116,09,13,0003,Tehsil - Hathras 0003,006117, 4 HARYANVI,1,1,0,0,0,0,1,1,0
C0116,09,13,0003,Tehsil - Hathras 0003,006118, 5 HINDI,456921,245902,211019,312537,168713,143824,144384,77189,67195
C0116,09,13,0003,Tehsil - Hathras 0003,006127, 6 JAUNSARI,1,1,0,1,1,0,0,0,0
C0116,09,13,0003,Tehsil - Hathras 0003,010000,10 MAITHILI,13,5,8,0,0,0,13,5,8
C0116,09,13,0003,Tehsil - Hathras 0003,010006, 1 MAITHILI,13,5,8,0,0,0,13,5,8
C0116,09,13,0003,Tehsil - Hathras 0003,011000,11 MALAYALAM,21,8,13,15,4,11,6,4,2
C0116,09,13,0003,Tehsil - Hathras 0003,011013, 1 MALAYALAM,21,8,13,15,4,11,6,4,2
C0116,09,13,0003,Tehsil - Hathras 0003,013000,13 MARATHI,2,1,1,1,1,0,1,0,1
C0116,09,13,0003,Tehsil - Hathras 0003,013048, 1 MARATHI,2,1,1,1,1,0,1,0,1
C0116,09,13,0003,Tehsil - Hathras 0003,014000,14 NEPALI,757,414,343,505,286,219,252,128,124
C0116,09,13,0003,Tehsil - Hathras 0003,014009, 1 NEPALI,757,414,343,505,286,219,252,128,124
C0116,09,13,0003,Tehsil - Hathras 0003,016000,16 PUNJABI,144,73,71,1,0,1,143,73,70
C0116,09,13,0003,Tehsil - Hathras 0003,016018, 1 PUNJABI,144,73,71,1,0,1,143,73,70
C0116,09,13,0003,Tehsil - Hathras 0003,020000,20 TAMIL,1,1,0,1,1,0,0,0,0
C0116,09,13,0003,Tehsil - Hathras 0003,020020, 1 TAMIL,1,1,0,1,1,0,0,0,0
C0116,09,13,0003,Tehsil - Hathras 0003,022000,22 URDU,6948,3705,3243,1901,1024,877,5047,2681,2366
C0116,09,13,0003,Tehsil - Hathras 0003,022014, 1 URDU,6948,3705,3243,1901,1024,877,5047,2681,2366
C0116,09,13,0003,Tehsil - Hathras 0003,028000,28 ARABIC/ARBI,4,3,1,1,0,1,3,3,0
C0116,09,13,0003,Tehsil - Hathras 0003,028001, 1 ARABIC/ARBI,4,3,1,1,0,1,3,3,0
C0116,09,13,0003,Tehsil - Hathras 0003,040000,40 ENGLISH,1,0,1,0,0,0,1,0,1
C0116,09,13,0003,Tehsil - Hathras 0003,040001, 1 ENGLISH,1,0,1,0,0,0,1,0,1
C0116,09,13,0003,Tehsil - Hathras 0003,123000,123 OTHERS,8,3,5,1,0,1,7,3,4
C0116,09,13,0004,Tehsil - Sadabad 0004,002000,2 BENGALI,6,1,5,3,0,3,3,1,2
C0116,09,13,0004,Tehsil - Sadabad 0004,002004, 1 BENGALI,6,1,5,3,0,3,3,1,2
C0116,09,13,0004,Tehsil - Sadabad 0004,006000,6 HINDI,329297,178276,151021,291655,158121,133534,37642,20155,17487
C0116,09,13,0004,Tehsil - Sadabad 0004,006045, 1 BHOJPURI,277,154,123,277,154,123,0,0,0
C0116,09,13,0004,Tehsil - Sadabad 0004,006059, 2 BRAJBHASHA,1826,1006,820,1826,1006,820,0,0,0
C0116,09,13,0004,Tehsil - Sadabad 0004,006060, 3 BUNDELI/BUNDELKHANDI,7,2,5,7,2,5,0,0,0
C0116,09,13,0004,Tehsil - Sadabad 0004,006118, 4 HINDI,327088,177063,150025,289541,156958,132583,37547,20105,17442
C0116,09,13,0004,Tehsil - Sadabad 0004,006127, 5 JAUNSARI,2,0,2,2,0,2,0,0,0
C0116,09,13,0004,Tehsil - Sadabad 0004,006148, 6 KHARI BOLI,95,50,45,0,0,0,95,50,45
C0116,09,13,0004,Tehsil - Sadabad 0004,006999,6 Others,2,1,1,2,1,1,0,0,0
C0116,09,13,0004,Tehsil - Sadabad 0004,014000,14 NEPALI,452,251,201,448,251,197,4,0,4
C0116,09,13,0004,Tehsil - Sadabad 0004,014009, 1 NEPALI,452,251,201,448,251,197,4,0,4
C0116,09,13,0004,Tehsil - Sadabad 0004,020000,20 TAMIL,25,13,12,25,13,12,0,0,0
C0116,09,13,0004,Tehsil - Sadabad 0004,020020, 1 TAMIL,25,13,12,25,13,12,0,0,0
C0116,09,13,0004,Tehsil - Sadabad 0004,022000,22 URDU,2431,1276,1155,371,203,168,2060,1073,987
C0116,09,13,0004,Tehsil - Sadabad 0004,022014, 1 URDU,2431,1276,1155,371,203,168,2060,1073,987
C0116,09,13,0004,Tehsil - Sadabad 0004,040000,40 ENGLISH,2,2,0,2,2,0,0,0,0
C0116,09,13,0004,Tehsil - Sadabad 0004,040001, 1 ENGLISH,2,2,0,2,2,0,0,0,0
C0116,09,13,0004,Tehsil - Sadabad 0004,090000,90 MUNDA,173,86,87,173,86,87,0,0,0
C0116,09,13,0004,Tehsil - Sadabad 0004,090999,90 Others,173,86,87,173,86,87,0,0,0
C0116,09,14,0000,District - Mathura  14,001000,1 ASSAMESE,169,124,45,21,10,11,148,114,34
C0116,09,14,0000,District - Mathura  14,001002, 1 ASSAMESE,169,124,45,21,10,11,148,114,34
C0116,09,14,0000,District - Mathura  14,002000,2 BENGALI,6699,3537,3162,479,274,205,6220,3263,2957
C0116,09,14,0000,District - Mathura  14,002004, 1 BENGALI,6699,3537,3162,479,274,205,6220,3263,2957
C0116,09,14,0000,District - Mathura  14,004000,4 DOGRI,77,58,19,3,1,2,74,57,17
C0116,09,14,0000,District - Mathura  14,004001, 1 DOGRI,77,58,19,3,1,2,74,57,17
C0116,09,14,0000,District - Mathura  14,005000,5 GUJARATI,165,110,55,8,5,3,157,105,52
C0116,09,14,0000,District - Mathura  14,005011, 1 GUJARATI,165,110,55,8,5,3,157,105,52
C0116,09,14,0000,District - Mathura  14,006000,6 HINDI,2020521,1098648,921873,1480007,805917,674090,540514,292731,247783
C0116,09,14,0000,District - Mathura  14,006008, 1 AWADHI,14,14,0,10,10,0,4,4,0
C0116,09,14,0000,District - Mathura  14,006026, 2 BANJARI,2,1,1,0,0,0,2,1,1
C0116,09,14,0000,District - Mathura  14,006045, 3 BHOJPURI,992,759,233,443,320,123,549,439,110
C0116,09,14,0000,District - Mathura  14,006059, 4 BRAJBHASHA,28665,15766,12899,25016,13497,11519,3649,2269,1380
C0116,09,14,0000,District - Mathura  14,006060, 5 BUNDELI/BUNDELKHANDI,652,359,293,102,44,58,550,315,235
C0116,09,14,0000,District - Mathura  14,006072, 6 CHHATTISGARHI,5,2,3,0,0,0,5,2,3
C0116,09,14,0000,District - Mathura  14,006095, 7 GARHWALI,247,185,62,37,24,13,210,161,49
C0116,09,14,0000,District - Mathura  14,006117, 8 HARYANVI,407,202,205,127,14,113,280,188,92
C0116,09,14,0000,District - Mathura  14,006118, 9 HINDI,1988236,1080594,907642,1453351,791472,661879,534885,289122,245763
C0116,09,14,0000,District - Mathura  14,006127, 10 JAUNSARI,12,4,8,6,3,3,6,1,5
C0116,09,14,0000,District - Mathura  14,006138, 11 KANGRI,5,2,3,0,0,0,5,2,3
C0116,09,14,0000,District - Mathura  14,006148, 12 KHARI BOLI,79,44,35,69,37,32,10,7,3
C0116,09,14,0000,District - Mathura  14,006162, 13 KUMAUNI,139,82,57,7,4,3,132,78,54
C0116,09,14,0000,District - Mathura  14,006192, 14 MARWARI,34,16,18,0,0,0,34,16,18
C0116,09,14,0000,District - Mathura  14,006195, 15 MEWARI,644,388,256,644,388,256,0,0,0
C0116,09,14,0000,District - Mathura  14,006196, 16 MEWATI,100,59,41,100,59,41,0,0,0
C0116,09,14,0000,District - Mathura  14,006210, 17 NIMADI,1,1,0,0,0,0,1,1,0
C0116,09,14,0000,District - Mathura  14,006213, 18 PAHARI,24,16,8,0,0,0,24,16,8
C0116,09,14,0000,District - Mathura  14,006242, 19 RAJASTHANI,184,104,80,53,21,32,131,83,48
C0116,09,14,0000,District - Mathura  14,006999,6 Others,79,50,29,42,24,18,37,26,11
C0116,09,14,0000,District - Mathura  14,007000,7 KANNADA,57,45,12,9,8,1,48,37,11
C0116,09,14,0000,District - Mathura  14,007013, 1 KANNADA,57,45,12,9,8,1,48,37,11
C0116,09,14,0000,District - Mathura  14,008000,8 KASHMIRI,11,8,3,2,2,0,9,6,3
C0116,09,14,0000,District - Mathura  14,008002, 1 KASHMIRI,11,8,3,2,2,0,9,6,3
C0116,09,14,0000,District - Mathura  14,010000,10 MAITHILI,48,36,12,8,6,2,40,30,10
C0116,09,14,0000,District - Mathura  14,010006, 1 MAITHILI,48,36,12,8,6,2,40,30,10
C0116,09,14,0000,District - Mathura  14,011000,11 MALAYALAM,370,207,163,18,5,13,352,202,150
C0116,09,14,0000,District - Mathura  14,011013, 1 MALAYALAM,361,199,162,18,5,13,343,194,149
C0116,09,14,0000,District - Mathura  14,011999,11 Others,9,8,1,0,0,0,9,8,1
C0116,09,14,0000,District - Mathura  14,012000,12 MANIPURI,111,51,60,0,0,0,111,51,60
C0116,09,14,0000,District - Mathura  14,012002, 1 MANIPURI,111,51,60,0,0,0,111,51,60
C0116,09,14,0000,District - Mathura  14,013000,13 MARATHI,704,466,238,77,45,32,627,421,206
C0116,09,14,0000,District - Mathura  14,013048, 1 MARATHI,704,466,238,77,45,32,627,421,206
C0116,09,14,0000,District - Mathura  14,014000,14 NEPALI,581,373,208,125,75,50,456,298,158
C0116,09,14,0000,District - Mathura  14,014009, 1 NEPALI,581,373,208,125,75,50,456,298,158
C0116,09,14,0000,District - Mathura  14,015000,15 ORIYA,687,512,175,98,55,43,589,457,132
C0116,09,14,0000,District - Mathura  14,015031, 1 ORIYA,687,512,175,98,55,43,589,457,132
C0116,09,14,0000,District - Mathura  14,016000,16 PUNJABI,2412,1329,1083,336,196,140,2076,1133,943
C0116,09,14,0000,District - Mathura  14,016001, 1 BAGRI,6,3,3,0,0,0,6,3,3
C0116,09,14,0000,District - Mathura  14,016018, 2 PUNJABI,2395,1319,1076,336,196,140,2059,1123,936
C0116,09,14,0000,District - Mathura  14,016999,16 Others,11,7,4,0,0,0,11,7,4
C0116,09,14,0000,District - Mathura  14,017000,17 SANSKRIT,3,2,1,1,0,1,2,2,0
C0116,09,14,0000,District - Mathura  14,017002, 1 SANSKRIT,3,2,1,1,0,1,2,2,0
C0116,09,14,0000,District - Mathura  14,018000,18 SANTALI,4,2,2,0,0,0,4,2,2
C0116,09,14,0000,District - Mathura  14,018013, 1 SANTALI,3,1,2,0,0,0,3,1,2
C0116,09,14,0000,District - Mathura  14,018999,18 Others,1,1,0,0,0,0,1,1,0
C0116,09,14,0000,District - Mathura  14,019000,19 SINDHI,262,133,129,10,5,5,252,128,124
C0116,09,14,0000,District - Mathura  14,019013, 1 SINDHI,262,133,129,10,5,5,252,128,124
C0116,09,14,0000,District - Mathura  14,020000,20 TAMIL,334,233,101,14,7,7,320,226,94
C0116,09,14,0000,District - Mathura  14,020020, 1 TAMIL,334,233,101,14,7,7,320,226,94
C0116,09,14,0000,District - Mathura  14,021000,21 TELUGU,273,166,107,23,18,5,250,148,102
C0116,09,14,0000,District - Mathura  14,021035, 1 TELUGU,273,166,107,23,18,5,250,148,102
C0116,09,14,0000,District - Mathura  14,022000,22 URDU,40757,21320,19437,6230,3309,2921,34527,18011,16516
C0116,09,14,0000,District - Mathura  14,022014, 1 URDU,40757,21320,19437,6230,3309,2921,34527,18011,16516
C0116,09,14,0000,District - Mathura  14,028000,28 ARABIC/ARBI,51,21,30,6,1,5,45,20,25
C0116,09,14,0000,District - Mathura  14,028001, 1 ARABIC/ARBI,51,21,30,6,1,5,45,20,25
C0116,09,14,0000,District - Mathura  14,033000,33 BISHNUPURIYA,1,0,1,0,0,0,1,0,1
C0116,09,14,0000,District - Mathura  14,033001, 1 BISHNUPRIYA MANIPURI/MANIPURI BISHNUPRIYA,1,0,1,0,0,0,1,0,1
C0116,09,14,0000,District - Mathura  14,040000,40 ENGLISH,53,24,29,4,2,2,49,22,27
C0116,09,14,0000,District - Mathura  14,040001, 1 ENGLISH,53,24,29,4,2,2,49,22,27
C0116,09,14,0000,District - Mathura  14,052000,52 KARBI / MIKIR,1,1,0,0,0,0,1,1,0
C0116,09,14,0000,District - Mathura  14,052002, 1 KARBI,1,1,0,0,0,0,1,1,0
C0116,09,14,0000,District - Mathura  14,053000,53 KHANDESHI,1,1,0,0,0,0,1,1,0
C0116,09,14,0000,District - Mathura  14,053005, 1 GUJARI,1,1,0,0,0,0,1,1,0
C0116,09,14,0000,District - Mathura  14,062000,62 KODA/KORA,1,1,0,0,0,0,1,1,0
C0116,09,14,0000,District - Mathura  14,062999,62 Others,1,1,0,0,0,0,1,1,0
C0116,09,14,0000,District - Mathura  14,072000,72 KURUKH/ORAON,14,8,6,0,0,0,14,8,6
C0116,09,14,0000,District - Mathura  14,072009, 1 KURUKH/ORAON,1,1,0,0,0,0,1,1,0
C0116,09,14,0000,District - Mathura  14,072999,72 Others,13,7,6,0,0,0,13,7,6
C0116,09,14,0000,District - Mathura  14,090000,90 MUNDA,19,14,5,1,0,1,18,14,4
C0116,09,14,0000,District - Mathura  14,090006, 1 MUNDA,1,1,0,0,0,0,1,1,0
C0116,09,14,0000,District - Mathura  14,090999,90 Others,18,13,5,1,0,1,17,13,4
C0116,09,14,0000,District - Mathura  14,091000,91 MUNDARI,4,3,1,0,0,0,4,3,1
C0116,09,14,0000,District - Mathura  14,091004, 1 MUNDARI,4,3,1,0,0,0,4,3,1
C0116,09,14,0000,District - Mathura  14,093000,93 NISSI/DAFLA,1,0,1,0,0,0,1,0,1
C0116,09,14,0000,District - Mathura  14,093002, 1 BANGNI,1,0,1,0,0,0,1,0,1
C0116,09,14,0000,District - Mathura  14,115000,115 TRIPURI,2,2,0,1,1,0,1,1,0
C0116,09,14,0000,District - Mathura  14,115006, 1 TRIPURI,2,2,0,1,1,0,1,1,0
C0116,09,14,0000,District - Mathura  14,116000,116 TULU,1,1,0,0,0,0,1,1,0
C0116,09,14,0000,District - Mathura  14,116999,116 Others,1,1,0,0,0,0,1,1,0
C0116,09,14,0000,District - Mathura  14,123000,123 OTHERS,122,76,46,12,4,8,110,72,38
C0116,09,14,0001,Tehsil - Chhata 0001,001000,1 ASSAMESE,3,2,1,2,1,1,1,1,0
C0116,09,14,0001,Tehsil - Chhata 0001,001002, 1 ASSAMESE,3,2,1,2,1,1,1,1,0
C0116,09,14,0001,Tehsil - Chhata 0001,002000,2 BENGALI,231,122,109,51,28,23,180,94,86
C0116,09,14,0001,Tehsil - Chhata 0001,002004, 1 BENGALI,231,122,109,51,28,23,180,94,86
C0116,09,14,0001,Tehsil - Chhata 0001,005000,5 GUJARATI,3,2,1,1,1,0,2,1,1
C0116,09,14,0001,Tehsil - Chhata 0001,005011, 1 GUJARATI,3,2,1,1,1,0,2,1,1
C0116,09,14,0001,Tehsil - Chhata 0001,006000,6 HINDI,450193,246319,203874,365988,200654,165334,84205,45665,38540
C0116,09,14,0001,Tehsil - Chhata 0001,006008, 1 AWADHI,10,10,0,10,10,0,0,0,0
C0116,09,14,0001,Tehsil - Chhata 0001,006045, 2 BHOJPURI,420,308,112,418,307,111,2,1,1
C0116,09,14,0001,Tehsil - Chhata 0001,006059, 3 BRAJBHASHA,12137,6608,5529,11853,6447,5406,284,161,123
C0116,09,14,0001,Tehsil - Chhata 0001,006060, 4 BUNDELI/BUNDELKHANDI,63,38,25,25,11,14,38,27,11
C0116,09,14,0001,Tehsil - Chhata 0001,006095, 5 GARHWALI,36,27,9,30,22,8,6,5,1
C0116,09,14,0001,Tehsil - Chhata 0001,006117, 6 HARYANVI,48,8,40,48,8,40,0,0,0
C0116,09,14,0001,Tehsil - Chhata 0001,006118, 7 HINDI,437378,239273,198105,353511,193805,159706,83867,45468,38399
C0116,09,14,0001,Tehsil - Chhata 0001,006127, 8 JAUNSARI,3,0,3,0,0,0,3,0,3
C0116,09,14,0001,Tehsil - Chhata 0001,006148, 9 KHARI BOLI,65,35,30,65,35,30,0,0,0
C0116,09,14,0001,Tehsil - Chhata 0001,006162, 10 KUMAUNI,6,3,3,6,3,3,0,0,0
C0116,09,14,0001,Tehsil - Chhata 0001,006242, 11 RAJASTHANI,18,2,16,14,0,14,4,2,2
C0116,09,14,0001,Tehsil - Chhata 0001,006999,6 Others,9,7,2,8,6,2,1,1,0
C0116,09,14,0001,Tehsil - Chhata 0001,007000,7 KANNADA,1,0,1,1,0,1,0,0,0
C0116,09,14,0001,Tehsil - Chhata 0001,007013, 1 KANNADA,1,0,1,1,0,1,0,0,0
C0116,09,14,0001,Tehsil - Chhata 0001,008000,8 KASHMIRI,1,1,0,1,1,0,0,0,0
C0116,09,14,0001,Tehsil - Chhata 0001,008002, 1 KASHMIRI,1,1,0,1,1,0,0,0,0
C0116,09,14,0001,Tehsil - Chhata 0001,011000,11 MALAYALAM,27,8,19,6,1,5,21,7,14
C0116,09,14,0001,Tehsil - Chhata 0001,011013, 1 MALAYALAM,27,8,19,6,1,5,21,7,14
C0116,09,14,0001,Tehsil - Chhata 0001,013000,13 MARATHI,10,5,5,5,3,2,5,2,3
C0116,09,14,0001,Tehsil - Chhata 0001,013048, 1 MARATHI,10,5,5,5,3,2,5,2,3
C0116,09,14,0001,Tehsil - Chhata 0001,014000,14 NEPALI,60,44,16,45,33,12,15,11,4
C0116,09,14,0001,Tehsil - Chhata 0001,014009, 1 NEPALI,60,44,16,45,33,12,15,11,4
C0116,09,14,0001,Tehsil - Chhata 0001,015000,15 ORIYA,30,23,7,23,19,4,7,4,3
C0116,09,14,0001,Tehsil - Chhata 0001,015031, 1 ORIYA,30,23,7,23,19,4,7,4,3
C0116,09,14,0001,Tehsil - Chhata 0001,016000,16 PUNJABI,281,163,118,211,128,83,70,35,35
C0116,09,14,0001,Tehsil - Chhata 0001,016018, 1 PUNJABI,281,163,118,211,128,83,70,35,35
C0116,09,14,0001,Tehsil - Chhata 0001,017000,17 SANSKRIT,1,0,1,1,0,1,0,0,0
C0116,09,14,0001,Tehsil - Chhata 0001,017002, 1 SANSKRIT,1,0,1,1,0,1,0,0,0
C0116,09,14,0001,Tehsil - Chhata 0001,020000,20 TAMIL,2,1,1,2,1,1,0,0,0
C0116,09,14,0001,Tehsil - Chhata 0001,020020, 1 TAMIL,2,1,1,2,1,1,0,0,0
C0116,09,14,0001,Tehsil - Chhata 0001,021000,21 TELUGU,4,2,2,4,2,2,0,0,0
C0116,09,14,0001,Tehsil - Chhata 0001,021035, 1 TELUGU,4,2,2,4,2,2,0,0,0
C0116,09,14,0001,Tehsil - Chhata 0001,022000,22 URDU,14594,7683,6911,4052,2167,1885,10542,5516,5026
C0116,09,14,0001,Tehsil - Chhata 0001,022014, 1 URDU,14594,7683,6911,4052,2167,1885,10542,5516,5026
C0116,09,14,0001,Tehsil - Chhata 0001,028000,28 ARABIC/ARBI,13,3,10,5,0,5,8,3,5
C0116,09,14,0001,Tehsil - Chhata 0001,028001, 1 ARABIC/ARBI,13,3,10,5,0,5,8,3,5
C0116,09,14,0001,Tehsil - Chhata 0001,040000,40 ENGLISH,2,2,0,1,1,0,1,1,0
C0116,09,14,0001,Tehsil - Chhata 0001,040001, 1 ENGLISH,2,2,0,1,1,0,1,1,0
C0116,09,14,0001,Tehsil - Chhata 0001,090000,90 MUNDA,1,0,1,1,0,1,0,0,0
C0116,09,14,0001,Tehsil - Chhata 0001,090999,90 Others,1,0,1,1,0,1,0,0,0
C0116,09,14,0001,Tehsil - Chhata 0001,115000,115 TRIPURI,1,1,0,1,1,0,0,0,0
C0116,09,14,0001,Tehsil - Chhata 0001,115006, 1 TRIPURI,1,1,0,1,1,0,0,0,0
C0116,09,14,0001,Tehsil - Chhata 0001,123000,123 OTHERS,14,5,9,6,1,5,8,4,4
C0116,09,14,0002,Tehsil - Mat 0002,002000,2 BENGALI,35,18,17,35,18,17,0,0,0
C0116,09,14,0002,Tehsil - Mat 0002,002004, 1 BENGALI,35,18,17,35,18,17,0,0,0
C0116,09,14,0002,Tehsil - Mat 0002,006000,6 HINDI,483486,261044,222442,458441,247679,210762,25045,13365,11680
C0116,09,14,0002,Tehsil - Mat 0002,006059, 1 BRAJBHASHA,6965,3744,3221,6965,3744,3221,0,0,0
C0116,09,14,0002,Tehsil - Mat 0002,006060, 2 BUNDELI/BUNDELKHANDI,22,6,16,22,6,16,0,0,0
C0116,09,14,0002,Tehsil - Mat 0002,006117, 3 HARYANVI,6,3,3,6,3,3,0,0,0
C0116,09,14,0002,Tehsil - Mat 0002,006118, 4 HINDI,476488,257289,219199,451443,243924,207519,25045,13365,11680
C0116,09,14,0002,Tehsil - Mat 0002,006127, 5 JAUNSARI,5,2,3,5,2,3,0,0,0
C0116,09,14,0002,Tehsil - Mat 0002,011000,11 MALAYALAM,3,1,2,1,0,1,2,1,1
C0116,09,14,0002,Tehsil - Mat 0002,011013, 1 MALAYALAM,3,1,2,1,0,1,2,1,1
C0116,09,14,0002,Tehsil - Mat 0002,013000,13 MARATHI,32,19,13,26,16,10,6,3,3
C0116,09,14,0002,Tehsil - Mat 0002,013048, 1 MARATHI,32,19,13,26,16,10,6,3,3
C0116,09,14,0002,Tehsil - Mat 0002,014000,14 NEPALI,38,21,17,38,21,17,0,0,0
C0116,09,14,0002,Tehsil - Mat 0002,014009, 1 NEPALI,38,21,17,38,21,17,0,0,0
C0116,09,14,0002,Tehsil - Mat 0002,015000,15 ORIYA,3,0,3,3,0,3,0,0,0
C0116,09,14,0002,Tehsil - Mat 0002,015031, 1 ORIYA,3,0,3,3,0,3,0,0,0
C0116,09,14,0002,Tehsil - Mat 0002,016000,16 PUNJABI,72,43,29,51,32,19,21,11,10
C0116,09,14,0002,Tehsil - Mat 0002,016018, 1 PUNJABI,72,43,29,51,32,19,21,11,10
C0116,09,14,0002,Tehsil - Mat 0002,019000,19 SINDHI,1,1,0,1,1,0,0,0,0
C0116,09,14,0002,Tehsil - Mat 0002,019013, 1 SINDHI,1,1,0,1,1,0,0,0,0
C0116,09,14,0002,Tehsil - Mat 0002,022000,22 URDU,1435,764,671,1428,761,667,7,3,4
C0116,09,14,0002,Tehsil - Mat 0002,022014, 1 URDU,1435,764,671,1428,761,667,7,3,4
C0116,09,14,0002,Tehsil - Mat 0002,040000,40 ENGLISH,1,0,1,1,0,1,0,0,0
C0116,09,14,0002,Tehsil - Mat 0002,040001, 1 ENGLISH,1,0,1,1,0,1,0,0,0
C0116,09,14,0003,Tehsil - Mathura 0003,001000,1 ASSAMESE,166,122,44,19,9,10,147,113,34
C0116,09,14,0003,Tehsil - Mathura 0003,001002, 1 ASSAMESE,166,122,44,19,9,10,147,113,34
C0116,09,14,0003,Tehsil - Mathura 0003,002000,2 BENGALI,6433,3397,3036,393,228,165,6040,3169,2871
C0116,09,14,0003,Tehsil - Mathura 0003,002004, 1 BENGALI,6433,3397,3036,393,228,165,6040,3169,2871
C0116,09,14,0003,Tehsil - Mathura 0003,004000,4 DOGRI,77,58,19,3,1,2,74,57,17
C0116,09,14,0003,Tehsil - Mathura 0003,004001, 1 DOGRI,77,58,19,3,1,2,74,57,17
C0116,09,14,0003,Tehsil - Mathura 0003,005000,5 GUJARATI,162,108,54,7,4,3,155,104,51
C0116,09,14,0003,Tehsil - Mathura 0003,005011, 1 GUJARATI,162,108,54,7,4,3,155,104,51
C0116,09,14,0003,Tehsil - Mathura 0003,006000,6 HINDI,1086842,591285,495557,655578,357584,297994,431264,233701,197563
C0116,09,14,0003,Tehsil - Mathura 0003,006008, 1 AWADHI,4,4,0,0,0,0,4,4,0
C0116,09,14,0003,Tehsil - Mathura 0003,006026, 2 BANJARI,2,1,1,0,0,0,2,1,1
C0116,09,14,0003,Tehsil - Mathura 0003,006045, 3 BHOJPURI,572,451,121,25,13,12,547,438,109
C0116,09,14,0003,Tehsil - Mathura 0003,006059, 4 BRAJBHASHA,9563,5414,4149,6198,3306,2892,3365,2108,1257
C0116,09,14,0003,Tehsil - Mathura 0003,006060, 5 BUNDELI/BUNDELKHANDI,567,315,252,55,27,28,512,288,224
C0116,09,14,0003,Tehsil - Mathura 0003,006072, 6 CHHATTISGARHI,5,2,3,0,0,0,5,2,3
C0116,09,14,0003,Tehsil - Mathura 0003,006095, 7 GARHWALI,211,158,53,7,2,5,204,156,48
C0116,09,14,0003,Tehsil - Mathura 0003,006117, 8 HARYANVI,353,191,162,73,3,70,280,188,92
C0116,09,14,0003,Tehsil - Mathura 0003,006118, 9 HINDI,1074370,584032,490338,648397,353743,294654,425973,230289,195684
C0116,09,14,0003,Tehsil - Mathura 0003,006127, 10 JAUNSARI,4,2,2,1,1,0,3,1,2
C0116,09,14,0003,Tehsil - Mathura 0003,006138, 11 KANGRI,5,2,3,0,0,0,5,2,3
C0116,09,14,0003,Tehsil - Mathura 0003,006148, 12 KHARI BOLI,14,9,5,4,2,2,10,7,3
C0116,09,14,0003,Tehsil - Mathura 0003,006162, 13 KUMAUNI,133,79,54,1,1,0,132,78,54
C0116,09,14,0003,Tehsil - Mathura 0003,006192, 14 MARWARI,34,16,18,0,0,0,34,16,18
C0116,09,14,0003,Tehsil - Mathura 0003,006195, 15 MEWARI,644,388,256,644,388,256,0,0,0
C0116,09,14,0003,Tehsil - Mathura 0003,006196, 16 MEWATI,100,59,41,100,59,41,0,0,0
C0116,09,14,0003,Tehsil - Mathura 0003,006210, 17 NIMADI,1,1,0,0,0,0,1,1,0
C0116,09,14,0003,Tehsil - Mathura 0003,006213, 18 PAHARI,24,16,8,0,0,0,24,16,8
C0116,09,14,0003,Tehsil - Mathura 0003,006242, 19 RAJASTHANI,166,102,64,39,21,18,127,81,46
C0116,09,14,0003,Tehsil - Mathura 0003,006999,6 Others,70,43,27,34,18,16,36,25,11
C0116,09,14,0003,Tehsil - Mathura 0003,007000,7 KANNADA,56,45,11,8,8,0,48,37,11
C0116,09,14,0003,Tehsil - Mathura 0003,007013, 1 KANNADA,56,45,11,8,8,0,48,37,11
C0116,09,14,0003,Tehsil - Mathura 0003,008000,8 KASHMIRI,10,7,3,1,1,0,9,6,3
C0116,09,14,0003,Tehsil - Mathura 0003,008002, 1 KASHMIRI,10,7,3,1,1,0,9,6,3
C0116,09,14,0003,Tehsil - Mathura 0003,010000,10 MAITHILI,48,36,12,8,6,2,40,30,10
C0116,09,14,0003,Tehsil - Mathura 0003,010006, 1 MAITHILI,48,36,12,8,6,2,40,30,10
C0116,09,14,0003,Tehsil - Mathura 0003,011000,11 MALAYALAM,340,198,142,11,4,7,329,194,135
C0116,09,14,0003,Tehsil - Mathura 0003,011013, 1 MALAYALAM,331,190,141,11,4,7,320,186,134
C0116,09,14,0003,Tehsil - Mathura 0003,011999,11 Others,9,8,1,0,0,0,9,8,1
C0116,09,14,0003,Tehsil - Mathura 0003,012000,12 MANIPURI,111,51,60,0,0,0,111,51,60
C0116,09,14,0003,Tehsil - Mathura 0003,012002, 1 MANIPURI,111,51,60,0,0,0,111,51,60
C0116,09,14,0003,Tehsil - Mathura 0003,013000,13 MARATHI,662,442,220,46,26,20,616,416,200
C0116,09,14,0003,Tehsil - Mathura 0003,013048, 1 MARATHI,662,442,220,46,26,20,616,416,200
C0116,09,14,0003,Tehsil - Mathura 0003,014000,14 NEPALI,483,308,175,42,21,21,441,287,154
C0116,09,14,0003,Tehsil - Mathura 0003,014009, 1 NEPALI,483,308,175,42,21,21,441,287,154
C0116,09,14,0003,Tehsil - Mathura 0003,015000,15 ORIYA,654,489,165,72,36,36,582,453,129
C0116,09,14,0003,Tehsil - Mathura 0003,015031, 1 ORIYA,654,489,165,72,36,36,582,453,129
C0116,09,14,0003,Tehsil - Mathura 0003,016000,16 PUNJABI,2059,1123,936,74,36,38,1985,1087,898
C0116,09,14,0003,Tehsil - Mathura 0003,016001, 1 BAGRI,6,3,3,0,0,0,6,3,3
C0116,09,14,0003,Tehsil - Mathura 0003,016018, 2 PUNJABI,2042,1113,929,74,36,38,1968,1077,891
C0116,09,14,0003,Tehsil - Mathura 0003,016999,16 Others,11,7,4,0,0,0,11,7,4
C0116,09,14,0003,Tehsil - Mathura 0003,017000,17 SANSKRIT,2,2,0,0,0,0,2,2,0
C0116,09,14,0003,Tehsil - Mathura 0003,017002, 1 SANSKRIT,2,2,0,0,0,0,2,2,0
C0116,09,14,0003,Tehsil - Mathura 0003,018000,18 SANTALI,4,2,2,0,0,0,4,2,2
C0116,09,14,0003,Tehsil - Mathura 0003,018013, 1 SANTALI,3,1,2,0,0,0,3,1,2
C0116,09,14,0003,Tehsil - Mathura 0003,018999,18 Others,1,1,0,0,0,0,1,1,0
C0116,09,14,0003,Tehsil - Mathura 0003,019000,19 SINDHI,261,132,129,9,4,5,252,128,124
C0116,09,14,0003,Tehsil - Mathura 0003,019013, 1 SINDHI,261,132,129,9,4,5,252,128,124
C0116,09,14,0003,Tehsil - Mathura 0003,020000,20 TAMIL,332,232,100,12,6,6,320,226,94
C0116,09,14,0003,Tehsil - Mathura 0003,020020, 1 TAMIL,332,232,100,12,6,6,320,226,94
C0116,09,14,0003,Tehsil - Mathura 0003,021000,21 TELUGU,269,164,105,19,16,3,250,148,102
C0116,09,14,0003,Tehsil - Mathura 0003,021035, 1 TELUGU,269,164,105,19,16,3,250,148,102
C0116,09,14,0003,Tehsil - Mathura 0003,022000,22 URDU,24728,12873,11855,750,381,369,23978,12492,11486
C0116,09,14,0003,Tehsil - Mathura 0003,022014, 1 URDU,24728,12873,11855,750,381,369,23978,12492,11486
C0116,09,14,0003,Tehsil - Mathura 0003,028000,28 ARABIC/ARBI,38,18,20,1,1,0,37,17,20
C0116,09,14,0003,Tehsil - Mathura 0003,028001, 1 ARABIC/ARBI,38,18,20,1,1,0,37,17,20
C0116,09,14,0003,Tehsil - Mathura 0003,033000,33 BISHNUPURIYA,1,0,1,0,0,0,1,0,1
C0116,09,14,0003,Tehsil - Mathura 0003,033001, 1 BISHNUPRIYA MANIPURI/MANIPURI BISHNUPRIYA,1,0,1,0,0,0,1,0,1
C0116,09,14,0003,Tehsil - Mathura 0003,040000,40 ENGLISH,50,22,28,2,1,1,48,21,27
C0116,09,14,0003,Tehsil - Mathura 0003,040001, 1 ENGLISH,50,22,28,2,1,1,48,21,27
C0116,09,14,0003,Tehsil - Mathura 0003,052000,52 KARBI / MIKIR,1,1,0,0,0,0,1,1,0
C0116,09,14,0003,Tehsil - Mathura 0003,052002, 1 KARBI,1,1,0,0,0,0,1,1,0
C0116,09,14,0003,Tehsil - Mathura 0003,053000,53 KHANDESHI,1,1,0,0,0,0,1,1,0
C0116,09,14,0003,Tehsil - Mathura 0003,053005, 1 GUJARI,1,1,0,0,0,0,1,1,0
C0116,09,14,0003,Tehsil - Mathura 0003,062000,62 KODA/KORA,1,1,0,0,0,0,1,1,0
C0116,09,14,0003,Tehsil - Mathura 0003,062999,62 Others,1,1,0,0,0,0,1,1,0
C0116,09,14,0003,Tehsil - Mathura 0003,072000,72 KURUKH/ORAON,14,8,6,0,0,0,14,8,6
C0116,09,14,0003,Tehsil - Mathura 0003,072009, 1 KURUKH/ORAON,1,1,0,0,0,0,1,1,0
C0116,09,14,0003,Tehsil - Mathura 0003,072999,72 Others,13,7,6,0,0,0,13,7,6
C0116,09,14,0003,Tehsil - Mathura 0003,090000,90 MUNDA,18,14,4,0,0,0,18,14,4
C0116,09,14,0003,Tehsil - Mathura 0003,090006, 1 MUNDA,1,1,0,0,0,0,1,1,0
C0116,09,14,0003,Tehsil - Mathura 0003,090999,90 Others,17,13,4,0,0,0,17,13,4
C0116,09,14,0003,Tehsil - Mathura 0003,091000,91 MUNDARI,4,3,1,0,0,0,4,3,1
C0116,09,14,0003,Tehsil - Mathura 0003,091004, 1 MUNDARI,4,3,1,0,0,0,4,3,1
C0116,09,14,0003,Tehsil - Mathura 0003,093000,93 NISSI/DAFLA,1,0,1,0,0,0,1,0,1
C0116,09,14,0003,Tehsil - Mathura 0003,093002, 1 BANGNI,1,0,1,0,0,0,1,0,1
C0116,09,14,0003,Tehsil - Mathura 0003,115000,115 TRIPURI,1,1,0,0,0,0,1,1,0
C0116,09,14,0003,Tehsil - Mathura 0003,115006, 1 TRIPURI,1,1,0,0,0,0,1,1,0
C0116,09,14,0003,Tehsil - Mathura 0003,116000,116 TULU,1,1,0,0,0,0,1,1,0
C0116,09,14,0003,Tehsil - Mathura 0003,116999,116 Others,1,1,0,0,0,0,1,1,0
C0116,09,14,0003,Tehsil - Mathura 0003,123000,123 OTHERS,108,71,37,6,3,3,102,68,34
C0116,09,15,0000,District - Agra  15,001000,1 ASSAMESE,123,77,46,0,0,0,123,77,46
C0116,09,15,0000,District - Agra  15,001002, 1 ASSAMESE,122,76,46,0,0,0,122,76,46
C0116,09,15,0000,District - Agra  15,001999,1 Others,1,1,0,0,0,0,1,1,0
C0116,09,15,0000,District - Agra  15,002000,2 BENGALI,905,508,397,50,25,25,855,483,372
C0116,09,15,0000,District - Agra  15,002004, 1 BENGALI,905,508,397,50,25,25,855,483,372
C0116,09,15,0000,District - Agra  15,003000,3 BODO,2,1,1,0,0,0,2,1,1
C0116,09,15,0000,District - Agra  15,003001, 1 BODO,2,1,1,0,0,0,2,1,1
C0116,09,15,0000,District - Agra  15,004000,4 DOGRI,84,50,34,0,0,0,84,50,34
C0116,09,15,0000,District - Agra  15,004001, 1 DOGRI,84,50,34,0,0,0,84,50,34
C0116,09,15,0000,District - Agra  15,005000,5 GUJARATI,112,60,52,1,0,1,111,60,51
C0116,09,15,0000,District - Agra  15,005011, 1 GUJARATI,104,57,47,1,0,1,103,57,46
C0116,09,15,0000,District - Agra  15,005999,5 Others,8,3,5,0,0,0,8,3,5
C0116,09,15,0000,District - Agra  15,006000,6 HINDI,3533509,1914318,1619191,2049492,1112441,937051,1484017,801877,682140
C0116,09,15,0000,District - Agra  15,006008, 1 AWADHI,113,63,50,3,3,0,110,60,50
C0116,09,15,0000,District - Agra  15,006026, 2 BANJARI,268,144,124,268,144,124,0,0,0
C0116,09,15,0000,District - Agra  15,006045, 3 BHOJPURI,825,469,356,431,230,201,394,239,155
C0116,09,15,0000,District - Agra  15,006059, 4 BRAJBHASHA,93099,50211,42888,89812,48468,41344,3287,1743,1544
C0116,09,15,0000,District - Agra  15,006060, 5 BUNDELI/BUNDELKHANDI,467,258,209,283,154,129,184,104,80
C0116,09,15,0000,District - Agra  15,006072, 6 CHHATTISGARHI,3,2,1,0,0,0,3,2,1
C0116,09,15,0000,District - Agra  15,006095, 7 GARHWALI,149,88,61,4,2,2,145,86,59
C0116,09,15,0000,District - Agra  15,006103, 8 GOJRI,2,2,0,0,0,0,2,2,0
C0116,09,15,0000,District - Agra  15,006117, 9 HARYANVI,171,115,56,0,0,0,171,115,56
C0116,09,15,0000,District - Agra  15,006118, 10 HINDI,3430711,1858804,1571907,1958564,1063368,895196,1472147,795436,676711
C0116,09,15,0000,District - Agra  15,006127, 11 JAUNSARI,1,1,0,1,1,0,0,0,0
C0116,09,15,0000,District - Agra  15,006148, 12 KHARI BOLI,6802,3603,3199,0,0,0,6802,3603,3199
C0116,09,15,0000,District - Agra  15,006162, 13 KUMAUNI,363,235,128,1,1,0,362,234,128
C0116,09,15,0000,District - Agra  15,006179, 14 MAGADHI/MAGAHI,17,12,5,0,0,0,17,12,5
C0116,09,15,0000,District - Agra  15,006192, 15 MARWARI,38,21,17,6,4,2,32,17,15
C0116,09,15,0000,District - Agra  15,006195, 16 MEWARI,24,13,11,6,4,2,18,9,9
C0116,09,15,0000,District - Agra  15,006213, 17 PAHARI,25,19,6,1,1,0,24,18,6
C0116,09,15,0000,District - Agra  15,006242, 18 RAJASTHANI,275,164,111,32,14,18,243,150,93
C0116,09,15,0000,District - Agra  15,006999,6 Others,156,94,62,80,47,33,76,47,29
C0116,09,15,0000,District - Agra  15,007000,7 KANNADA,82,60,22,0,0,0,82,60,22
C0116,09,15,0000,District - Agra  15,007013, 1 KANNADA,82,60,22,0,0,0,82,60,22
C0116,09,15,0000,District - Agra  15,008000,8 KASHMIRI,19,12,7,1,1,0,18,11,7
C0116,09,15,0000,District - Agra  15,008002, 1 KASHMIRI,19,12,7,1,1,0,18,11,7
C0116,09,15,0000,District - Agra  15,009000,9 KONKANI,11,4,7,0,0,0,11,4,7
C0116,09,15,0000,District - Agra  15,009010, 1 KONKANI,11,4,7,0,0,0,11,4,7
C0116,09,15,0000,District - Agra  15,010000,10 MAITHILI,38,19,19,0,0,0,38,19,19
C0116,09,15,0000,District - Agra  15,010006, 1 MAITHILI,38,19,19,0,0,0,38,19,19
C0116,09,15,0000,District - Agra  15,011000,11 MALAYALAM,686,430,256,26,7,19,660,423,237
C0116,09,15,0000,District - Agra  15,011013, 1 MALAYALAM,686,430,256,26,7,19,660,423,237
C0116,09,15,0000,District - Agra  15,012000,12 MANIPURI,17,14,3,0,0,0,17,14,3
C0116,09,15,0000,District - Agra  15,012002, 1 MANIPURI,17,14,3,0,0,0,17,14,3
C0116,09,15,0000,District - Agra  15,013000,13 MARATHI,637,404,233,19,15,4,618,389,229
C0116,09,15,0000,District - Agra  15,013048, 1 MARATHI,637,404,233,19,15,4,618,389,229
C0116,09,15,0000,District - Agra  15,014000,14 NEPALI,595,348,247,202,112,90,393,236,157
C0116,09,15,0000,District - Agra  15,014009, 1 NEPALI,583,336,247,202,112,90,381,224,157
C0116,09,15,0000,District - Agra  15,014999,14 Others,12,12,0,0,0,0,12,12,0
C0116,09,15,0000,District - Agra  15,015000,15 ORIYA,440,273,167,11,4,7,429,269,160
C0116,09,15,0000,District - Agra  15,015031, 1 ORIYA,439,273,166,11,4,7,428,269,159
C0116,09,15,0000,District - Agra  15,015999,15 Others,1,0,1,0,0,0,1,0,1
C0116,09,15,0000,District - Agra  15,016000,16 PUNJABI,5977,3203,2774,43,23,20,5934,3180,2754
C0116,09,15,0000,District - Agra  15,016018, 1 PUNJABI,5874,3149,2725,37,21,16,5837,3128,2709
C0116,09,15,0000,District - Agra  15,016999,16 Others,103,54,49,6,2,4,97,52,45
C0116,09,15,0000,District - Agra  15,017000,17 SANSKRIT,1,1,0,0,0,0,1,1,0
C0116,09,15,0000,District - Agra  15,017002, 1 SANSKRIT,1,1,0,0,0,0,1,1,0
C0116,09,15,0000,District - Agra  15,019000,19 SINDHI,3212,1660,1552,18,10,8,3194,1650,1544
C0116,09,15,0000,District - Agra  15,019013, 1 SINDHI,3212,1660,1552,18,10,8,3194,1650,1544
C0116,09,15,0000,District - Agra  15,020000,20 TAMIL,605,385,220,10,8,2,595,377,218
C0116,09,15,0000,District - Agra  15,020020, 1 TAMIL,603,384,219,10,8,2,593,376,217
C0116,09,15,0000,District - Agra  15,020999,20 Others,2,1,1,0,0,0,2,1,1
C0116,09,15,0000,District - Agra  15,021000,21 TELUGU,494,328,166,1,1,0,493,327,166
C0116,09,15,0000,District - Agra  15,021035, 1 TELUGU,493,328,165,1,1,0,492,327,165
C0116,09,15,0000,District - Agra  15,021999,21 Others,1,0,1,0,0,0,1,0,1
C0116,09,15,0000,District - Agra  15,022000,22 URDU,71223,38254,32969,2090,1069,1021,69133,37185,31948
C0116,09,15,0000,District - Agra  15,022014, 1 URDU,71223,38254,32969,2090,1069,1021,69133,37185,31948
C0116,09,15,0000,District - Agra  15,023000,23 ADI,1,1,0,0,0,0,1,1,0
C0116,09,15,0000,District - Agra  15,023999,23 Others,1,1,0,0,0,0,1,1,0
C0116,09,15,0000,District - Agra  15,028000,28 ARABIC/ARBI,178,89,89,145,75,70,33,14,19
C0116,09,15,0000,District - Agra  15,028001, 1 ARABIC/ARBI,178,89,89,145,75,70,33,14,19
C0116,09,15,0000,District - Agra  15,030000,30 BHILI/BHILODI,3,2,1,0,0,0,3,2,1
C0116,09,15,0000,District - Agra  15,030013, 1 DHODIA,1,1,0,0,0,0,1,1,0
C0116,09,15,0000,District - Agra  15,030019, 2 GARASIA,1,1,0,0,0,0,1,1,0
C0116,09,15,0000,District - Agra  15,030999,30 Others,1,0,1,0,0,0,1,0,1
C0116,09,15,0000,District - Agra  15,033000,33 BISHNUPURIYA,4,2,2,0,0,0,4,2,2
C0116,09,15,0000,District - Agra  15,033999,33 Others,4,2,2,0,0,0,4,2,2
C0116,09,15,0000,District - Agra  15,037000,37 COORGI/KODAGU,2,1,1,0,0,0,2,1,1
C0116,09,15,0000,District - Agra  15,037001, 1 COORGI/KODAGU,2,1,1,0,0,0,2,1,1
C0116,09,15,0000,District - Agra  15,040000,40 ENGLISH,906,470,436,278,148,130,628,322,306
C0116,09,15,0000,District - Agra  15,040001, 1 ENGLISH,906,470,436,278,148,130,628,322,306
C0116,09,15,0000,District - Agra  15,043000,43 GARO,2,1,1,0,0,0,2,1,1
C0116,09,15,0000,District - Agra  15,043005, 1 GARO,2,1,1,0,0,0,2,1,1
C0116,09,15,0000,District - Agra  15,044000,44 GONDI,13,6,7,0,0,0,13,6,7
C0116,09,15,0000,District - Agra  15,044999,44 Others,13,6,7,0,0,0,13,6,7
C0116,09,15,0000,District - Agra  15,055000,55 KHASI,1,1,0,0,0,0,1,1,0
C0116,09,15,0000,District - Agra  15,055006, 1 KHASI,1,1,0,0,0,0,1,1,0
C0116,09,15,0000,District - Agra  15,071000,71 KUKI,1,1,0,0,0,0,1,1,0
C0116,09,15,0000,District - Agra  15,071007, 1 KUKI,1,1,0,0,0,0,1,1,0
C0116,09,15,0000,District - Agra  15,075000,75 LAHNDA,1,0,1,0,0,0,1,0,1
C0116,09,15,0000,District - Agra  15,075012, 1 MULTANI,1,0,1,0,0,0,1,0,1
C0116,09,15,0000,District - Agra  15,078000,78 LEPCHA,1,1,0,0,0,0,1,1,0
C0116,09,15,0000,District - Agra  15,078001, 1 LEPCHA,1,1,0,0,0,0,1,1,0
C0116,09,15,0000,District - Agra  15,082000,82 LUSHAI/MIZO,1,1,0,0,0,0,1,1,0
C0116,09,15,0000,District - Agra  15,082003, 1 LUSHAI/MIZO,1,1,0,0,0,0,1,1,0
C0116,09,15,0000,District - Agra  15,087000,87 MISHMI,1,1,0,0,0,0,1,1,0
C0116,09,15,0000,District - Agra  15,087999,87 Others,1,1,0,0,0,0,1,1,0
C0116,09,15,0000,District - Agra  15,090000,90 MUNDA,336,169,167,336,169,167,0,0,0
C0116,09,15,0000,District - Agra  15,090999,90 Others,336,169,167,336,169,167,0,0,0
C0116,09,15,0000,District - Agra  15,123000,123 OTHERS,213,127,86,4,2,2,209,125,84
C0116,09,15,0001,Tehsil - Etmadpur 0001,002000,2 BENGALI,7,2,5,7,2,5,0,0,0
C0116,09,15,0001,Tehsil - Etmadpur 0001,002004, 1 BENGALI,7,2,5,7,2,5,0,0,0
C0116,09,15,0001,Tehsil - Etmadpur 0001,006000,6 HINDI,312987,169497,143490,295409,160083,135326,17578,9414,8164
C0116,09,15,0001,Tehsil - Etmadpur 0001,006059, 1 BRAJBHASHA,2548,1408,1140,2548,1408,1140,0,0,0
C0116,09,15,0001,Tehsil - Etmadpur 0001,006060, 2 BUNDELI/BUNDELKHANDI,2,1,1,2,1,1,0,0,0
C0116,09,15,0001,Tehsil - Etmadpur 0001,006118, 3 HINDI,310436,168088,142348,292858,158674,134184,17578,9414,8164
C0116,09,15,0001,Tehsil - Etmadpur 0001,006999,6 Others,1,0,1,1,0,1,0,0,0
C0116,09,15,0001,Tehsil - Etmadpur 0001,013000,13 MARATHI,3,1,2,3,1,2,0,0,0
C0116,09,15,0001,Tehsil - Etmadpur 0001,013048, 1 MARATHI,3,1,2,3,1,2,0,0,0
C0116,09,15,0001,Tehsil - Etmadpur 0001,014000,14 NEPALI,53,27,26,53,27,26,0,0,0
C0116,09,15,0001,Tehsil - Etmadpur 0001,014009, 1 NEPALI,53,27,26,53,27,26,0,0,0
C0116,09,15,0001,Tehsil - Etmadpur 0001,016000,16 PUNJABI,1,1,0,0,0,0,1,1,0
C0116,09,15,0001,Tehsil - Etmadpur 0001,016018, 1 PUNJABI,1,1,0,0,0,0,1,1,0
C0116,09,15,0001,Tehsil - Etmadpur 0001,022000,22 URDU,2080,1108,972,287,142,145,1793,966,827
C0116,09,15,0001,Tehsil - Etmadpur 0001,022014, 1 URDU,2080,1108,972,287,142,145,1793,966,827
C0116,09,15,0001,Tehsil - Etmadpur 0001,040000,40 ENGLISH,142,82,60,91,48,43,51,34,17
C0116,09,15,0001,Tehsil - Etmadpur 0001,040001, 1 ENGLISH,142,82,60,91,48,43,51,34,17
C0116,09,15,0002,Tehsil - Agra 0002,001000,1 ASSAMESE,123,77,46,0,0,0,123,77,46
C0116,09,15,0002,Tehsil - Agra 0002,001002, 1 ASSAMESE,122,76,46,0,0,0,122,76,46
C0116,09,15,0002,Tehsil - Agra 0002,001999,1 Others,1,1,0,0,0,0,1,1,0
C0116,09,15,0002,Tehsil - Agra 0002,002000,2 BENGALI,867,489,378,24,12,12,843,477,366
C0116,09,15,0002,Tehsil - Agra 0002,002004, 1 BENGALI,867,489,378,24,12,12,843,477,366
C0116,09,15,0002,Tehsil - Agra 0002,003000,3 BODO,2,1,1,0,0,0,2,1,1
C0116,09,15,0002,Tehsil - Agra 0002,003001, 1 BODO,2,1,1,0,0,0,2,1,1
C0116,09,15,0002,Tehsil - Agra 0002,004000,4 DOGRI,84,50,34,0,0,0,84,50,34
C0116,09,15,0002,Tehsil - Agra 0002,004001, 1 DOGRI,84,50,34,0,0,0,84,50,34
C0116,09,15,0002,Tehsil - Agra 0002,005000,5 GUJARATI,111,60,51,0,0,0,111,60,51
C0116,09,15,0002,Tehsil - Agra 0002,005011, 1 GUJARATI,103,57,46,0,0,0,103,57,46
C0116,09,15,0002,Tehsil - Agra 0002,005999,5 Others,8,3,5,0,0,0,8,3,5
C0116,09,15,0002,Tehsil - Agra 0002,006000,6 HINDI,1677658,907584,770074,378675,204603,174072,1298983,702981,596002
C0116,09,15,0002,Tehsil - Agra 0002,006008, 1 AWADHI,15,9,6,0,0,0,15,9,6
C0116,09,15,0002,Tehsil - Agra 0002,006045, 2 BHOJPURI,547,322,225,156,85,71,391,237,154
C0116,09,15,0002,Tehsil - Agra 0002,006059, 3 BRAJBHASHA,9118,4937,4181,8431,4548,3883,687,389,298
C0116,09,15,0002,Tehsil - Agra 0002,006060, 4 BUNDELI/BUNDELKHANDI,236,139,97,126,72,54,110,67,43
C0116,09,15,0002,Tehsil - Agra 0002,006072, 5 CHHATTISGARHI,3,2,1,0,0,0,3,2,1
C0116,09,15,0002,Tehsil - Agra 0002,006095, 6 GARHWALI,147,87,60,3,1,2,144,86,58
C0116,09,15,0002,Tehsil - Agra 0002,006103, 7 GOJRI,2,2,0,0,0,0,2,2,0
C0116,09,15,0002,Tehsil - Agra 0002,006117, 8 HARYANVI,171,115,56,0,0,0,171,115,56
C0116,09,15,0002,Tehsil - Agra 0002,006118, 9 HINDI,1666628,901472,765156,369953,199892,170061,1296675,701580,595095
C0116,09,15,0002,Tehsil - Agra 0002,006148, 10 KHARI BOLI,13,7,6,0,0,0,13,7,6
C0116,09,15,0002,Tehsil - Agra 0002,006162, 11 KUMAUNI,363,235,128,1,1,0,362,234,128
C0116,09,15,0002,Tehsil - Agra 0002,006179, 12 MAGADHI/MAGAHI,17,12,5,0,0,0,17,12,5
C0116,09,15,0002,Tehsil - Agra 0002,006192, 13 MARWARI,32,17,15,0,0,0,32,17,15
C0116,09,15,0002,Tehsil - Agra 0002,006195, 14 MEWARI,23,13,10,5,4,1,18,9,9
C0116,09,15,0002,Tehsil - Agra 0002,006213, 15 PAHARI,24,18,6,0,0,0,24,18,6
C0116,09,15,0002,Tehsil - Agra 0002,006242, 16 RAJASTHANI,243,150,93,0,0,0,243,150,93
C0116,09,15,0002,Tehsil - Agra 0002,006999,6 Others,76,47,29,0,0,0,76,47,29
C0116,09,15,0002,Tehsil - Agra 0002,007000,7 KANNADA,82,60,22,0,0,0,82,60,22
C0116,09,15,0002,Tehsil - Agra 0002,007013, 1 KANNADA,82,60,22,0,0,0,82,60,22
C0116,09,15,0002,Tehsil - Agra 0002,008000,8 KASHMIRI,18,11,7,0,0,0,18,11,7
C0116,09,15,0002,Tehsil - Agra 0002,008002, 1 KASHMIRI,18,11,7,0,0,0,18,11,7
C0116,09,15,0002,Tehsil - Agra 0002,009000,9 KONKANI,11,4,7,0,0,0,11,4,7
C0116,09,15,0002,Tehsil - Agra 0002,009010, 1 KONKANI,11,4,7,0,0,0,11,4,7
C0116,09,15,0002,Tehsil - Agra 0002,010000,10 MAITHILI,38,19,19,0,0,0,38,19,19
C0116,09,15,0002,Tehsil - Agra 0002,010006, 1 MAITHILI,38,19,19,0,0,0,38,19,19
C0116,09,15,0002,Tehsil - Agra 0002,011000,11 MALAYALAM,670,423,247,25,7,18,645,416,229
C0116,09,15,0002,Tehsil - Agra 0002,011013, 1 MALAYALAM,670,423,247,25,7,18,645,416,229
C0116,09,15,0002,Tehsil - Agra 0002,012000,12 MANIPURI,17,14,3,0,0,0,17,14,3
C0116,09,15,0002,Tehsil - Agra 0002,012002, 1 MANIPURI,17,14,3,0,0,0,17,14,3
C0116,09,15,0002,Tehsil - Agra 0002,013000,13 MARATHI,614,387,227,1,1,0,613,386,227
C0116,09,15,0002,Tehsil - Agra 0002,013048, 1 MARATHI,614,387,227,1,1,0,613,386,227
C0116,09,15,0002,Tehsil - Agra 0002,014000,14 NEPALI,425,254,171,37,22,15,388,232,156
C0116,09,15,0002,Tehsil - Agra 0002,014009, 1 NEPALI,413,242,171,37,22,15,376,220,156
C0116,09,15,0002,Tehsil - Agra 0002,014999,14 Others,12,12,0,0,0,0,12,12,0
C0116,09,15,0002,Tehsil - Agra 0002,015000,15 ORIYA,430,270,160,1,1,0,429,269,160
C0116,09,15,0002,Tehsil - Agra 0002,015031, 1 ORIYA,429,270,159,1,1,0,428,269,159
C0116,09,15,0002,Tehsil - Agra 0002,015999,15 Others,1,0,1,0,0,0,1,0,1
C0116,09,15,0002,Tehsil - Agra 0002,016000,16 PUNJABI,5942,3180,2762,37,17,20,5905,3163,2742
C0116,09,15,0002,Tehsil - Agra 0002,016018, 1 PUNJABI,5839,3126,2713,31,15,16,5808,3111,2697
C0116,09,15,0002,Tehsil - Agra 0002,016999,16 Others,103,54,49,6,2,4,97,52,45
C0116,09,15,0002,Tehsil - Agra 0002,017000,17 SANSKRIT,1,1,0,0,0,0,1,1,0
C0116,09,15,0002,Tehsil - Agra 0002,017002, 1 SANSKRIT,1,1,0,0,0,0,1,1,0
C0116,09,15,0002,Tehsil - Agra 0002,019000,19 SINDHI,3209,1657,1552,17,9,8,3192,1648,1544
C0116,09,15,0002,Tehsil - Agra 0002,019013, 1 SINDHI,3209,1657,1552,17,9,8,3192,1648,1544
C0116,09,15,0002,Tehsil - Agra 0002,020000,20 TAMIL,600,380,220,5,3,2,595,377,218
C0116,09,15,0002,Tehsil - Agra 0002,020020, 1 TAMIL,598,379,219,5,3,2,593,376,217
C0116,09,15,0002,Tehsil - Agra 0002,020999,20 Others,2,1,1,0,0,0,2,1,1
C0116,09,15,0002,Tehsil - Agra 0002,021000,21 TELUGU,493,328,165,1,1,0,492,327,165
C0116,09,15,0002,Tehsil - Agra 0002,021035, 1 TELUGU,492,328,164,1,1,0,491,327,164
C0116,09,15,0002,Tehsil - Agra 0002,021999,21 Others,1,0,1,0,0,0,1,0,1
C0116,09,15,0002,Tehsil - Agra 0002,022000,22 URDU,61395,33099,28296,315,163,152,61080,32936,28144
C0116,09,15,0002,Tehsil - Agra 0002,022014, 1 URDU,61395,33099,28296,315,163,152,61080,32936,28144
C0116,09,15,0002,Tehsil - Agra 0002,023000,23 ADI,1,1,0,0,0,0,1,1,0
C0116,09,15,0002,Tehsil - Agra 0002,023999,23 Others,1,1,0,0,0,0,1,1,0
C0116,09,15,0002,Tehsil - Agra 0002,028000,28 ARABIC/ARBI,33,14,19,0,0,0,33,14,19
C0116,09,15,0002,Tehsil - Agra 0002,028001, 1 ARABIC/ARBI,33,14,19,0,0,0,33,14,19
C0116,09,15,0002,Tehsil - Agra 0002,030000,30 BHILI/BHILODI,3,2,1,0,0,0,3,2,1
C0116,09,15,0002,Tehsil - Agra 0002,030013, 1 DHODIA,1,1,0,0,0,0,1,1,0
C0116,09,15,0002,Tehsil - Agra 0002,030019, 2 GARASIA,1,1,0,0,0,0,1,1,0
C0116,09,15,0002,Tehsil - Agra 0002,030999,30 Others,1,0,1,0,0,0,1,0,1
C0116,09,15,0002,Tehsil - Agra 0002,033000,33 BISHNUPURIYA,4,2,2,0,0,0,4,2,2
C0116,09,15,0002,Tehsil - Agra 0002,033999,33 Others,4,2,2,0,0,0,4,2,2
C0116,09,15,0002,Tehsil - Agra 0002,037000,37 COORGI/KODAGU,2,1,1,0,0,0,2,1,1
C0116,09,15,0002,Tehsil - Agra 0002,037001, 1 COORGI/KODAGU,2,1,1,0,0,0,2,1,1
C0116,09,15,0002,Tehsil - Agra 0002,040000,40 ENGLISH,755,381,374,183,97,86,572,284,288
C0116,09,15,0002,Tehsil - Agra 0002,040001, 1 ENGLISH,755,381,374,183,97,86,572,284,288
C0116,09,15,0002,Tehsil - Agra 0002,043000,43 GARO,2,1,1,0,0,0,2,1,1
C0116,09,15,0002,Tehsil - Agra 0002,043005, 1 GARO,2,1,1,0,0,0,2,1,1
C0116,09,15,0002,Tehsil - Agra 0002,044000,44 GONDI,13,6,7,0,0,0,13,6,7
C0116,09,15,0002,Tehsil - Agra 0002,044999,44 Others,13,6,7,0,0,0,13,6,7
C0116,09,15,0002,Tehsil - Agra 0002,055000,55 KHASI,1,1,0,0,0,0,1,1,0
C0116,09,15,0002,Tehsil - Agra 0002,055006, 1 KHASI,1,1,0,0,0,0,1,1,0
C0116,09,15,0002,Tehsil - Agra 0002,071000,71 KUKI,1,1,0,0,0,0,1,1,0
C0116,09,15,0002,Tehsil - Agra 0002,071007, 1 KUKI,1,1,0,0,0,0,1,1,0
C0116,09,15,0002,Tehsil - Agra 0002,075000,75 LAHNDA,1,0,1,0,0,0,1,0,1
C0116,09,15,0002,Tehsil - Agra 0002,075012, 1 MULTANI,1,0,1,0,0,0,1,0,1
C0116,09,15,0002,Tehsil - Agra 0002,078000,78 LEPCHA,1,1,0,0,0,0,1,1,0
C0116,09,15,0002,Tehsil - Agra 0002,078001, 1 LEPCHA,1,1,0,0,0,0,1,1,0
C0116,09,15,0002,Tehsil - Agra 0002,082000,82 LUSHAI/MIZO,1,1,0,0,0,0,1,1,0
C0116,09,15,0002,Tehsil - Agra 0002,082003, 1 LUSHAI/MIZO,1,1,0,0,0,0,1,1,0
C0116,09,15,0002,Tehsil - Agra 0002,087000,87 MISHMI,1,1,0,0,0,0,1,1,0
C0116,09,15,0002,Tehsil - Agra 0002,087999,87 Others,1,1,0,0,0,0,1,1,0
C0116,09,15,0002,Tehsil - Agra 0002,123000,123 OTHERS,209,125,84,4,2,2,205,123,82
C0116,09,15,0003,Tehsil - Kiraoli 0003,002000,2 BENGALI,10,6,4,5,3,2,5,3,2
C0116,09,15,0003,Tehsil - Kiraoli 0003,002004, 1 BENGALI,10,6,4,5,3,2,5,3,2
C0116,09,15,0003,Tehsil - Kiraoli 0003,005000,5 GUJARATI,1,0,1,1,0,1,0,0,0
C0116,09,15,0003,Tehsil - Kiraoli 0003,005011, 1 GUJARATI,1,0,1,1,0,1,0,0,0
C0116,09,15,0003,Tehsil - Kiraoli 0003,006000,6 HINDI,410077,221079,188998,347379,187656,159723,62698,33423,29275
C0116,09,15,0003,Tehsil - Kiraoli 0003,006008, 1 AWADHI,98,54,44,3,3,0,95,51,44
C0116,09,15,0003,Tehsil - Kiraoli 0003,006045, 2 BHOJPURI,119,57,62,116,55,61,3,2,1
C0116,09,15,0003,Tehsil - Kiraoli 0003,006059, 3 BRAJBHASHA,67316,36301,31015,64716,34947,29769,2600,1354,1246
C0116,09,15,0003,Tehsil - Kiraoli 0003,006060, 4 BUNDELI/BUNDELKHANDI,216,112,104,144,77,67,72,35,37
C0116,09,15,0003,Tehsil - Kiraoli 0003,006095, 5 GARHWALI,1,0,1,0,0,0,1,0,1
C0116,09,15,0003,Tehsil - Kiraoli 0003,006118, 6 HINDI,335525,180953,154572,282387,152568,129819,53138,28385,24753
C0116,09,15,0003,Tehsil - Kiraoli 0003,006148, 7 KHARI BOLI,6789,3596,3193,0,0,0,6789,3596,3193
C0116,09,15,0003,Tehsil - Kiraoli 0003,006192, 8 MARWARI,6,4,2,6,4,2,0,0,0
C0116,09,15,0003,Tehsil - Kiraoli 0003,006213, 9 PAHARI,1,1,0,1,1,0,0,0,0
C0116,09,15,0003,Tehsil - Kiraoli 0003,006242, 10 RAJASTHANI,6,1,5,6,1,5,0,0,0
C0116,09,15,0003,Tehsil - Kiraoli 0003,008000,8 KASHMIRI,1,1,0,1,1,0,0,0,0
C0116,09,15,0003,Tehsil - Kiraoli 0003,008002, 1 KASHMIRI,1,1,0,1,1,0,0,0,0
C0116,09,15,0003,Tehsil - Kiraoli 0003,011000,11 MALAYALAM,12,5,7,0,0,0,12,5,7
C0116,09,15,0003,Tehsil - Kiraoli 0003,011013, 1 MALAYALAM,12,5,7,0,0,0,12,5,7
C0116,09,15,0003,Tehsil - Kiraoli 0003,013000,13 MARATHI,11,9,2,10,8,2,1,1,0
C0116,09,15,0003,Tehsil - Kiraoli 0003,013048, 1 MARATHI,11,9,2,10,8,2,1,1,0
C0116,09,15,0003,Tehsil - Kiraoli 0003,014000,14 NEPALI,28,17,11,23,13,10,5,4,1
C0116,09,15,0003,Tehsil - Kiraoli 0003,014009, 1 NEPALI,28,17,11,23,13,10,5,4,1
C0116,09,15,0003,Tehsil - Kiraoli 0003,015000,15 ORIYA,6,1,5,6,1,5,0,0,0
C0116,09,15,0003,Tehsil - Kiraoli 0003,015031, 1 ORIYA,6,1,5,6,1,5,0,0,0
C0116,09,15,0003,Tehsil - Kiraoli 0003,016000,16 PUNJABI,22,13,9,1,1,0,21,12,9
C0116,09,15,0003,Tehsil - Kiraoli 0003,016018, 1 PUNJABI,22,13,9,1,1,0,21,12,9
C0116,09,15,0003,Tehsil - Kiraoli 0003,019000,19 SINDHI,2,2,0,0,0,0,2,2,0
C0116,09,15,0003,Tehsil - Kiraoli 0003,019013, 1 SINDHI,2,2,0,0,0,0,2,2,0
C0116,09,15,0003,Tehsil - Kiraoli 0003,020000,20 TAMIL,1,1,0,1,1,0,0,0,0
C0116,09,15,0003,Tehsil - Kiraoli 0003,020020, 1 TAMIL,1,1,0,1,1,0,0,0,0
C0116,09,15,0003,Tehsil - Kiraoli 0003,021000,21 TELUGU,1,0,1,0,0,0,1,0,1
C0116,09,15,0003,Tehsil - Kiraoli 0003,021035, 1 TELUGU,1,0,1,0,0,0,1,0,1
C0116,09,15,0003,Tehsil - Kiraoli 0003,022000,22 URDU,5912,3094,2818,915,471,444,4997,2623,2374
C0116,09,15,0003,Tehsil - Kiraoli 0003,022014, 1 URDU,5912,3094,2818,915,471,444,4997,2623,2374
C0116,09,15,0003,Tehsil - Kiraoli 0003,028000,28 ARABIC/ARBI,34,18,16,34,18,16,0,0,0
C0116,09,15,0003,Tehsil - Kiraoli 0003,028001, 1 ARABIC/ARBI,34,18,16,34,18,16,0,0,0
C0116,09,15,0003,Tehsil - Kiraoli 0003,040000,40 ENGLISH,6,4,2,1,0,1,5,4,1
C0116,09,15,0003,Tehsil - Kiraoli 0003,040001, 1 ENGLISH,6,4,2,1,0,1,5,4,1
C0116,09,15,0003,Tehsil - Kiraoli 0003,090000,90 MUNDA,234,112,122,234,112,122,0,0,0
C0116,09,15,0003,Tehsil - Kiraoli 0003,090999,90 Others,234,112,122,234,112,122,0,0,0
C0116,09,15,0003,Tehsil - Kiraoli 0003,123000,123 OTHERS,4,2,2,0,0,0,4,2,2
C0116,09,15,0004,Tehsil - Kheragarh 0004,002000,2 BENGALI,7,3,4,1,0,1,6,3,3
C0116,09,15,0004,Tehsil - Kheragarh 0004,002004, 1 BENGALI,7,3,4,1,0,1,6,3,3
C0116,09,15,0004,Tehsil - Kheragarh 0004,006000,6 HINDI,389797,212783,177014,362208,197925,164283,27589,14858,12731
C0116,09,15,0004,Tehsil - Kheragarh 0004,006026, 1 BANJARI,268,144,124,268,144,124,0,0,0
C0116,09,15,0004,Tehsil - Kheragarh 0004,006045, 2 BHOJPURI,159,90,69,159,90,69,0,0,0
C0116,09,15,0004,Tehsil - Kheragarh 0004,006059, 3 BRAJBHASHA,13926,7457,6469,13926,7457,6469,0,0,0
C0116,09,15,0004,Tehsil - Kheragarh 0004,006060, 4 BUNDELI/BUNDELKHANDI,7,5,2,5,3,2,2,2,0
C0116,09,15,0004,Tehsil - Kheragarh 0004,006118, 5 HINDI,375435,205087,170348,347848,190231,157617,27587,14856,12731
C0116,09,15,0004,Tehsil - Kheragarh 0004,006242, 6 RAJASTHANI,2,0,2,2,0,2,0,0,0
C0116,09,15,0004,Tehsil - Kheragarh 0004,011000,11 MALAYALAM,4,2,2,1,0,1,3,2,1
C0116,09,15,0004,Tehsil - Kheragarh 0004,011013, 1 MALAYALAM,4,2,2,1,0,1,3,2,1
C0116,09,15,0004,Tehsil - Kheragarh 0004,013000,13 MARATHI,5,5,0,5,5,0,0,0,0
C0116,09,15,0004,Tehsil - Kheragarh 0004,013048, 1 MARATHI,5,5,0,5,5,0,0,0,0
C0116,09,15,0004,Tehsil - Kheragarh 0004,014000,14 NEPALI,47,26,21,47,26,21,0,0,0
C0116,09,15,0004,Tehsil - Kheragarh 0004,014009, 1 NEPALI,47,26,21,47,26,21,0,0,0
C0116,09,15,0004,Tehsil - Kheragarh 0004,016000,16 PUNJABI,1,1,0,1,1,0,0,0,0
C0116,09,15,0004,Tehsil - Kheragarh 0004,016018, 1 PUNJABI,1,1,0,1,1,0,0,0,0
C0116,09,15,0004,Tehsil - Kheragarh 0004,019000,19 SINDHI,1,1,0,1,1,0,0,0,0
C0116,09,15,0004,Tehsil - Kheragarh 0004,019013, 1 SINDHI,1,1,0,1,1,0,0,0,0
C0116,09,15,0004,Tehsil - Kheragarh 0004,022000,22 URDU,222,111,111,220,111,109,2,0,2
C0116,09,15,0004,Tehsil - Kheragarh 0004,022014, 1 URDU,222,111,111,220,111,109,2,0,2
C0116,09,15,0004,Tehsil - Kheragarh 0004,028000,28 ARABIC/ARBI,111,57,54,111,57,54,0,0,0
C0116,09,15,0004,Tehsil - Kheragarh 0004,028001, 1 ARABIC/ARBI,111,57,54,111,57,54,0,0,0
C0116,09,15,0004,Tehsil - Kheragarh 0004,090000,90 MUNDA,102,57,45,102,57,45,0,0,0
C0116,09,15,0004,Tehsil - Kheragarh 0004,090999,90 Others,102,57,45,102,57,45,0,0,0
C0116,09,15,0005,Tehsil - Fatehabad 0005,002000,2 BENGALI,3,1,2,2,1,1,1,0,1
C0116,09,15,0005,Tehsil - Fatehabad 0005,002004, 1 BENGALI,3,1,2,2,1,1,1,0,1
C0116,09,15,0005,Tehsil - Fatehabad 0005,006000,6 HINDI,377689,206355,171334,332119,181978,150141,45570,24377,21193
C0116,09,15,0005,Tehsil - Fatehabad 0005,006060, 1 BUNDELI/BUNDELKHANDI,4,1,3,4,1,3,0,0,0
C0116,09,15,0005,Tehsil - Fatehabad 0005,006095, 2 GARHWALI,1,1,0,1,1,0,0,0,0
C0116,09,15,0005,Tehsil - Fatehabad 0005,006118, 3 HINDI,377683,206353,171330,332113,181976,150137,45570,24377,21193
C0116,09,15,0005,Tehsil - Fatehabad 0005,006195, 4 MEWARI,1,0,1,1,0,1,0,0,0
C0116,09,15,0005,Tehsil - Fatehabad 0005,014000,14 NEPALI,10,4,6,10,4,6,0,0,0
C0116,09,15,0005,Tehsil - Fatehabad 0005,014009, 1 NEPALI,10,4,6,10,4,6,0,0,0
C0116,09,15,0005,Tehsil - Fatehabad 0005,015000,15 ORIYA,4,2,2,4,2,2,0,0,0
C0116,09,15,0005,Tehsil - Fatehabad 0005,015031, 1 ORIYA,4,2,2,4,2,2,0,0,0
C0116,09,15,0005,Tehsil - Fatehabad 0005,016000,16 PUNJABI,9,7,2,4,4,0,5,3,2
C0116,09,15,0005,Tehsil - Fatehabad 0005,016018, 1 PUNJABI,9,7,2,4,4,0,5,3,2
C0116,09,15,0005,Tehsil - Fatehabad 0005,020000,20 TAMIL,4,4,0,4,4,0,0,0,0
C0116,09,15,0005,Tehsil - Fatehabad 0005,020020, 1 TAMIL,4,4,0,4,4,0,0,0,0
C0116,09,15,0005,Tehsil - Fatehabad 0005,022000,22 URDU,1463,766,697,233,121,112,1230,645,585
C0116,09,15,0005,Tehsil - Fatehabad 0005,022014, 1 URDU,1463,766,697,233,121,112,1230,645,585
C0116,09,15,0005,Tehsil - Fatehabad 0005,040000,40 ENGLISH,2,2,0,2,2,0,0,0,0
C0116,09,15,0005,Tehsil - Fatehabad 0005,040001, 1 ENGLISH,2,2,0,2,2,0,0,0,0
C0116,09,15,0006,Tehsil - Bah 0006,002000,2 BENGALI,11,7,4,11,7,4,0,0,0
C0116,09,15,0006,Tehsil - Bah 0006,002004, 1 BENGALI,11,7,4,11,7,4,0,0,0
C0116,09,15,0006,Tehsil - Bah 0006,006000,6 HINDI,365301,197020,168281,333702,180196,153506,31599,16824,14775
C0116,09,15,0006,Tehsil - Bah 0006,006059, 1 BRAJBHASHA,191,108,83,191,108,83,0,0,0
C0116,09,15,0006,Tehsil - Bah 0006,006060, 2 BUNDELI/BUNDELKHANDI,2,0,2,2,0,2,0,0,0
C0116,09,15,0006,Tehsil - Bah 0006,006118, 3 HINDI,365004,196851,168153,333405,180027,153378,31599,16824,14775
C0116,09,15,0006,Tehsil - Bah 0006,006127, 4 JAUNSARI,1,1,0,1,1,0,0,0,0
C0116,09,15,0006,Tehsil - Bah 0006,006242, 5 RAJASTHANI,24,13,11,24,13,11,0,0,0
C0116,09,15,0006,Tehsil - Bah 0006,006999,6 Others,79,47,32,79,47,32,0,0,0
C0116,09,15,0006,Tehsil - Bah 0006,013000,13 MARATHI,4,2,2,0,0,0,4,2,2
C0116,09,15,0006,Tehsil - Bah 0006,013048, 1 MARATHI,4,2,2,0,0,0,4,2,2
C0116,09,15,0006,Tehsil - Bah 0006,014000,14 NEPALI,32,20,12,32,20,12,0,0,0
C0116,09,15,0006,Tehsil - Bah 0006,014009, 1 NEPALI,32,20,12,32,20,12,0,0,0
C0116,09,15,0006,Tehsil - Bah 0006,016000,16 PUNJABI,2,1,1,0,0,0,2,1,1
C0116,09,15,0006,Tehsil - Bah 0006,016018, 1 PUNJABI,2,1,1,0,0,0,2,1,1
C0116,09,15,0006,Tehsil - Bah 0006,022000,22 URDU,151,76,75,120,61,59,31,15,16
C0116,09,15,0006,Tehsil - Bah 0006,022014, 1 URDU,151,76,75,120,61,59,31,15,16
C0116,09,15,0006,Tehsil - Bah 0006,040000,40 ENGLISH,1,1,0,1,1,0,0,0,0
C0116,09,15,0006,Tehsil - Bah 0006,040001, 1 ENGLISH,1,1,0,1,1,0,0,0,0
C0116,09,16,0000,District - Firozabad  16,001000,1 ASSAMESE,2,1,1,1,0,1,1,1,0
C0116,09,16,0000,District - Firozabad  16,001002, 1 ASSAMESE,2,1,1,1,0,1,1,1,0
C0116,09,16,0000,District - Firozabad  16,002000,2 BENGALI,217,101,116,36,16,20,181,85,96
C0116,09,16,0000,District - Firozabad  16,002004, 1 BENGALI,217,101,116,36,16,20,181,85,96
C0116,09,16,0000,District - Firozabad  16,004000,4 DOGRI,1,1,0,1,1,0,0,0,0
C0116,09,16,0000,District - Firozabad  16,004001, 1 DOGRI,1,1,0,1,1,0,0,0,0
C0116,09,16,0000,District - Firozabad  16,005000,5 GUJARATI,3,2,1,2,2,0,1,0,1
C0116,09,16,0000,District - Firozabad  16,005011, 1 GUJARATI,1,0,1,0,0,0,1,0,1
C0116,09,16,0000,District - Firozabad  16,005012, 2 GUJRAO/GUJRAU,2,2,0,2,2,0,0,0,0
C0116,09,16,0000,District - Firozabad  16,006000,6 HINDI,1887049,1021501,865548,1421363,772150,649213,465686,249351,216335
C0116,09,16,0000,District - Firozabad  16,006026, 1 BANJARI,170,96,74,170,96,74,0,0,0
C0116,09,16,0000,District - Firozabad  16,006045, 2 BHOJPURI,9,6,3,0,0,0,9,6,3
C0116,09,16,0000,District - Firozabad  16,006060, 3 BUNDELI/BUNDELKHANDI,86,33,53,36,7,29,50,26,24
C0116,09,16,0000,District - Firozabad  16,006095, 4 GARHWALI,1,0,1,1,0,1,0,0,0
C0116,09,16,0000,District - Firozabad  16,006117, 5 HARYANVI,11,5,6,5,5,0,6,0,6
C0116,09,16,0000,District - Firozabad  16,006118, 6 HINDI,1886221,1021067,865154,1420716,771800,648916,465505,249267,216238
C0116,09,16,0000,District - Firozabad  16,006127, 7 JAUNSARI,1,1,0,0,0,0,1,1,0
C0116,09,16,0000,District - Firozabad  16,006192, 8 MARWARI,47,16,31,20,9,11,27,7,20
C0116,09,16,0000,District - Firozabad  16,006195, 9 MEWARI,12,4,8,8,4,4,4,0,4
C0116,09,16,0000,District - Firozabad  16,006242, 10 RAJASTHANI,15,10,5,9,6,3,6,4,2
C0116,09,16,0000,District - Firozabad  16,006999,6 Others,476,263,213,398,223,175,78,40,38
C0116,09,16,0000,District - Firozabad  16,007000,7 KANNADA,4,2,2,0,0,0,4,2,2
C0116,09,16,0000,District - Firozabad  16,007013, 1 KANNADA,4,2,2,0,0,0,4,2,2
C0116,09,16,0000,District - Firozabad  16,008000,8 KASHMIRI,2,1,1,1,1,0,1,0,1
C0116,09,16,0000,District - Firozabad  16,008002, 1 KASHMIRI,2,1,1,1,1,0,1,0,1
C0116,09,16,0000,District - Firozabad  16,010000,10 MAITHILI,4,0,4,0,0,0,4,0,4
C0116,09,16,0000,District - Firozabad  16,010006, 1 MAITHILI,4,0,4,0,0,0,4,0,4
C0116,09,16,0000,District - Firozabad  16,011000,11 MALAYALAM,12,8,4,0,0,0,12,8,4
C0116,09,16,0000,District - Firozabad  16,011013, 1 MALAYALAM,12,8,4,0,0,0,12,8,4
C0116,09,16,0000,District - Firozabad  16,013000,13 MARATHI,22,9,13,1,1,0,21,8,13
C0116,09,16,0000,District - Firozabad  16,013048, 1 MARATHI,22,9,13,1,1,0,21,8,13
C0116,09,16,0000,District - Firozabad  16,014000,14 NEPALI,132,68,64,90,43,47,42,25,17
C0116,09,16,0000,District - Firozabad  16,014009, 1 NEPALI,132,68,64,90,43,47,42,25,17
C0116,09,16,0000,District - Firozabad  16,015000,15 ORIYA,6,2,4,5,2,3,1,0,1
C0116,09,16,0000,District - Firozabad  16,015031, 1 ORIYA,6,2,4,5,2,3,1,0,1
C0116,09,16,0000,District - Firozabad  16,016000,16 PUNJABI,717,375,342,14,10,4,703,365,338
C0116,09,16,0000,District - Firozabad  16,016018, 1 PUNJABI,715,374,341,14,10,4,701,364,337
C0116,09,16,0000,District - Firozabad  16,016999,16 Others,2,1,1,0,0,0,2,1,1
C0116,09,16,0000,District - Firozabad  16,019000,19 SINDHI,213,111,102,0,0,0,213,111,102
C0116,09,16,0000,District - Firozabad  16,019013, 1 SINDHI,213,111,102,0,0,0,213,111,102
C0116,09,16,0000,District - Firozabad  16,020000,20 TAMIL,11,3,8,1,1,0,10,2,8
C0116,09,16,0000,District - Firozabad  16,020020, 1 TAMIL,11,3,8,1,1,0,10,2,8
C0116,09,16,0000,District - Firozabad  16,021000,21 TELUGU,26,21,5,2,2,0,24,19,5
C0116,09,16,0000,District - Firozabad  16,021035, 1 TELUGU,26,21,5,2,2,0,24,19,5
C0116,09,16,0000,District - Firozabad  16,022000,22 URDU,163877,86111,77766,8698,4784,3914,155179,81327,73852
C0116,09,16,0000,District - Firozabad  16,022014, 1 URDU,163877,86111,77766,8698,4784,3914,155179,81327,73852
C0116,09,16,0000,District - Firozabad  16,028000,28 ARABIC/ARBI,286,153,133,73,40,33,213,113,100
C0116,09,16,0000,District - Firozabad  16,028001, 1 ARABIC/ARBI,286,153,133,73,40,33,213,113,100
C0116,09,16,0000,District - Firozabad  16,040000,40 ENGLISH,257,137,120,6,3,3,251,134,117
C0116,09,16,0000,District - Firozabad  16,040001, 1 ENGLISH,257,137,120,6,3,3,251,134,117
C0116,09,16,0000,District - Firozabad  16,054000,54 KHARIA,5,3,2,0,0,0,5,3,2
C0116,09,16,0000,District - Firozabad  16,054004, 1 KHARIA,5,3,2,0,0,0,5,3,2
C0116,09,16,0000,District - Firozabad  16,123000,123 OTHERS,112,58,54,111,57,54,1,1,0
C0116,09,16,0001,Tehsil - Tundla ** 0001,001000,1 ASSAMESE,1,1,0,0,0,0,1,1,0
C0116,09,16,0001,Tehsil - Tundla ** 0001,001002, 1 ASSAMESE,1,1,0,0,0,0,1,1,0
C0116,09,16,0001,Tehsil - Tundla ** 0001,002000,2 BENGALI,42,25,17,5,3,2,37,22,15
C0116,09,16,0001,Tehsil - Tundla ** 0001,002004, 1 BENGALI,42,25,17,5,3,2,37,22,15
C0116,09,16,0001,Tehsil - Tundla ** 0001,006000,6 HINDI,214891,116129,98762,161810,87989,73821,53081,28140,24941
C0116,09,16,0001,Tehsil - Tundla ** 0001,006060, 1 BUNDELI/BUNDELKHANDI,27,10,17,7,1,6,20,9,11
C0116,09,16,0001,Tehsil - Tundla ** 0001,006118, 2 HINDI,214828,116098,98730,161767,87967,73800,53061,28131,24930
C0116,09,16,0001,Tehsil - Tundla ** 0001,006192, 3 MARWARI,20,9,11,20,9,11,0,0,0
C0116,09,16,0001,Tehsil - Tundla ** 0001,006999,6 Others,16,12,4,16,12,4,0,0,0
C0116,09,16,0001,Tehsil - Tundla ** 0001,007000,7 KANNADA,4,2,2,0,0,0,4,2,2
C0116,09,16,0001,Tehsil - Tundla ** 0001,007013, 1 KANNADA,4,2,2,0,0,0,4,2,2
C0116,09,16,0001,Tehsil - Tundla ** 0001,008000,8 KASHMIRI,1,0,1,0,0,0,1,0,1
C0116,09,16,0001,Tehsil - Tundla ** 0001,008002, 1 KASHMIRI,1,0,1,0,0,0,1,0,1
C0116,09,16,0001,Tehsil - Tundla ** 0001,011000,11 MALAYALAM,4,4,0,0,0,0,4,4,0
C0116,09,16,0001,Tehsil - Tundla ** 0001,011013, 1 MALAYALAM,4,4,0,0,0,0,4,4,0
C0116,09,16,0001,Tehsil - Tundla ** 0001,013000,13 MARATHI,4,2,2,0,0,0,4,2,2
C0116,09,16,0001,Tehsil - Tundla ** 0001,013048, 1 MARATHI,4,2,2,0,0,0,4,2,2
C0116,09,16,0001,Tehsil - Tundla ** 0001,014000,14 NEPALI,3,2,1,1,0,1,2,2,0
C0116,09,16,0001,Tehsil - Tundla ** 0001,014009, 1 NEPALI,3,2,1,1,0,1,2,2,0
C0116,09,16,0001,Tehsil - Tundla ** 0001,016000,16 PUNJABI,159,84,75,0,0,0,159,84,75
C0116,09,16,0001,Tehsil - Tundla ** 0001,016018, 1 PUNJABI,157,83,74,0,0,0,157,83,74
C0116,09,16,0001,Tehsil - Tundla ** 0001,016999,16 Others,2,1,1,0,0,0,2,1,1
C0116,09,16,0001,Tehsil - Tundla ** 0001,019000,19 SINDHI,105,57,48,0,0,0,105,57,48
C0116,09,16,0001,Tehsil - Tundla ** 0001,019013, 1 SINDHI,105,57,48,0,0,0,105,57,48
C0116,09,16,0001,Tehsil - Tundla ** 0001,020000,20 TAMIL,8,0,8,0,0,0,8,0,8
C0116,09,16,0001,Tehsil - Tundla ** 0001,020020, 1 TAMIL,8,0,8,0,0,0,8,0,8
C0116,09,16,0001,Tehsil - Tundla ** 0001,022000,22 URDU,1293,684,609,125,70,55,1168,614,554
C0116,09,16,0001,Tehsil - Tundla ** 0001,022014, 1 URDU,1293,684,609,125,70,55,1168,614,554
C0116,09,16,0001,Tehsil - Tundla ** 0001,040000,40 ENGLISH,1,1,0,0,0,0,1,1,0
C0116,09,16,0001,Tehsil - Tundla ** 0001,040001, 1 ENGLISH,1,1,0,0,0,0,1,1,0
C0116,09,16,0001,Tehsil - Tundla ** 0001,123000,123 OTHERS,110,58,52,109,57,52,1,1,0
C0116,09,16,0002,Tehsil - Firozabad 0002,002000,2 BENGALI,30,12,18,13,4,9,17,8,9
C0116,09,16,0002,Tehsil - Firozabad 0002,002004, 1 BENGALI,30,12,18,13,4,9,17,8,9
C0116,09,16,0002,Tehsil - Firozabad 0002,004000,4 DOGRI,1,1,0,1,1,0,0,0,0
C0116,09,16,0002,Tehsil - Firozabad 0002,004001, 1 DOGRI,1,1,0,1,1,0,0,0,0
C0116,09,16,0002,Tehsil - Firozabad 0002,005000,5 GUJARATI,3,2,1,2,2,0,1,0,1
C0116,09,16,0002,Tehsil - Firozabad 0002,005011, 1 GUJARATI,1,0,1,0,0,0,1,0,1
C0116,09,16,0002,Tehsil - Firozabad 0002,005012, 2 GUJRAO/GUJRAU,2,2,0,2,2,0,0,0,0
C0116,09,16,0002,Tehsil - Firozabad 0002,006000,6 HINDI,676168,365729,310439,390734,212202,178532,285434,153527,131907
C0116,09,16,0002,Tehsil - Firozabad 0002,006045, 1 BHOJPURI,1,0,1,0,0,0,1,0,1
C0116,09,16,0002,Tehsil - Firozabad 0002,006060, 2 BUNDELI/BUNDELKHANDI,11,2,9,8,1,7,3,1,2
C0116,09,16,0002,Tehsil - Firozabad 0002,006117, 3 HARYANVI,11,5,6,5,5,0,6,0,6
C0116,09,16,0002,Tehsil - Firozabad 0002,006118, 4 HINDI,676041,365671,310370,390700,212186,178514,285341,153485,131856
C0116,09,16,0002,Tehsil - Firozabad 0002,006127, 5 JAUNSARI,1,1,0,0,0,0,1,1,0
C0116,09,16,0002,Tehsil - Firozabad 0002,006195, 6 MEWARI,4,0,4,0,0,0,4,0,4
C0116,09,16,0002,Tehsil - Firozabad 0002,006999,6 Others,99,50,49,21,10,11,78,40,38
C0116,09,16,0002,Tehsil - Firozabad 0002,008000,8 KASHMIRI,1,1,0,1,1,0,0,0,0
C0116,09,16,0002,Tehsil - Firozabad 0002,008002, 1 KASHMIRI,1,1,0,1,1,0,0,0,0
C0116,09,16,0002,Tehsil - Firozabad 0002,013000,13 MARATHI,9,3,6,1,1,0,8,2,6
C0116,09,16,0002,Tehsil - Firozabad 0002,013048, 1 MARATHI,9,3,6,1,1,0,8,2,6
C0116,09,16,0002,Tehsil - Firozabad 0002,014000,14 NEPALI,22,9,13,4,1,3,18,8,10
C0116,09,16,0002,Tehsil - Firozabad 0002,014009, 1 NEPALI,22,9,13,4,1,3,18,8,10
C0116,09,16,0002,Tehsil - Firozabad 0002,015000,15 ORIYA,6,2,4,5,2,3,1,0,1
C0116,09,16,0002,Tehsil - Firozabad 0002,015031, 1 ORIYA,6,2,4,5,2,3,1,0,1
C0116,09,16,0002,Tehsil - Firozabad 0002,016000,16 PUNJABI,309,161,148,8,8,0,301,153,148
C0116,09,16,0002,Tehsil - Firozabad 0002,016018, 1 PUNJABI,309,161,148,8,8,0,301,153,148
C0116,09,16,0002,Tehsil - Firozabad 0002,019000,19 SINDHI,93,48,45,0,0,0,93,48,45
C0116,09,16,0002,Tehsil - Firozabad 0002,019013, 1 SINDHI,93,48,45,0,0,0,93,48,45
C0116,09,16,0002,Tehsil - Firozabad 0002,020000,20 TAMIL,2,2,0,1,1,0,1,1,0
C0116,09,16,0002,Tehsil - Firozabad 0002,020020, 1 TAMIL,2,2,0,1,1,0,1,1,0
C0116,09,16,0002,Tehsil - Firozabad 0002,021000,21 TELUGU,2,2,0,2,2,0,0,0,0
C0116,09,16,0002,Tehsil - Firozabad 0002,021035, 1 TELUGU,2,2,0,2,2,0,0,0,0
C0116,09,16,0002,Tehsil - Firozabad 0002,022000,22 URDU,150873,79180,71693,4335,2365,1970,146538,76815,69723
C0116,09,16,0002,Tehsil - Firozabad 0002,022014, 1 URDU,150873,79180,71693,4335,2365,1970,146538,76815,69723
C0116,09,16,0002,Tehsil - Firozabad 0002,028000,28 ARABIC/ARBI,213,113,100,0,0,0,213,113,100
C0116,09,16,0002,Tehsil - Firozabad 0002,028001, 1 ARABIC/ARBI,213,113,100,0,0,0,213,113,100
C0116,09,16,0002,Tehsil - Firozabad 0002,040000,40 ENGLISH,243,128,115,2,1,1,241,127,114
C0116,09,16,0002,Tehsil - Firozabad 0002,040001, 1 ENGLISH,243,128,115,2,1,1,241,127,114
C0116,09,16,0002,Tehsil - Firozabad 0002,123000,123 OTHERS,2,0,2,2,0,2,0,0,0
C0116,09,16,0003,Tehsil - Jasrana 0003,001000,1 ASSAMESE,1,0,1,1,0,1,0,0,0
C0116,09,16,0003,Tehsil - Jasrana 0003,001002, 1 ASSAMESE,1,0,1,1,0,1,0,0,0
C0116,09,16,0003,Tehsil - Jasrana 0003,002000,2 BENGALI,37,19,18,14,8,6,23,11,12
C0116,09,16,0003,Tehsil - Jasrana 0003,002004, 1 BENGALI,37,19,18,14,8,6,23,11,12
C0116,09,16,0003,Tehsil - Jasrana 0003,006000,6 HINDI,430310,232914,197396,411647,222916,188731,18663,9998,8665
C0116,09,16,0003,Tehsil - Jasrana 0003,006060, 1 BUNDELI/BUNDELKHANDI,18,8,10,8,2,6,10,6,4
C0116,09,16,0003,Tehsil - Jasrana 0003,006118, 2 HINDI,430047,232773,197274,411394,222781,188613,18653,9992,8661
C0116,09,16,0003,Tehsil - Jasrana 0003,006242, 3 RAJASTHANI,9,6,3,9,6,3,0,0,0
C0116,09,16,0003,Tehsil - Jasrana 0003,006999,6 Others,236,127,109,236,127,109,0,0,0
C0116,09,16,0003,Tehsil - Jasrana 0003,011000,11 MALAYALAM,5,2,3,0,0,0,5,2,3
C0116,09,16,0003,Tehsil - Jasrana 0003,011013, 1 MALAYALAM,5,2,3,0,0,0,5,2,3
C0116,09,16,0003,Tehsil - Jasrana 0003,013000,13 MARATHI,4,1,3,0,0,0,4,1,3
C0116,09,16,0003,Tehsil - Jasrana 0003,013048, 1 MARATHI,4,1,3,0,0,0,4,1,3
C0116,09,16,0003,Tehsil - Jasrana 0003,014000,14 NEPALI,17,11,6,17,11,6,0,0,0
C0116,09,16,0003,Tehsil - Jasrana 0003,014009, 1 NEPALI,17,11,6,17,11,6,0,0,0
C0116,09,16,0003,Tehsil - Jasrana 0003,016000,16 PUNJABI,23,10,13,4,2,2,19,8,11
C0116,09,16,0003,Tehsil - Jasrana 0003,016018, 1 PUNJABI,23,10,13,4,2,2,19,8,11
C0116,09,16,0003,Tehsil - Jasrana 0003,021000,21 TELUGU,1,0,1,0,0,0,1,0,1
C0116,09,16,0003,Tehsil - Jasrana 0003,021035, 1 TELUGU,1,0,1,0,0,0,1,0,1
C0116,09,16,0003,Tehsil - Jasrana 0003,022000,22 URDU,1569,861,708,1551,849,702,18,12,6
C0116,09,16,0003,Tehsil - Jasrana 0003,022014, 1 URDU,1569,861,708,1551,849,702,18,12,6
C0116,09,16,0003,Tehsil - Jasrana 0003,040000,40 ENGLISH,3,2,1,3,2,1,0,0,0
C0116,09,16,0003,Tehsil - Jasrana 0003,040001, 1 ENGLISH,3,2,1,3,2,1,0,0,0
C0116,09,16,0003,Tehsil - Jasrana 0003,054000,54 KHARIA,5,3,2,0,0,0,5,3,2
C0116,09,16,0003,Tehsil - Jasrana 0003,054004, 1 KHARIA,5,3,2,0,0,0,5,3,2
C0116,09,16,0004,Tehsil - Shikohabad 0004,002000,2 BENGALI,108,45,63,4,1,3,104,44,60
C0116,09,16,0004,Tehsil - Shikohabad 0004,002004, 1 BENGALI,108,45,63,4,1,3,104,44,60
C0116,09,16,0004,Tehsil - Shikohabad 0004,006000,6 HINDI,565680,306729,258951,457172,249043,208129,108508,57686,50822
C0116,09,16,0004,Tehsil - Shikohabad 0004,006026, 1 BANJARI,170,96,74,170,96,74,0,0,0
C0116,09,16,0004,Tehsil - Shikohabad 0004,006045, 2 BHOJPURI,8,6,2,0,0,0,8,6,2
C0116,09,16,0004,Tehsil - Shikohabad 0004,006060, 3 BUNDELI/BUNDELKHANDI,30,13,17,13,3,10,17,10,7
C0116,09,16,0004,Tehsil - Shikohabad 0004,006095, 4 GARHWALI,1,0,1,1,0,1,0,0,0
C0116,09,16,0004,Tehsil - Shikohabad 0004,006118, 5 HINDI,565305,306525,258780,456855,248866,207989,108450,57659,50791
C0116,09,16,0004,Tehsil - Shikohabad 0004,006192, 6 MARWARI,27,7,20,0,0,0,27,7,20
C0116,09,16,0004,Tehsil - Shikohabad 0004,006195, 7 MEWARI,8,4,4,8,4,4,0,0,0
C0116,09,16,0004,Tehsil - Shikohabad 0004,006242, 8 RAJASTHANI,6,4,2,0,0,0,6,4,2
C0116,09,16,0004,Tehsil - Shikohabad 0004,006999,6 Others,125,74,51,125,74,51,0,0,0
C0116,09,16,0004,Tehsil - Shikohabad 0004,010000,10 MAITHILI,4,0,4,0,0,0,4,0,4
C0116,09,16,0004,Tehsil - Shikohabad 0004,010006, 1 MAITHILI,4,0,4,0,0,0,4,0,4
C0116,09,16,0004,Tehsil - Shikohabad 0004,011000,11 MALAYALAM,3,2,1,0,0,0,3,2,1
C0116,09,16,0004,Tehsil - Shikohabad 0004,011013, 1 MALAYALAM,3,2,1,0,0,0,3,2,1
C0116,09,16,0004,Tehsil - Shikohabad 0004,013000,13 MARATHI,5,3,2,0,0,0,5,3,2
C0116,09,16,0004,Tehsil - Shikohabad 0004,013048, 1 MARATHI,5,3,2,0,0,0,5,3,2
C0116,09,16,0004,Tehsil - Shikohabad 0004,014000,14 NEPALI,90,46,44,68,31,37,22,15,7
C0116,09,16,0004,Tehsil - Shikohabad 0004,014009, 1 NEPALI,90,46,44,68,31,37,22,15,7
C0116,09,16,0004,Tehsil - Shikohabad 0004,016000,16 PUNJABI,226,120,106,2,0,2,224,120,104
C0116,09,16,0004,Tehsil - Shikohabad 0004,016018, 1 PUNJABI,226,120,106,2,0,2,224,120,104
C0116,09,16,0004,Tehsil - Shikohabad 0004,019000,19 SINDHI,15,6,9,0,0,0,15,6,9
C0116,09,16,0004,Tehsil - Shikohabad 0004,019013, 1 SINDHI,15,6,9,0,0,0,15,6,9
C0116,09,16,0004,Tehsil - Shikohabad 0004,020000,20 TAMIL,1,1,0,0,0,0,1,1,0
C0116,09,16,0004,Tehsil - Shikohabad 0004,020020, 1 TAMIL,1,1,0,0,0,0,1,1,0
C0116,09,16,0004,Tehsil - Shikohabad 0004,021000,21 TELUGU,23,19,4,0,0,0,23,19,4
C0116,09,16,0004,Tehsil - Shikohabad 0004,021035, 1 TELUGU,23,19,4,0,0,0,23,19,4
C0116,09,16,0004,Tehsil - Shikohabad 0004,022000,22 URDU,10142,5386,4756,2687,1500,1187,7455,3886,3569
C0116,09,16,0004,Tehsil - Shikohabad 0004,022014, 1 URDU,10142,5386,4756,2687,1500,1187,7455,3886,3569
C0116,09,16,0004,Tehsil - Shikohabad 0004,028000,28 ARABIC/ARBI,73,40,33,73,40,33,0,0,0
C0116,09,16,0004,Tehsil - Shikohabad 0004,028001, 1 ARABIC/ARBI,73,40,33,73,40,33,0,0,0
C0116,09,16,0004,Tehsil - Shikohabad 0004,040000,40 ENGLISH,10,6,4,1,0,1,9,6,3
C0116,09,16,0004,Tehsil - Shikohabad 0004,040001, 1 ENGLISH,10,6,4,1,0,1,9,6,3
C0116,09,17,0000,District - Etah  17,001000,1 ASSAMESE,48,19,29,48,19,29,0,0,0
C0116,09,17,0000,District - Etah  17,001002, 1 ASSAMESE,48,19,29,48,19,29,0,0,0
C0116,09,17,0000,District - Etah  17,002000,2 BENGALI,205,87,118,137,49,88,68,38,30
C0116,09,17,0000,District - Etah  17,002004, 1 BENGALI,205,87,118,137,49,88,68,38,30
C0116,09,17,0000,District - Etah  17,005000,5 GUJARATI,1,0,1,1,0,1,0,0,0
C0116,09,17,0000,District - Etah  17,005011, 1 GUJARATI,1,0,1,1,0,1,0,0,0
C0116,09,17,0000,District - Etah  17,006000,6 HINDI,2628609,1424187,1204422,2252872,1224240,1028632,375737,199947,175790
C0116,09,17,0000,District - Etah  17,006026, 1 BANJARI,646,360,286,646,360,286,0,0,0
C0116,09,17,0000,District - Etah  17,006045, 2 BHOJPURI,8,4,4,2,1,1,6,3,3
C0116,09,17,0000,District - Etah  17,006059, 3 BRAJBHASHA,669,379,290,668,378,290,1,1,0
C0116,09,17,0000,District - Etah  17,006060, 4 BUNDELI/BUNDELKHANDI,93,4,89,79,2,77,14,2,12
C0116,09,17,0000,District - Etah  17,006072, 5 CHHATTISGARHI,106,57,49,106,57,49,0,0,0
C0116,09,17,0000,District - Etah  17,006095, 6 GARHWALI,7,3,4,5,1,4,2,2,0
C0116,09,17,0000,District - Etah  17,006118, 7 HINDI,2626724,1423189,1203535,2251017,1223253,1027764,375707,199936,175771
C0116,09,17,0000,District - Etah  17,006127, 8 JAUNSARI,2,2,0,2,2,0,0,0,0
C0116,09,17,0000,District - Etah  17,006148, 9 KHARI BOLI,35,20,15,35,20,15,0,0,0
C0116,09,17,0000,District - Etah  17,006162, 10 KUMAUNI,3,1,2,0,0,0,3,1,2
C0116,09,17,0000,District - Etah  17,006179, 11 MAGADHI/MAGAHI,39,19,20,39,19,20,0,0,0
C0116,09,17,0000,District - Etah  17,006192, 12 MARWARI,3,1,2,0,0,0,3,1,2
C0116,09,17,0000,District - Etah  17,006242, 13 RAJASTHANI,9,5,4,8,4,4,1,1,0
C0116,09,17,0000,District - Etah  17,006999,6 Others,265,143,122,265,143,122,0,0,0
C0116,09,17,0000,District - Etah  17,008000,8 KASHMIRI,11,11,0,0,0,0,11,11,0
C0116,09,17,0000,District - Etah  17,008002, 1 KASHMIRI,11,11,0,0,0,0,11,11,0
C0116,09,17,0000,District - Etah  17,011000,11 MALAYALAM,11,2,9,0,0,0,11,2,9
C0116,09,17,0000,District - Etah  17,011013, 1 MALAYALAM,11,2,9,0,0,0,11,2,9
C0116,09,17,0000,District - Etah  17,012000,12 MANIPURI,2,2,0,0,0,0,2,2,0
C0116,09,17,0000,District - Etah  17,012999,12 Others,2,2,0,0,0,0,2,2,0
C0116,09,17,0000,District - Etah  17,013000,13 MARATHI,56,26,30,48,21,27,8,5,3
C0116,09,17,0000,District - Etah  17,013048, 1 MARATHI,56,26,30,48,21,27,8,5,3
C0116,09,17,0000,District - Etah  17,014000,14 NEPALI,222,124,98,161,92,69,61,32,29
C0116,09,17,0000,District - Etah  17,014009, 1 NEPALI,222,124,98,161,92,69,61,32,29
C0116,09,17,0000,District - Etah  17,015000,15 ORIYA,17,1,16,13,0,13,4,1,3
C0116,09,17,0000,District - Etah  17,015031, 1 ORIYA,17,1,16,13,0,13,4,1,3
C0116,09,17,0000,District - Etah  17,016000,16 PUNJABI,660,355,305,375,209,166,285,146,139
C0116,09,17,0000,District - Etah  17,016018, 1 PUNJABI,660,355,305,375,209,166,285,146,139
C0116,09,17,0000,District - Etah  17,017000,17 SANSKRIT,2,2,0,1,1,0,1,1,0
C0116,09,17,0000,District - Etah  17,017002, 1 SANSKRIT,2,2,0,1,1,0,1,1,0
C0116,09,17,0000,District - Etah  17,018000,18 SANTALI,83,27,56,83,27,56,0,0,0
C0116,09,17,0000,District - Etah  17,018999,18 Others,83,27,56,83,27,56,0,0,0
C0116,09,17,0000,District - Etah  17,019000,19 SINDHI,315,162,153,0,0,0,315,162,153
C0116,09,17,0000,District - Etah  17,019013, 1 SINDHI,315,162,153,0,0,0,315,162,153
C0116,09,17,0000,District - Etah  17,020000,20 TAMIL,7,5,2,3,3,0,4,2,2
C0116,09,17,0000,District - Etah  17,020020, 1 TAMIL,7,5,2,3,3,0,4,2,2
C0116,09,17,0000,District - Etah  17,022000,22 URDU,159917,84062,75855,52965,28039,24926,106952,56023,50929
C0116,09,17,0000,District - Etah  17,022014, 1 URDU,159917,84062,75855,52965,28039,24926,106952,56023,50929
C0116,09,17,0000,District - Etah  17,028000,28 ARABIC/ARBI,5,2,3,5,2,3,0,0,0
C0116,09,17,0000,District - Etah  17,028001, 1 ARABIC/ARBI,5,2,3,5,2,3,0,0,0
C0116,09,17,0000,District - Etah  17,040000,40 ENGLISH,17,13,4,13,9,4,4,4,0
C0116,09,17,0000,District - Etah  17,040001, 1 ENGLISH,17,13,4,13,9,4,4,4,0
C0116,09,17,0000,District - Etah  17,123000,123 OTHERS,222,112,110,22,13,9,200,99,101
C0116,09,17,0001,Tehsil - Kasganj 0001,001000,1 ASSAMESE,9,2,7,9,2,7,0,0,0
C0116,09,17,0001,Tehsil - Kasganj 0001,001002, 1 ASSAMESE,9,2,7,9,2,7,0,0,0
C0116,09,17,0001,Tehsil - Kasganj 0001,002000,2 BENGALI,29,6,23,20,2,18,9,4,5
C0116,09,17,0001,Tehsil - Kasganj 0001,002004, 1 BENGALI,29,6,23,20,2,18,9,4,5
C0116,09,17,0001,Tehsil - Kasganj 0001,006000,6 HINDI,700249,378368,321881,572967,310556,262411,127282,67812,59470
C0116,09,17,0001,Tehsil - Kasganj 0001,006045, 1 BHOJPURI,4,2,2,1,0,1,3,2,1
C0116,09,17,0001,Tehsil - Kasganj 0001,006060, 2 BUNDELI/BUNDELKHANDI,32,0,32,26,0,26,6,0,6
C0116,09,17,0001,Tehsil - Kasganj 0001,006095, 3 GARHWALI,1,1,0,0,0,0,1,1,0
C0116,09,17,0001,Tehsil - Kasganj 0001,006118, 4 HINDI,700210,378364,321846,572938,310555,262383,127272,67809,59463
C0116,09,17,0001,Tehsil - Kasganj 0001,006999,6 Others,2,1,1,2,1,1,0,0,0
C0116,09,17,0001,Tehsil - Kasganj 0001,014000,14 NEPALI,60,37,23,47,29,18,13,8,5
C0116,09,17,0001,Tehsil - Kasganj 0001,014009, 1 NEPALI,60,37,23,47,29,18,13,8,5
C0116,09,17,0001,Tehsil - Kasganj 0001,015000,15 ORIYA,8,0,8,7,0,7,1,0,1
C0116,09,17,0001,Tehsil - Kasganj 0001,015031, 1 ORIYA,8,0,8,7,0,7,1,0,1
C0116,09,17,0001,Tehsil - Kasganj 0001,016000,16 PUNJABI,357,196,161,273,157,116,84,39,45
C0116,09,17,0001,Tehsil - Kasganj 0001,016018, 1 PUNJABI,357,196,161,273,157,116,84,39,45
C0116,09,17,0001,Tehsil - Kasganj 0001,017000,17 SANSKRIT,1,1,0,1,1,0,0,0,0
C0116,09,17,0001,Tehsil - Kasganj 0001,017002, 1 SANSKRIT,1,1,0,1,1,0,0,0,0
C0116,09,17,0001,Tehsil - Kasganj 0001,018000,18 SANTALI,83,27,56,83,27,56,0,0,0
C0116,09,17,0001,Tehsil - Kasganj 0001,018999,18 Others,83,27,56,83,27,56,0,0,0
C0116,09,17,0001,Tehsil - Kasganj 0001,022000,22 URDU,49606,26104,23502,16042,8524,7518,33564,17580,15984
C0116,09,17,0001,Tehsil - Kasganj 0001,022014, 1 URDU,49606,26104,23502,16042,8524,7518,33564,17580,15984
C0116,09,17,0001,Tehsil - Kasganj 0001,028000,28 ARABIC/ARBI,1,0,1,1,0,1,0,0,0
C0116,09,17,0001,Tehsil - Kasganj 0001,028001, 1 ARABIC/ARBI,1,0,1,1,0,1,0,0,0
C0116,09,17,0001,Tehsil - Kasganj 0001,040000,40 ENGLISH,2,1,1,2,1,1,0,0,0
C0116,09,17,0001,Tehsil - Kasganj 0001,040001, 1 ENGLISH,2,1,1,2,1,1,0,0,0
C0116,09,17,0001,Tehsil - Kasganj 0001,123000,123 OTHERS,2,1,1,2,1,1,0,0,0
C0116,09,17,0002,Tehsil - Patiyali 0002,001000,1 ASSAMESE,38,17,21,38,17,21,0,0,0
C0116,09,17,0002,Tehsil - Patiyali 0002,001002, 1 ASSAMESE,38,17,21,38,17,21,0,0,0
C0116,09,17,0002,Tehsil - Patiyali 0002,002000,2 BENGALI,51,17,34,22,2,20,29,15,14
C0116,09,17,0002,Tehsil - Patiyali 0002,002004, 1 BENGALI,51,17,34,22,2,20,29,15,14
C0116,09,17,0002,Tehsil - Patiyali 0002,005000,5 GUJARATI,1,0,1,1,0,1,0,0,0
C0116,09,17,0002,Tehsil - Patiyali 0002,005011, 1 GUJARATI,1,0,1,1,0,1,0,0,0
C0116,09,17,0002,Tehsil - Patiyali 0002,006000,6 HINDI,401213,219454,181759,356671,195771,160900,44542,23683,20859
C0116,09,17,0002,Tehsil - Patiyali 0002,006045, 1 BHOJPURI,2,1,1,1,1,0,1,0,1
C0116,09,17,0002,Tehsil - Patiyali 0002,006060, 2 BUNDELI/BUNDELKHANDI,30,1,29,29,1,28,1,0,1
C0116,09,17,0002,Tehsil - Patiyali 0002,006072, 3 CHHATTISGARHI,106,57,49,106,57,49,0,0,0
C0116,09,17,0002,Tehsil - Patiyali 0002,006118, 4 HINDI,400988,219347,181641,356450,195664,160786,44538,23683,20855
C0116,09,17,0002,Tehsil - Patiyali 0002,006148, 5 KHARI BOLI,35,20,15,35,20,15,0,0,0
C0116,09,17,0002,Tehsil - Patiyali 0002,006162, 6 KUMAUNI,2,0,2,0,0,0,2,0,2
C0116,09,17,0002,Tehsil - Patiyali 0002,006179, 7 MAGADHI/MAGAHI,39,19,20,39,19,20,0,0,0
C0116,09,17,0002,Tehsil - Patiyali 0002,006999,6 Others,11,9,2,11,9,2,0,0,0
C0116,09,17,0002,Tehsil - Patiyali 0002,011000,11 MALAYALAM,10,2,8,0,0,0,10,2,8
C0116,09,17,0002,Tehsil - Patiyali 0002,011013, 1 MALAYALAM,10,2,8,0,0,0,10,2,8
C0116,09,17,0002,Tehsil - Patiyali 0002,014000,14 NEPALI,36,17,19,17,8,9,19,9,10
C0116,09,17,0002,Tehsil - Patiyali 0002,014009, 1 NEPALI,36,17,19,17,8,9,19,9,10
C0116,09,17,0002,Tehsil - Patiyali 0002,015000,15 ORIYA,7,1,6,4,0,4,3,1,2
C0116,09,17,0002,Tehsil - Patiyali 0002,015031, 1 ORIYA,7,1,6,4,0,4,3,1,2
C0116,09,17,0002,Tehsil - Patiyali 0002,016000,16 PUNJABI,22,10,12,4,2,2,18,8,10
C0116,09,17,0002,Tehsil - Patiyali 0002,016018, 1 PUNJABI,22,10,12,4,2,2,18,8,10
C0116,09,17,0002,Tehsil - Patiyali 0002,020000,20 TAMIL,1,1,0,0,0,0,1,1,0
C0116,09,17,0002,Tehsil - Patiyali 0002,020020, 1 TAMIL,1,1,0,0,0,0,1,1,0
C0116,09,17,0002,Tehsil - Patiyali 0002,022000,22 URDU,76913,40410,36503,29721,15694,14027,47192,24716,22476
C0116,09,17,0002,Tehsil - Patiyali 0002,022014, 1 URDU,76913,40410,36503,29721,15694,14027,47192,24716,22476
C0116,09,17,0002,Tehsil - Patiyali 0002,028000,28 ARABIC/ARBI,4,2,2,4,2,2,0,0,0
C0116,09,17,0002,Tehsil - Patiyali 0002,028001, 1 ARABIC/ARBI,4,2,2,4,2,2,0,0,0
C0116,09,17,0002,Tehsil - Patiyali 0002,040000,40 ENGLISH,2,2,0,2,2,0,0,0,0
C0116,09,17,0002,Tehsil - Patiyali 0002,040001, 1 ENGLISH,2,2,0,2,2,0,0,0,0
C0116,09,17,0003,Tehsil - Aliganj 0003,001000,1 ASSAMESE,1,0,1,1,0,1,0,0,0
C0116,09,17,0003,Tehsil - Aliganj 0003,001002, 1 ASSAMESE,1,0,1,1,0,1,0,0,0
C0116,09,17,0003,Tehsil - Aliganj 0003,002000,2 BENGALI,13,1,12,8,0,8,5,1,4
C0116,09,17,0003,Tehsil - Aliganj 0003,002004, 1 BENGALI,13,1,12,8,0,8,5,1,4
C0116,09,17,0003,Tehsil - Aliganj 0003,006000,6 HINDI,405351,220355,184996,365189,198873,166316,40162,21482,18680
C0116,09,17,0003,Tehsil - Aliganj 0003,006045, 1 BHOJPURI,1,0,1,0,0,0,1,0,1
C0116,09,17,0003,Tehsil - Aliganj 0003,006060, 2 BUNDELI/BUNDELKHANDI,14,2,12,8,0,8,6,2,4
C0116,09,17,0003,Tehsil - Aliganj 0003,006118, 3 HINDI,405288,220324,184964,365136,198845,166291,40152,21479,18673
C0116,09,17,0003,Tehsil - Aliganj 0003,006192, 4 MARWARI,3,1,2,0,0,0,3,1,2
C0116,09,17,0003,Tehsil - Aliganj 0003,006999,6 Others,45,28,17,45,28,17,0,0,0
C0116,09,17,0003,Tehsil - Aliganj 0003,013000,13 MARATHI,46,20,26,46,20,26,0,0,0
C0116,09,17,0003,Tehsil - Aliganj 0003,013048, 1 MARATHI,46,20,26,46,20,26,0,0,0
C0116,09,17,0003,Tehsil - Aliganj 0003,014000,14 NEPALI,25,16,9,24,16,8,1,0,1
C0116,09,17,0003,Tehsil - Aliganj 0003,014009, 1 NEPALI,25,16,9,24,16,8,1,0,1
C0116,09,17,0003,Tehsil - Aliganj 0003,015000,15 ORIYA,2,0,2,2,0,2,0,0,0
C0116,09,17,0003,Tehsil - Aliganj 0003,015031, 1 ORIYA,2,0,2,2,0,2,0,0,0
C0116,09,17,0003,Tehsil - Aliganj 0003,016000,16 PUNJABI,2,1,1,2,1,1,0,0,0
C0116,09,17,0003,Tehsil - Aliganj 0003,016018, 1 PUNJABI,2,1,1,2,1,1,0,0,0
C0116,09,17,0003,Tehsil - Aliganj 0003,022000,22 URDU,9279,4906,4373,4301,2272,2029,4978,2634,2344
C0116,09,17,0003,Tehsil - Aliganj 0003,022014, 1 URDU,9279,4906,4373,4301,2272,2029,4978,2634,2344
C0116,09,17,0003,Tehsil - Aliganj 0003,040000,40 ENGLISH,5,2,3,5,2,3,0,0,0
C0116,09,17,0003,Tehsil - Aliganj 0003,040001, 1 ENGLISH,5,2,3,5,2,3,0,0,0
C0116,09,17,0004,Tehsil - Etah 0004,002000,2 BENGALI,108,63,45,86,45,41,22,18,4
C0116,09,17,0004,Tehsil - Etah 0004,002004, 1 BENGALI,108,63,45,86,45,41,22,18,4
C0116,09,17,0004,Tehsil - Etah 0004,006000,6 HINDI,790688,426400,364288,667592,361089,306503,123096,65311,57785
C0116,09,17,0004,Tehsil - Etah 0004,006026, 1 BANJARI,646,360,286,646,360,286,0,0,0
C0116,09,17,0004,Tehsil - Etah 0004,006045, 2 BHOJPURI,1,1,0,0,0,0,1,1,0
C0116,09,17,0004,Tehsil - Etah 0004,006059, 3 BRAJBHASHA,669,379,290,668,378,290,1,1,0
C0116,09,17,0004,Tehsil - Etah 0004,006060, 4 BUNDELI/BUNDELKHANDI,14,1,13,13,1,12,1,0,1
C0116,09,17,0004,Tehsil - Etah 0004,006095, 5 GARHWALI,6,2,4,5,1,4,1,1,0
C0116,09,17,0004,Tehsil - Etah 0004,006118, 6 HINDI,789144,425551,363593,666054,360245,305809,123090,65306,57784
C0116,09,17,0004,Tehsil - Etah 0004,006127, 7 JAUNSARI,1,1,0,1,1,0,0,0,0
C0116,09,17,0004,Tehsil - Etah 0004,006162, 8 KUMAUNI,1,1,0,0,0,0,1,1,0
C0116,09,17,0004,Tehsil - Etah 0004,006242, 9 RAJASTHANI,1,1,0,0,0,0,1,1,0
C0116,09,17,0004,Tehsil - Etah 0004,006999,6 Others,205,103,102,205,103,102,0,0,0
C0116,09,17,0004,Tehsil - Etah 0004,008000,8 KASHMIRI,11,11,0,0,0,0,11,11,0
C0116,09,17,0004,Tehsil - Etah 0004,008002, 1 KASHMIRI,11,11,0,0,0,0,11,11,0
C0116,09,17,0004,Tehsil - Etah 0004,011000,11 MALAYALAM,1,0,1,0,0,0,1,0,1
C0116,09,17,0004,Tehsil - Etah 0004,011013, 1 MALAYALAM,1,0,1,0,0,0,1,0,1
C0116,09,17,0004,Tehsil - Etah 0004,012000,12 MANIPURI,2,2,0,0,0,0,2,2,0
C0116,09,17,0004,Tehsil - Etah 0004,012999,12 Others,2,2,0,0,0,0,2,2,0
C0116,09,17,0004,Tehsil - Etah 0004,013000,13 MARATHI,2,1,1,2,1,1,0,0,0
C0116,09,17,0004,Tehsil - Etah 0004,013048, 1 MARATHI,2,1,1,2,1,1,0,0,0
C0116,09,17,0004,Tehsil - Etah 0004,014000,14 NEPALI,66,38,28,56,33,23,10,5,5
C0116,09,17,0004,Tehsil - Etah 0004,014009, 1 NEPALI,66,38,28,56,33,23,10,5,5
C0116,09,17,0004,Tehsil - Etah 0004,016000,16 PUNJABI,278,148,130,95,49,46,183,99,84
C0116,09,17,0004,Tehsil - Etah 0004,016018, 1 PUNJABI,278,148,130,95,49,46,183,99,84
C0116,09,17,0004,Tehsil - Etah 0004,017000,17 SANSKRIT,1,1,0,0,0,0,1,1,0
C0116,09,17,0004,Tehsil - Etah 0004,017002, 1 SANSKRIT,1,1,0,0,0,0,1,1,0
C0116,09,17,0004,Tehsil - Etah 0004,019000,19 SINDHI,315,162,153,0,0,0,315,162,153
C0116,09,17,0004,Tehsil - Etah 0004,019013, 1 SINDHI,315,162,153,0,0,0,315,162,153
C0116,09,17,0004,Tehsil - Etah 0004,020000,20 TAMIL,3,1,2,0,0,0,3,1,2
C0116,09,17,0004,Tehsil - Etah 0004,020020, 1 TAMIL,3,1,2,0,0,0,3,1,2
C0116,09,17,0004,Tehsil - Etah 0004,022000,22 URDU,17680,9334,8346,2196,1164,1032,15484,8170,7314
C0116,09,17,0004,Tehsil - Etah 0004,022014, 1 URDU,17680,9334,8346,2196,1164,1032,15484,8170,7314
C0116,09,17,0004,Tehsil - Etah 0004,040000,40 ENGLISH,5,5,0,4,4,0,1,1,0
C0116,09,17,0004,Tehsil - Etah 0004,040001, 1 ENGLISH,5,5,0,4,4,0,1,1,0
C0116,09,17,0004,Tehsil - Etah 0004,123000,123 OTHERS,220,111,109,20,12,8,200,99,101
C0116,09,17,0005,Tehsil - Jalesar 0005,002000,2 BENGALI,4,0,4,1,0,1,3,0,3
C0116,09,17,0005,Tehsil - Jalesar 0005,002004, 1 BENGALI,4,0,4,1,0,1,3,0,3
C0116,09,17,0005,Tehsil - Jalesar 0005,006000,6 HINDI,331108,179610,151498,290453,157951,132502,40655,21659,18996
C0116,09,17,0005,Tehsil - Jalesar 0005,006060, 1 BUNDELI/BUNDELKHANDI,3,0,3,3,0,3,0,0,0
C0116,09,17,0005,Tehsil - Jalesar 0005,006118, 2 HINDI,331094,179603,151491,290439,157944,132495,40655,21659,18996
C0116,09,17,0005,Tehsil - Jalesar 0005,006127, 3 JAUNSARI,1,1,0,1,1,0,0,0,0
C0116,09,17,0005,Tehsil - Jalesar 0005,006242, 4 RAJASTHANI,8,4,4,8,4,4,0,0,0
C0116,09,17,0005,Tehsil - Jalesar 0005,006999,6 Others,2,2,0,2,2,0,0,0,0
C0116,09,17,0005,Tehsil - Jalesar 0005,013000,13 MARATHI,8,5,3,0,0,0,8,5,3
C0116,09,17,0005,Tehsil - Jalesar 0005,013048, 1 MARATHI,8,5,3,0,0,0,8,5,3
C0116,09,17,0005,Tehsil - Jalesar 0005,014000,14 NEPALI,35,16,19,17,6,11,18,10,8
C0116,09,17,0005,Tehsil - Jalesar 0005,014009, 1 NEPALI,35,16,19,17,6,11,18,10,8
C0116,09,17,0005,Tehsil - Jalesar 0005,016000,16 PUNJABI,1,0,1,1,0,1,0,0,0
C0116,09,17,0005,Tehsil - Jalesar 0005,016018, 1 PUNJABI,1,0,1,1,0,1,0,0,0
C0116,09,17,0005,Tehsil - Jalesar 0005,020000,20 TAMIL,3,3,0,3,3,0,0,0,0
C0116,09,17,0005,Tehsil - Jalesar 0005,020020, 1 TAMIL,3,3,0,3,3,0,0,0,0
C0116,09,17,0005,Tehsil - Jalesar 0005,022000,22 URDU,6439,3308,3131,705,385,320,5734,2923,2811
C0116,09,17,0005,Tehsil - Jalesar 0005,022014, 1 URDU,6439,3308,3131,705,385,320,5734,2923,2811
C0116,09,17,0005,Tehsil - Jalesar 0005,040000,40 ENGLISH,3,3,0,0,0,0,3,3,0
C0116,09,17,0005,Tehsil - Jalesar 0005,040001, 1 ENGLISH,3,3,0,0,0,0,3,3,0
C0116,09,18,0000,District - Mainpuri  18,001000,1 ASSAMESE,3,1,2,3,1,2,0,0,0
C0116,09,18,0000,District - Mainpuri  18,001002, 1 ASSAMESE,3,1,2,3,1,2,0,0,0
C0116,09,18,0000,District - Mainpuri  18,002000,2 BENGALI,94,40,54,39,10,29,55,30,25
C0116,09,18,0000,District - Mainpuri  18,002004, 1 BENGALI,94,40,54,39,10,29,55,30,25
C0116,09,18,0000,District - Mainpuri  18,005000,5 GUJARATI,22,9,13,1,0,1,21,9,12
C0116,09,18,0000,District - Mainpuri  18,005011, 1 GUJARATI,22,9,13,1,0,1,21,9,12
C0116,09,18,0000,District - Mainpuri  18,006000,6 HINDI,1571760,846619,725141,1356810,732943,623867,214950,113676,101274
C0116,09,18,0000,District - Mainpuri  18,006045, 1 BHOJPURI,122,63,59,109,57,52,13,6,7
C0116,09,18,0000,District - Mainpuri  18,006059, 2 BRAJBHASHA,31,16,15,31,16,15,0,0,0
C0116,09,18,0000,District - Mainpuri  18,006060, 3 BUNDELI/BUNDELKHANDI,202,99,103,179,89,90,23,10,13
C0116,09,18,0000,District - Mainpuri  18,006095, 4 GARHWALI,15,10,5,12,7,5,3,3,0
C0116,09,18,0000,District - Mainpuri  18,006118, 5 HINDI,1570758,846065,724693,1355922,732450,623472,214836,113615,101221
C0116,09,18,0000,District - Mainpuri  18,006127, 6 JAUNSARI,6,3,3,4,2,2,2,1,1
C0116,09,18,0000,District - Mainpuri  18,006148, 7 KHARI BOLI,149,83,66,149,83,66,0,0,0
C0116,09,18,0000,District - Mainpuri  18,006162, 8 KUMAUNI,2,0,2,0,0,0,2,0,2
C0116,09,18,0000,District - Mainpuri  18,006192, 9 MARWARI,11,7,4,3,1,2,8,6,2
C0116,09,18,0000,District - Mainpuri  18,006195, 10 MEWARI,2,1,1,0,0,0,2,1,1
C0116,09,18,0000,District - Mainpuri  18,006242, 11 RAJASTHANI,23,8,15,0,0,0,23,8,15
C0116,09,18,0000,District - Mainpuri  18,006999,6 Others,439,264,175,401,238,163,38,26,12
C0116,09,18,0000,District - Mainpuri  18,011000,11 MALAYALAM,17,5,12,0,0,0,17,5,12
C0116,09,18,0000,District - Mainpuri  18,011013, 1 MALAYALAM,17,5,12,0,0,0,17,5,12
C0116,09,18,0000,District - Mainpuri  18,013000,13 MARATHI,22,13,9,0,0,0,22,13,9
C0116,09,18,0000,District - Mainpuri  18,013048, 1 MARATHI,22,13,9,0,0,0,22,13,9
C0116,09,18,0000,District - Mainpuri  18,014000,14 NEPALI,1392,801,591,1084,612,472,308,189,119
C0116,09,18,0000,District - Mainpuri  18,014009, 1 NEPALI,1392,801,591,1084,612,472,308,189,119
C0116,09,18,0000,District - Mainpuri  18,015000,15 ORIYA,4,0,4,2,0,2,2,0,2
C0116,09,18,0000,District - Mainpuri  18,015031, 1 ORIYA,4,0,4,2,0,2,2,0,2
C0116,09,18,0000,District - Mainpuri  18,016000,16 PUNJABI,334,168,166,11,6,5,323,162,161
C0116,09,18,0000,District - Mainpuri  18,016018, 1 PUNJABI,329,166,163,11,6,5,318,160,158
C0116,09,18,0000,District - Mainpuri  18,016999,16 Others,5,2,3,0,0,0,5,2,3
C0116,09,18,0000,District - Mainpuri  18,019000,19 SINDHI,1,1,0,0,0,0,1,1,0
C0116,09,18,0000,District - Mainpuri  18,019013, 1 SINDHI,1,1,0,0,0,0,1,1,0
C0116,09,18,0000,District - Mainpuri  18,020000,20 TAMIL,3,3,0,2,2,0,1,1,0
C0116,09,18,0000,District - Mainpuri  18,020020, 1 TAMIL,3,3,0,2,2,0,1,1,0
C0116,09,18,0000,District - Mainpuri  18,021000,21 TELUGU,5,1,4,1,0,1,4,1,3
C0116,09,18,0000,District - Mainpuri  18,021035, 1 TELUGU,5,1,4,1,0,1,4,1,3
C0116,09,18,0000,District - Mainpuri  18,022000,22 URDU,22666,12055,10611,5285,2868,2417,17381,9187,8194
C0116,09,18,0000,District - Mainpuri  18,022014, 1 URDU,22666,12055,10611,5285,2868,2417,17381,9187,8194
C0116,09,18,0000,District - Mainpuri  18,028000,28 ARABIC/ARBI,7,4,3,7,4,3,0,0,0
C0116,09,18,0000,District - Mainpuri  18,028001, 1 ARABIC/ARBI,7,4,3,7,4,3,0,0,0
C0116,09,18,0000,District - Mainpuri  18,040000,40 ENGLISH,16,12,4,15,12,3,1,0,1
C0116,09,18,0000,District - Mainpuri  18,040001, 1 ENGLISH,16,12,4,15,12,3,1,0,1
C0116,09,18,0000,District - Mainpuri  18,098000,98 PERSIAN,340,189,151,340,189,151,0,0,0
C0116,09,18,0000,District - Mainpuri  18,098001, 1 PERSIAN,340,189,151,340,189,151,0,0,0
C0116,09,18,0000,District - Mainpuri  18,123000,123 OTHERS,32,13,19,25,11,14,7,2,5
C0116,09,18,0001,Tehsil - Mainpuri 0001,002000,2 BENGALI,62,31,31,21,9,12,41,22,19
C0116,09,18,0001,Tehsil - Mainpuri 0001,002004, 1 BENGALI,62,31,31,21,9,12,41,22,19
C0116,09,18,0001,Tehsil - Mainpuri 0001,005000,5 GUJARATI,1,0,1,0,0,0,1,0,1
C0116,09,18,0001,Tehsil - Mainpuri 0001,005011, 1 GUJARATI,1,0,1,0,0,0,1,0,1
C0116,09,18,0001,Tehsil - Mainpuri 0001,006000,6 HINDI,592796,318737,274059,459226,248106,211120,133570,70631,62939
C0116,09,18,0001,Tehsil - Mainpuri 0001,006045, 1 BHOJPURI,7,4,3,1,0,1,6,4,2
C0116,09,18,0001,Tehsil - Mainpuri 0001,006060, 2 BUNDELI/BUNDELKHANDI,23,6,17,9,1,8,14,5,9
C0116,09,18,0001,Tehsil - Mainpuri 0001,006095, 3 GARHWALI,5,3,2,4,2,2,1,1,0
C0116,09,18,0001,Tehsil - Mainpuri 0001,006118, 4 HINDI,592506,318566,273940,458988,247968,211020,133518,70598,62920
C0116,09,18,0001,Tehsil - Mainpuri 0001,006127, 5 JAUNSARI,4,2,2,2,1,1,2,1,1
C0116,09,18,0001,Tehsil - Mainpuri 0001,006192, 6 MARWARI,11,7,4,3,1,2,8,6,2
C0116,09,18,0001,Tehsil - Mainpuri 0001,006195, 7 MEWARI,2,1,1,0,0,0,2,1,1
C0116,09,18,0001,Tehsil - Mainpuri 0001,006242, 8 RAJASTHANI,2,0,2,0,0,0,2,0,2
C0116,09,18,0001,Tehsil - Mainpuri 0001,006999,6 Others,236,148,88,219,133,86,17,15,2
C0116,09,18,0001,Tehsil - Mainpuri 0001,011000,11 MALAYALAM,14,3,11,0,0,0,14,3,11
C0116,09,18,0001,Tehsil - Mainpuri 0001,011013, 1 MALAYALAM,14,3,11,0,0,0,14,3,11
C0116,09,18,0001,Tehsil - Mainpuri 0001,013000,13 MARATHI,18,11,7,0,0,0,18,11,7
C0116,09,18,0001,Tehsil - Mainpuri 0001,013048, 1 MARATHI,18,11,7,0,0,0,18,11,7
C0116,09,18,0001,Tehsil - Mainpuri 0001,014000,14 NEPALI,486,279,207,274,149,125,212,130,82
C0116,09,18,0001,Tehsil - Mainpuri 0001,014009, 1 NEPALI,486,279,207,274,149,125,212,130,82
C0116,09,18,0001,Tehsil - Mainpuri 0001,015000,15 ORIYA,3,0,3,1,0,1,2,0,2
C0116,09,18,0001,Tehsil - Mainpuri 0001,015031, 1 ORIYA,3,0,3,1,0,1,2,0,2
C0116,09,18,0001,Tehsil - Mainpuri 0001,016000,16 PUNJABI,259,122,137,9,4,5,250,118,132
C0116,09,18,0001,Tehsil - Mainpuri 0001,016018, 1 PUNJABI,259,122,137,9,4,5,250,118,132
C0116,09,18,0001,Tehsil - Mainpuri 0001,020000,20 TAMIL,1,1,0,0,0,0,1,1,0
C0116,09,18,0001,Tehsil - Mainpuri 0001,020020, 1 TAMIL,1,1,0,0,0,0,1,1,0
C0116,09,18,0001,Tehsil - Mainpuri 0001,021000,21 TELUGU,4,1,3,0,0,0,4,1,3
C0116,09,18,0001,Tehsil - Mainpuri 0001,021035, 1 TELUGU,4,1,3,0,0,0,4,1,3
C0116,09,18,0001,Tehsil - Mainpuri 0001,022000,22 URDU,11145,5998,5147,2669,1460,1209,8476,4538,3938
C0116,09,18,0001,Tehsil - Mainpuri 0001,022014, 1 URDU,11145,5998,5147,2669,1460,1209,8476,4538,3938
C0116,09,18,0001,Tehsil - Mainpuri 0001,040000,40 ENGLISH,8,7,1,8,7,1,0,0,0
C0116,09,18,0001,Tehsil - Mainpuri 0001,040001, 1 ENGLISH,8,7,1,8,7,1,0,0,0
C0116,09,18,0001,Tehsil - Mainpuri 0001,098000,98 PERSIAN,340,189,151,340,189,151,0,0,0
C0116,09,18,0001,Tehsil - Mainpuri 0001,098001, 1 PERSIAN,340,189,151,340,189,151,0,0,0
C0116,09,18,0001,Tehsil - Mainpuri 0001,123000,123 OTHERS,7,3,4,6,3,3,1,0,1
C0116,09,18,0002,Tehsil - Karhal 0002,001000,1 ASSAMESE,1,1,0,1,1,0,0,0,0
C0116,09,18,0002,Tehsil - Karhal 0002,001002, 1 ASSAMESE,1,1,0,1,1,0,0,0,0
C0116,09,18,0002,Tehsil - Karhal 0002,002000,2 BENGALI,9,3,6,1,0,1,8,3,5
C0116,09,18,0002,Tehsil - Karhal 0002,002004, 1 BENGALI,9,3,6,1,0,1,8,3,5
C0116,09,18,0002,Tehsil - Karhal 0002,005000,5 GUJARATI,21,9,12,1,0,1,20,9,11
C0116,09,18,0002,Tehsil - Karhal 0002,005011, 1 GUJARATI,21,9,12,1,0,1,20,9,11
C0116,09,18,0002,Tehsil - Karhal 0002,006000,6 HINDI,280587,151297,129290,258262,139616,118646,22325,11681,10644
C0116,09,18,0002,Tehsil - Karhal 0002,006045, 1 BHOJPURI,1,0,1,1,0,1,0,0,0
C0116,09,18,0002,Tehsil - Karhal 0002,006059, 2 BRAJBHASHA,31,16,15,31,16,15,0,0,0
C0116,09,18,0002,Tehsil - Karhal 0002,006060, 3 BUNDELI/BUNDELKHANDI,167,91,76,162,88,74,5,3,2
C0116,09,18,0002,Tehsil - Karhal 0002,006095, 4 GARHWALI,2,2,0,2,2,0,0,0,0
C0116,09,18,0002,Tehsil - Karhal 0002,006118, 5 HINDI,280258,151118,129140,257939,139440,118499,22319,11678,10641
C0116,09,18,0002,Tehsil - Karhal 0002,006127, 6 JAUNSARI,1,0,1,1,0,1,0,0,0
C0116,09,18,0002,Tehsil - Karhal 0002,006148, 7 KHARI BOLI,15,9,6,15,9,6,0,0,0
C0116,09,18,0002,Tehsil - Karhal 0002,006242, 8 RAJASTHANI,1,0,1,0,0,0,1,0,1
C0116,09,18,0002,Tehsil - Karhal 0002,006999,6 Others,111,61,50,111,61,50,0,0,0
C0116,09,18,0002,Tehsil - Karhal 0002,014000,14 NEPALI,216,126,90,198,114,84,18,12,6
C0116,09,18,0002,Tehsil - Karhal 0002,014009, 1 NEPALI,216,126,90,198,114,84,18,12,6
C0116,09,18,0002,Tehsil - Karhal 0002,020000,20 TAMIL,1,1,0,1,1,0,0,0,0
C0116,09,18,0002,Tehsil - Karhal 0002,020020, 1 TAMIL,1,1,0,1,1,0,0,0,0
C0116,09,18,0002,Tehsil - Karhal 0002,022000,22 URDU,2906,1474,1432,769,393,376,2137,1081,1056
C0116,09,18,0002,Tehsil - Karhal 0002,022014, 1 URDU,2906,1474,1432,769,393,376,2137,1081,1056
C0116,09,18,0002,Tehsil - Karhal 0002,028000,28 ARABIC/ARBI,1,1,0,1,1,0,0,0,0
C0116,09,18,0002,Tehsil - Karhal 0002,028001, 1 ARABIC/ARBI,1,1,0,1,1,0,0,0,0
C0116,09,18,0002,Tehsil - Karhal 0002,040000,40 ENGLISH,2,1,1,1,1,0,1,0,1
C0116,09,18,0002,Tehsil - Karhal 0002,040001, 1 ENGLISH,2,1,1,1,1,0,1,0,1
C0116,09,18,0002,Tehsil - Karhal 0002,123000,123 OTHERS,13,5,8,8,4,4,5,1,4
C0116,09,18,0003,Tehsil - Bhogaon 0003,001000,1 ASSAMESE,2,0,2,2,0,2,0,0,0
C0116,09,18,0003,Tehsil - Bhogaon 0003,001002, 1 ASSAMESE,2,0,2,2,0,2,0,0,0
C0116,09,18,0003,Tehsil - Bhogaon 0003,002000,2 BENGALI,23,6,17,17,1,16,6,5,1
C0116,09,18,0003,Tehsil - Bhogaon 0003,002004, 1 BENGALI,23,6,17,17,1,16,6,5,1
C0116,09,18,0003,Tehsil - Bhogaon 0003,006000,6 HINDI,698377,376585,321792,639322,345221,294101,59055,31364,27691
C0116,09,18,0003,Tehsil - Bhogaon 0003,006045, 1 BHOJPURI,114,59,55,107,57,50,7,2,5
C0116,09,18,0003,Tehsil - Bhogaon 0003,006060, 2 BUNDELI/BUNDELKHANDI,12,2,10,8,0,8,4,2,2
C0116,09,18,0003,Tehsil - Bhogaon 0003,006095, 3 GARHWALI,8,5,3,6,3,3,2,2,0
C0116,09,18,0003,Tehsil - Bhogaon 0003,006118, 4 HINDI,697994,376381,321613,638995,345042,293953,58999,31339,27660
C0116,09,18,0003,Tehsil - Bhogaon 0003,006127, 5 JAUNSARI,1,1,0,1,1,0,0,0,0
C0116,09,18,0003,Tehsil - Bhogaon 0003,006148, 6 KHARI BOLI,134,74,60,134,74,60,0,0,0
C0116,09,18,0003,Tehsil - Bhogaon 0003,006162, 7 KUMAUNI,2,0,2,0,0,0,2,0,2
C0116,09,18,0003,Tehsil - Bhogaon 0003,006242, 8 RAJASTHANI,20,8,12,0,0,0,20,8,12
C0116,09,18,0003,Tehsil - Bhogaon 0003,006999,6 Others,92,55,37,71,44,27,21,11,10
C0116,09,18,0003,Tehsil - Bhogaon 0003,011000,11 MALAYALAM,3,2,1,0,0,0,3,2,1
C0116,09,18,0003,Tehsil - Bhogaon 0003,011013, 1 MALAYALAM,3,2,1,0,0,0,3,2,1
C0116,09,18,0003,Tehsil - Bhogaon 0003,013000,13 MARATHI,4,2,2,0,0,0,4,2,2
C0116,09,18,0003,Tehsil - Bhogaon 0003,013048, 1 MARATHI,4,2,2,0,0,0,4,2,2
C0116,09,18,0003,Tehsil - Bhogaon 0003,014000,14 NEPALI,690,396,294,612,349,263,78,47,31
C0116,09,18,0003,Tehsil - Bhogaon 0003,014009, 1 NEPALI,690,396,294,612,349,263,78,47,31
C0116,09,18,0003,Tehsil - Bhogaon 0003,015000,15 ORIYA,1,0,1,1,0,1,0,0,0
C0116,09,18,0003,Tehsil - Bhogaon 0003,015031, 1 ORIYA,1,0,1,1,0,1,0,0,0
C0116,09,18,0003,Tehsil - Bhogaon 0003,016000,16 PUNJABI,75,46,29,2,2,0,73,44,29
C0116,09,18,0003,Tehsil - Bhogaon 0003,016018, 1 PUNJABI,70,44,26,2,2,0,68,42,26
C0116,09,18,0003,Tehsil - Bhogaon 0003,016999,16 Others,5,2,3,0,0,0,5,2,3
C0116,09,18,0003,Tehsil - Bhogaon 0003,019000,19 SINDHI,1,1,0,0,0,0,1,1,0
C0116,09,18,0003,Tehsil - Bhogaon 0003,019013, 1 SINDHI,1,1,0,0,0,0,1,1,0
C0116,09,18,0003,Tehsil - Bhogaon 0003,020000,20 TAMIL,1,1,0,1,1,0,0,0,0
C0116,09,18,0003,Tehsil - Bhogaon 0003,020020, 1 TAMIL,1,1,0,1,1,0,0,0,0
C0116,09,18,0003,Tehsil - Bhogaon 0003,021000,21 TELUGU,1,0,1,1,0,1,0,0,0
C0116,09,18,0003,Tehsil - Bhogaon 0003,021035, 1 TELUGU,1,0,1,1,0,1,0,0,0
C0116,09,18,0003,Tehsil - Bhogaon 0003,022000,22 URDU,8615,4583,4032,1847,1015,832,6768,3568,3200
C0116,09,18,0003,Tehsil - Bhogaon 0003,022014, 1 URDU,8615,4583,4032,1847,1015,832,6768,3568,3200
C0116,09,18,0003,Tehsil - Bhogaon 0003,028000,28 ARABIC/ARBI,6,3,3,6,3,3,0,0,0
C0116,09,18,0003,Tehsil - Bhogaon 0003,028001, 1 ARABIC/ARBI,6,3,3,6,3,3,0,0,0
C0116,09,18,0003,Tehsil - Bhogaon 0003,040000,40 ENGLISH,6,4,2,6,4,2,0,0,0
C0116,09,18,0003,Tehsil - Bhogaon 0003,040001, 1 ENGLISH,6,4,2,6,4,2,0,0,0
C0116,09,18,0003,Tehsil - Bhogaon 0003,123000,123 OTHERS,12,5,7,11,4,7,1,1,0
C0116,09,19,0000,District - Budaun  19,001000,1 ASSAMESE,20,4,16,18,4,14,2,0,2
C0116,09,19,0000,District - Budaun  19,001002, 1 ASSAMESE,20,4,16,18,4,14,2,0,2
C0116,09,19,0000,District - Budaun  19,002000,2 BENGALI,1164,394,770,1063,353,710,101,41,60
C0116,09,19,0000,District - Budaun  19,002004, 1 BENGALI,1164,394,770,1063,353,710,101,41,60
C0116,09,19,0000,District - Budaun  19,005000,5 GUJARATI,19,7,12,19,7,12,0,0,0
C0116,09,19,0000,District - Budaun  19,005011, 1 GUJARATI,19,7,12,19,7,12,0,0,0
C0116,09,19,0000,District - Budaun  19,006000,6 HINDI,2706819,1475525,1231294,2357425,1289913,1067512,349394,185612,163782
C0116,09,19,0000,District - Budaun  19,006008, 1 AWADHI,3,1,2,3,1,2,0,0,0
C0116,09,19,0000,District - Budaun  19,006045, 2 BHOJPURI,25,9,16,13,5,8,12,4,8
C0116,09,19,0000,District - Budaun  19,006059, 3 BRAJBHASHA,371,195,176,371,195,176,0,0,0
C0116,09,19,0000,District - Budaun  19,006060, 4 BUNDELI/BUNDELKHANDI,323,31,292,288,22,266,35,9,26
C0116,09,19,0000,District - Budaun  19,006072, 5 CHHATTISGARHI,1120,588,532,1120,588,532,0,0,0
C0116,09,19,0000,District - Budaun  19,006095, 6 GARHWALI,7,2,5,6,2,4,1,0,1
C0116,09,19,0000,District - Budaun  19,006117, 7 HARYANVI,1,0,1,0,0,0,1,0,1
C0116,09,19,0000,District - Budaun  19,006118, 8 HINDI,2704137,1474272,1229865,2354837,1288695,1066142,349300,185577,163723
C0116,09,19,0000,District - Budaun  19,006127, 9 JAUNSARI,15,7,8,11,4,7,4,3,1
C0116,09,19,0000,District - Budaun  19,006148, 10 KHARI BOLI,29,13,16,29,13,16,0,0,0
C0116,09,19,0000,District - Budaun  19,006162, 11 KUMAUNI,3,1,2,2,1,1,1,0,1
C0116,09,19,0000,District - Budaun  19,006195, 12 MEWARI,35,17,18,0,0,0,35,17,18
C0116,09,19,0000,District - Budaun  19,006242, 13 RAJASTHANI,697,384,313,693,382,311,4,2,2
C0116,09,19,0000,District - Budaun  19,006999,6 Others,53,5,48,52,5,47,1,0,1
C0116,09,19,0000,District - Budaun  19,007000,7 KANNADA,4,0,4,2,0,2,2,0,2
C0116,09,19,0000,District - Budaun  19,007013, 1 KANNADA,2,0,2,0,0,0,2,0,2
C0116,09,19,0000,District - Budaun  19,007999,7 Others,2,0,2,2,0,2,0,0,0
C0116,09,19,0000,District - Budaun  19,010000,10 MAITHILI,11,6,5,2,0,2,9,6,3
C0116,09,19,0000,District - Budaun  19,010006, 1 MAITHILI,11,6,5,2,0,2,9,6,3
C0116,09,19,0000,District - Budaun  19,011000,11 MALAYALAM,33,17,16,18,10,8,15,7,8
C0116,09,19,0000,District - Budaun  19,011013, 1 MALAYALAM,33,17,16,18,10,8,15,7,8
C0116,09,19,0000,District - Budaun  19,013000,13 MARATHI,34,15,19,12,3,9,22,12,10
C0116,09,19,0000,District - Budaun  19,013048, 1 MARATHI,34,15,19,12,3,9,22,12,10
C0116,09,19,0000,District - Budaun  19,014000,14 NEPALI,7072,3734,3338,6160,3245,2915,912,489,423
C0116,09,19,0000,District - Budaun  19,014009, 1 NEPALI,7072,3734,3338,6160,3245,2915,912,489,423
C0116,09,19,0000,District - Budaun  19,015000,15 ORIYA,60,8,52,50,3,47,10,5,5
C0116,09,19,0000,District - Budaun  19,015031, 1 ORIYA,60,8,52,50,3,47,10,5,5
C0116,09,19,0000,District - Budaun  19,016000,16 PUNJABI,2056,1062,994,333,187,146,1723,875,848
C0116,09,19,0000,District - Budaun  19,016018, 1 PUNJABI,1993,1027,966,282,158,124,1711,869,842
C0116,09,19,0000,District - Budaun  19,016999,16 Others,63,35,28,51,29,22,12,6,6
C0116,09,19,0000,District - Budaun  19,017000,17 SANSKRIT,10,6,4,6,4,2,4,2,2
C0116,09,19,0000,District - Budaun  19,017002, 1 SANSKRIT,10,6,4,6,4,2,4,2,2
C0116,09,19,0000,District - Budaun  19,019000,19 SINDHI,4,2,2,4,2,2,0,0,0
C0116,09,19,0000,District - Budaun  19,019013, 1 SINDHI,4,2,2,4,2,2,0,0,0
C0116,09,19,0000,District - Budaun  19,020000,20 TAMIL,16,9,7,14,8,6,2,1,1
C0116,09,19,0000,District - Budaun  19,020020, 1 TAMIL,10,6,4,8,5,3,2,1,1
C0116,09,19,0000,District - Budaun  19,020999,20 Others,6,3,3,6,3,3,0,0,0
C0116,09,19,0000,District - Budaun  19,021000,21 TELUGU,31,9,22,25,8,17,6,1,5
C0116,09,19,0000,District - Budaun  19,021035, 1 TELUGU,31,9,22,25,8,17,6,1,5
C0116,09,19,0000,District - Budaun  19,022000,22 URDU,350934,185228,165706,146073,77626,68447,204861,107602,97259
C0116,09,19,0000,District - Budaun  19,022014, 1 URDU,350934,185228,165706,146073,77626,68447,204861,107602,97259
C0116,09,19,0000,District - Budaun  19,028000,28 ARABIC/ARBI,11,3,8,0,0,0,11,3,8
C0116,09,19,0000,District - Budaun  19,028001, 1 ARABIC/ARBI,11,3,8,0,0,0,11,3,8
C0116,09,19,0000,District - Budaun  19,040000,40 ENGLISH,15,6,9,10,4,6,5,2,3
C0116,09,19,0000,District - Budaun  19,040001, 1 ENGLISH,15,6,9,10,4,6,5,2,3
C0116,09,19,0000,District - Budaun  19,090000,90 MUNDA,148,88,60,148,88,60,0,0,0
C0116,09,19,0000,District - Budaun  19,090999,90 Others,148,88,60,148,88,60,0,0,0
C0116,09,19,0000,District - Budaun  19,116000,116 TULU,2,1,1,2,1,1,0,0,0
C0116,09,19,0000,District - Budaun  19,116009, 1 TULU,2,1,1,2,1,1,0,0,0
C0116,09,19,0000,District - Budaun  19,123000,123 OTHERS,963,545,418,906,514,392,57,31,26
C0116,09,19,0001,Tehsil - Gunnaur 0001,002000,2 BENGALI,495,244,251,488,242,246,7,2,5
C0116,09,19,0001,Tehsil - Gunnaur 0001,002004, 1 BENGALI,495,244,251,488,242,246,7,2,5
C0116,09,19,0001,Tehsil - Gunnaur 0001,005000,5 GUJARATI,17,7,10,17,7,10,0,0,0
C0116,09,19,0001,Tehsil - Gunnaur 0001,005011, 1 GUJARATI,17,7,10,17,7,10,0,0,0
C0116,09,19,0001,Tehsil - Gunnaur 0001,006000,6 HINDI,422803,230900,191903,392611,214915,177696,30192,15985,14207
C0116,09,19,0001,Tehsil - Gunnaur 0001,006045, 1 BHOJPURI,2,1,1,2,1,1,0,0,0
C0116,09,19,0001,Tehsil - Gunnaur 0001,006060, 2 BUNDELI/BUNDELKHANDI,27,3,24,22,3,19,5,0,5
C0116,09,19,0001,Tehsil - Gunnaur 0001,006095, 3 GARHWALI,1,0,1,1,0,1,0,0,0
C0116,09,19,0001,Tehsil - Gunnaur 0001,006118, 4 HINDI,422766,230896,191870,392579,214911,177668,30187,15985,14202
C0116,09,19,0001,Tehsil - Gunnaur 0001,006127, 5 JAUNSARI,1,0,1,1,0,1,0,0,0
C0116,09,19,0001,Tehsil - Gunnaur 0001,006162, 6 KUMAUNI,1,0,1,1,0,1,0,0,0
C0116,09,19,0001,Tehsil - Gunnaur 0001,006242, 7 RAJASTHANI,1,0,1,1,0,1,0,0,0
C0116,09,19,0001,Tehsil - Gunnaur 0001,006999,6 Others,4,0,4,4,0,4,0,0,0
C0116,09,19,0001,Tehsil - Gunnaur 0001,007000,7 KANNADA,3,0,3,2,0,2,1,0,1
C0116,09,19,0001,Tehsil - Gunnaur 0001,007013, 1 KANNADA,1,0,1,0,0,0,1,0,1
C0116,09,19,0001,Tehsil - Gunnaur 0001,007999,7 Others,2,0,2,2,0,2,0,0,0
C0116,09,19,0001,Tehsil - Gunnaur 0001,011000,11 MALAYALAM,13,9,4,13,9,4,0,0,0
C0116,09,19,0001,Tehsil - Gunnaur 0001,011013, 1 MALAYALAM,13,9,4,13,9,4,0,0,0
C0116,09,19,0001,Tehsil - Gunnaur 0001,013000,13 MARATHI,7,3,4,6,3,3,1,0,1
C0116,09,19,0001,Tehsil - Gunnaur 0001,013048, 1 MARATHI,7,3,4,6,3,3,1,0,1
C0116,09,19,0001,Tehsil - Gunnaur 0001,014000,14 NEPALI,836,443,393,819,434,385,17,9,8
C0116,09,19,0001,Tehsil - Gunnaur 0001,014009, 1 NEPALI,836,443,393,819,434,385,17,9,8
C0116,09,19,0001,Tehsil - Gunnaur 0001,015000,15 ORIYA,15,7,8,6,2,4,9,5,4
C0116,09,19,0001,Tehsil - Gunnaur 0001,015031, 1 ORIYA,15,7,8,6,2,4,9,5,4
C0116,09,19,0001,Tehsil - Gunnaur 0001,016000,16 PUNJABI,38,20,18,29,16,13,9,4,5
C0116,09,19,0001,Tehsil - Gunnaur 0001,016018, 1 PUNJABI,38,20,18,29,16,13,9,4,5
C0116,09,19,0001,Tehsil - Gunnaur 0001,017000,17 SANSKRIT,1,1,0,1,1,0,0,0,0
C0116,09,19,0001,Tehsil - Gunnaur 0001,017002, 1 SANSKRIT,1,1,0,1,1,0,0,0,0
C0116,09,19,0001,Tehsil - Gunnaur 0001,019000,19 SINDHI,1,1,0,1,1,0,0,0,0
C0116,09,19,0001,Tehsil - Gunnaur 0001,019013, 1 SINDHI,1,1,0,1,1,0,0,0,0
C0116,09,19,0001,Tehsil - Gunnaur 0001,020000,20 TAMIL,13,7,6,13,7,6,0,0,0
C0116,09,19,0001,Tehsil - Gunnaur 0001,020020, 1 TAMIL,7,4,3,7,4,3,0,0,0
C0116,09,19,0001,Tehsil - Gunnaur 0001,020999,20 Others,6,3,3,6,3,3,0,0,0
C0116,09,19,0001,Tehsil - Gunnaur 0001,021000,21 TELUGU,13,8,5,13,8,5,0,0,0
C0116,09,19,0001,Tehsil - Gunnaur 0001,021035, 1 TELUGU,13,8,5,13,8,5,0,0,0
C0116,09,19,0001,Tehsil - Gunnaur 0001,022000,22 URDU,14158,7469,6689,3088,1667,1421,11070,5802,5268
C0116,09,19,0001,Tehsil - Gunnaur 0001,022014, 1 URDU,14158,7469,6689,3088,1667,1421,11070,5802,5268
C0116,09,19,0001,Tehsil - Gunnaur 0001,040000,40 ENGLISH,3,1,2,3,1,2,0,0,0
C0116,09,19,0001,Tehsil - Gunnaur 0001,040001, 1 ENGLISH,3,1,2,3,1,2,0,0,0
C0116,09,19,0001,Tehsil - Gunnaur 0001,116000,116 TULU,2,1,1,2,1,1,0,0,0
C0116,09,19,0001,Tehsil - Gunnaur 0001,116009, 1 TULU,2,1,1,2,1,1,0,0,0
C0116,09,19,0001,Tehsil - Gunnaur 0001,123000,123 OTHERS,298,169,129,295,168,127,3,1,2
C0116,09,19,0002,Tehsil - Bisauli 0002,001000,1 ASSAMESE,3,0,3,1,0,1,2,0,2
C0116,09,19,0002,Tehsil - Bisauli 0002,001002, 1 ASSAMESE,3,0,3,1,0,1,2,0,2
C0116,09,19,0002,Tehsil - Bisauli 0002,002000,2 BENGALI,86,17,69,71,11,60,15,6,9
C0116,09,19,0002,Tehsil - Bisauli 0002,002004, 1 BENGALI,86,17,69,71,11,60,15,6,9
C0116,09,19,0002,Tehsil - Bisauli 0002,006000,6 HINDI,440274,238098,202176,371916,201948,169968,68358,36150,32208
C0116,09,19,0002,Tehsil - Bisauli 0002,006045, 1 BHOJPURI,5,2,3,1,1,0,4,1,3
C0116,09,19,0002,Tehsil - Bisauli 0002,006060, 2 BUNDELI/BUNDELKHANDI,44,9,35,36,5,31,8,4,4
C0116,09,19,0002,Tehsil - Bisauli 0002,006072, 3 CHHATTISGARHI,20,9,11,20,9,11,0,0,0
C0116,09,19,0002,Tehsil - Bisauli 0002,006095, 4 GARHWALI,2,0,2,2,0,2,0,0,0
C0116,09,19,0002,Tehsil - Bisauli 0002,006117, 5 HARYANVI,1,0,1,0,0,0,1,0,1
C0116,09,19,0002,Tehsil - Bisauli 0002,006118, 6 HINDI,440161,238058,202103,371853,201932,169921,68308,36126,32182
C0116,09,19,0002,Tehsil - Bisauli 0002,006127, 7 JAUNSARI,2,2,0,0,0,0,2,2,0
C0116,09,19,0002,Tehsil - Bisauli 0002,006195, 8 MEWARI,35,17,18,0,0,0,35,17,18
C0116,09,19,0002,Tehsil - Bisauli 0002,006999,6 Others,4,1,3,4,1,3,0,0,0
C0116,09,19,0002,Tehsil - Bisauli 0002,010000,10 MAITHILI,9,6,3,0,0,0,9,6,3
C0116,09,19,0002,Tehsil - Bisauli 0002,010006, 1 MAITHILI,9,6,3,0,0,0,9,6,3
C0116,09,19,0002,Tehsil - Bisauli 0002,011000,11 MALAYALAM,6,3,3,0,0,0,6,3,3
C0116,09,19,0002,Tehsil - Bisauli 0002,011013, 1 MALAYALAM,6,3,3,0,0,0,6,3,3
C0116,09,19,0002,Tehsil - Bisauli 0002,013000,13 MARATHI,1,0,1,1,0,1,0,0,0
C0116,09,19,0002,Tehsil - Bisauli 0002,013048, 1 MARATHI,1,0,1,1,0,1,0,0,0
C0116,09,19,0002,Tehsil - Bisauli 0002,014000,14 NEPALI,1044,562,482,948,509,439,96,53,43
C0116,09,19,0002,Tehsil - Bisauli 0002,014009, 1 NEPALI,1044,562,482,948,509,439,96,53,43
C0116,09,19,0002,Tehsil - Bisauli 0002,015000,15 ORIYA,8,0,8,8,0,8,0,0,0
C0116,09,19,0002,Tehsil - Bisauli 0002,015031, 1 ORIYA,8,0,8,8,0,8,0,0,0
C0116,09,19,0002,Tehsil - Bisauli 0002,016000,16 PUNJABI,23,14,9,0,0,0,23,14,9
C0116,09,19,0002,Tehsil - Bisauli 0002,016018, 1 PUNJABI,23,14,9,0,0,0,23,14,9
C0116,09,19,0002,Tehsil - Bisauli 0002,017000,17 SANSKRIT,5,3,2,5,3,2,0,0,0
C0116,09,19,0002,Tehsil - Bisauli 0002,017002, 1 SANSKRIT,5,3,2,5,3,2,0,0,0
C0116,09,19,0002,Tehsil - Bisauli 0002,021000,21 TELUGU,1,0,1,0,0,0,1,0,1
C0116,09,19,0002,Tehsil - Bisauli 0002,021035, 1 TELUGU,1,0,1,0,0,0,1,0,1
C0116,09,19,0002,Tehsil - Bisauli 0002,022000,22 URDU,53974,28397,25577,20608,10903,9705,33366,17494,15872
C0116,09,19,0002,Tehsil - Bisauli 0002,022014, 1 URDU,53974,28397,25577,20608,10903,9705,33366,17494,15872
C0116,09,19,0002,Tehsil - Bisauli 0002,028000,28 ARABIC/ARBI,2,1,1,0,0,0,2,1,1
C0116,09,19,0002,Tehsil - Bisauli 0002,028001, 1 ARABIC/ARBI,2,1,1,0,0,0,2,1,1
C0116,09,19,0002,Tehsil - Bisauli 0002,040000,40 ENGLISH,2,1,1,2,1,1,0,0,0
C0116,09,19,0002,Tehsil - Bisauli 0002,040001, 1 ENGLISH,2,1,1,2,1,1,0,0,0
C0116,09,19,0002,Tehsil - Bisauli 0002,123000,123 OTHERS,120,67,53,109,62,47,11,5,6
C0116,09,19,0003,Tehsil - Bilsi ** 0003,001000,1 ASSAMESE,2,0,2,2,0,2,0,0,0
C0116,09,19,0003,Tehsil - Bilsi ** 0003,001002, 1 ASSAMESE,2,0,2,2,0,2,0,0,0
C0116,09,19,0003,Tehsil - Bilsi ** 0003,002000,2 BENGALI,84,13,71,82,13,69,2,0,2
C0116,09,19,0003,Tehsil - Bilsi ** 0003,002004, 1 BENGALI,84,13,71,82,13,69,2,0,2
C0116,09,19,0003,Tehsil - Bilsi ** 0003,006000,6 HINDI,370319,200640,169679,341221,185290,155931,29098,15350,13748
C0116,09,19,0003,Tehsil - Bilsi ** 0003,006045, 1 BHOJPURI,1,0,1,1,0,1,0,0,0
C0116,09,19,0003,Tehsil - Bilsi ** 0003,006060, 2 BUNDELI/BUNDELKHANDI,42,4,38,39,3,36,3,1,2
C0116,09,19,0003,Tehsil - Bilsi ** 0003,006095, 3 GARHWALI,2,1,1,1,1,0,1,0,1
C0116,09,19,0003,Tehsil - Bilsi ** 0003,006118, 4 HINDI,370269,200635,169634,341175,185286,155889,29094,15349,13745
C0116,09,19,0003,Tehsil - Bilsi ** 0003,006999,6 Others,5,0,5,5,0,5,0,0,0
C0116,09,19,0003,Tehsil - Bilsi ** 0003,014000,14 NEPALI,910,495,415,865,474,391,45,21,24
C0116,09,19,0003,Tehsil - Bilsi ** 0003,014009, 1 NEPALI,910,495,415,865,474,391,45,21,24
C0116,09,19,0003,Tehsil - Bilsi ** 0003,015000,15 ORIYA,7,0,7,7,0,7,0,0,0
C0116,09,19,0003,Tehsil - Bilsi ** 0003,015031, 1 ORIYA,7,0,7,7,0,7,0,0,0
C0116,09,19,0003,Tehsil - Bilsi ** 0003,016000,16 PUNJABI,41,23,18,0,0,0,41,23,18
C0116,09,19,0003,Tehsil - Bilsi ** 0003,016018, 1 PUNJABI,40,23,17,0,0,0,40,23,17
C0116,09,19,0003,Tehsil - Bilsi ** 0003,016999,16 Others,1,0,1,0,0,0,1,0,1
C0116,09,19,0003,Tehsil - Bilsi ** 0003,020000,20 TAMIL,1,1,0,1,1,0,0,0,0
C0116,09,19,0003,Tehsil - Bilsi ** 0003,020020, 1 TAMIL,1,1,0,1,1,0,0,0,0
C0116,09,19,0003,Tehsil - Bilsi ** 0003,022000,22 URDU,4167,2191,1976,2672,1405,1267,1495,786,709
C0116,09,19,0003,Tehsil - Bilsi ** 0003,022014, 1 URDU,4167,2191,1976,2672,1405,1267,1495,786,709
C0116,09,19,0003,Tehsil - Bilsi ** 0003,040000,40 ENGLISH,1,1,0,1,1,0,0,0,0
C0116,09,19,0003,Tehsil - Bilsi ** 0003,040001, 1 ENGLISH,1,1,0,1,1,0,0,0,0
C0116,09,19,0003,Tehsil - Bilsi ** 0003,123000,123 OTHERS,50,25,25,50,25,25,0,0,0
C0116,09,19,0004,Tehsil - Sahaswan 0004,001000,1 ASSAMESE,2,0,2,2,0,2,0,0,0
C0116,09,19,0004,Tehsil - Sahaswan 0004,001002, 1 ASSAMESE,2,0,2,2,0,2,0,0,0
C0116,09,19,0004,Tehsil - Sahaswan 0004,002000,2 BENGALI,45,4,41,40,4,36,5,0,5
C0116,09,19,0004,Tehsil - Sahaswan 0004,002004, 1 BENGALI,45,4,41,40,4,36,5,0,5
C0116,09,19,0004,Tehsil - Sahaswan 0004,006000,6 HINDI,289182,157940,131242,265646,145494,120152,23536,12446,11090
C0116,09,19,0004,Tehsil - Sahaswan 0004,006045, 1 BHOJPURI,6,2,4,0,0,0,6,2,4
C0116,09,19,0004,Tehsil - Sahaswan 0004,006060, 2 BUNDELI/BUNDELKHANDI,26,0,26,25,0,25,1,0,1
C0116,09,19,0004,Tehsil - Sahaswan 0004,006118, 3 HINDI,289142,157937,131205,265613,145493,120120,23529,12444,11085
C0116,09,19,0004,Tehsil - Sahaswan 0004,006127, 4 JAUNSARI,2,1,1,2,1,1,0,0,0
C0116,09,19,0004,Tehsil - Sahaswan 0004,006999,6 Others,6,0,6,6,0,6,0,0,0
C0116,09,19,0004,Tehsil - Sahaswan 0004,011000,11 MALAYALAM,1,0,1,0,0,0,1,0,1
C0116,09,19,0004,Tehsil - Sahaswan 0004,011013, 1 MALAYALAM,1,0,1,0,0,0,1,0,1
C0116,09,19,0004,Tehsil - Sahaswan 0004,014000,14 NEPALI,763,407,356,671,354,317,92,53,39
C0116,09,19,0004,Tehsil - Sahaswan 0004,014009, 1 NEPALI,763,407,356,671,354,317,92,53,39
C0116,09,19,0004,Tehsil - Sahaswan 0004,015000,15 ORIYA,9,1,8,9,1,8,0,0,0
C0116,09,19,0004,Tehsil - Sahaswan 0004,015031, 1 ORIYA,9,1,8,9,1,8,0,0,0
C0116,09,19,0004,Tehsil - Sahaswan 0004,022000,22 URDU,59248,30982,28266,24706,13063,11643,34542,17919,16623
C0116,09,19,0004,Tehsil - Sahaswan 0004,022014, 1 URDU,59248,30982,28266,24706,13063,11643,34542,17919,16623
C0116,09,19,0004,Tehsil - Sahaswan 0004,040000,40 ENGLISH,3,1,2,0,0,0,3,1,2
C0116,09,19,0004,Tehsil - Sahaswan 0004,040001, 1 ENGLISH,3,1,2,0,0,0,3,1,2
C0116,09,19,0004,Tehsil - Sahaswan 0004,123000,123 OTHERS,227,136,91,222,133,89,5,3,2
C0116,09,19,0005,Tehsil - Budaun 0005,001000,1 ASSAMESE,12,4,8,12,4,8,0,0,0
C0116,09,19,0005,Tehsil - Budaun 0005,001002, 1 ASSAMESE,12,4,8,12,4,8,0,0,0
C0116,09,19,0005,Tehsil - Budaun 0005,002000,2 BENGALI,184,42,142,136,19,117,48,23,25
C0116,09,19,0005,Tehsil - Budaun 0005,002004, 1 BENGALI,184,42,142,136,19,117,48,23,25
C0116,09,19,0005,Tehsil - Budaun 0005,005000,5 GUJARATI,2,0,2,2,0,2,0,0,0
C0116,09,19,0005,Tehsil - Budaun 0005,005011, 1 GUJARATI,2,0,2,2,0,2,0,0,0
C0116,09,19,0005,Tehsil - Budaun 0005,006000,6 HINDI,683321,371390,311931,535399,292545,242854,147922,78845,69077
C0116,09,19,0005,Tehsil - Budaun 0005,006008, 1 AWADHI,3,1,2,3,1,2,0,0,0
C0116,09,19,0005,Tehsil - Budaun 0005,006045, 2 BHOJPURI,7,2,5,5,1,4,2,1,1
C0116,09,19,0005,Tehsil - Budaun 0005,006059, 3 BRAJBHASHA,371,195,176,371,195,176,0,0,0
C0116,09,19,0005,Tehsil - Budaun 0005,006060, 4 BUNDELI/BUNDELKHANDI,83,6,77,69,5,64,14,1,13
C0116,09,19,0005,Tehsil - Budaun 0005,006072, 5 CHHATTISGARHI,1003,527,476,1003,527,476,0,0,0
C0116,09,19,0005,Tehsil - Budaun 0005,006118, 6 HINDI,681133,370269,310864,533234,291429,241805,147899,78840,69059
C0116,09,19,0005,Tehsil - Budaun 0005,006127, 7 JAUNSARI,6,2,4,4,1,3,2,1,1
C0116,09,19,0005,Tehsil - Budaun 0005,006162, 8 KUMAUNI,1,1,0,1,1,0,0,0,0
C0116,09,19,0005,Tehsil - Budaun 0005,006242, 9 RAJASTHANI,696,384,312,692,382,310,4,2,2
C0116,09,19,0005,Tehsil - Budaun 0005,006999,6 Others,18,3,15,17,3,14,1,0,1
C0116,09,19,0005,Tehsil - Budaun 0005,010000,10 MAITHILI,2,0,2,2,0,2,0,0,0
C0116,09,19,0005,Tehsil - Budaun 0005,010006, 1 MAITHILI,2,0,2,2,0,2,0,0,0
C0116,09,19,0005,Tehsil - Budaun 0005,011000,11 MALAYALAM,10,4,6,5,1,4,5,3,2
C0116,09,19,0005,Tehsil - Budaun 0005,011013, 1 MALAYALAM,10,4,6,5,1,4,5,3,2
C0116,09,19,0005,Tehsil - Budaun 0005,013000,13 MARATHI,26,12,14,5,0,5,21,12,9
C0116,09,19,0005,Tehsil - Budaun 0005,013048, 1 MARATHI,26,12,14,5,0,5,21,12,9
C0116,09,19,0005,Tehsil - Budaun 0005,014000,14 NEPALI,2160,1144,1016,1641,856,785,519,288,231
C0116,09,19,0005,Tehsil - Budaun 0005,014009, 1 NEPALI,2160,1144,1016,1641,856,785,519,288,231
C0116,09,19,0005,Tehsil - Budaun 0005,015000,15 ORIYA,6,0,6,5,0,5,1,0,1
C0116,09,19,0005,Tehsil - Budaun 0005,015031, 1 ORIYA,6,0,6,5,0,5,1,0,1
C0116,09,19,0005,Tehsil - Budaun 0005,016000,16 PUNJABI,1660,840,820,28,17,11,1632,823,809
C0116,09,19,0005,Tehsil - Budaun 0005,016018, 1 PUNJABI,1649,834,815,28,17,11,1621,817,804
C0116,09,19,0005,Tehsil - Budaun 0005,016999,16 Others,11,6,5,0,0,0,11,6,5
C0116,09,19,0005,Tehsil - Budaun 0005,017000,17 SANSKRIT,4,2,2,0,0,0,4,2,2
C0116,09,19,0005,Tehsil - Budaun 0005,017002, 1 SANSKRIT,4,2,2,0,0,0,4,2,2
C0116,09,19,0005,Tehsil - Budaun 0005,019000,19 SINDHI,2,1,1,2,1,1,0,0,0
C0116,09,19,0005,Tehsil - Budaun 0005,019013, 1 SINDHI,2,1,1,2,1,1,0,0,0
C0116,09,19,0005,Tehsil - Budaun 0005,020000,20 TAMIL,2,1,1,0,0,0,2,1,1
C0116,09,19,0005,Tehsil - Budaun 0005,020020, 1 TAMIL,2,1,1,0,0,0,2,1,1
C0116,09,19,0005,Tehsil - Budaun 0005,021000,21 TELUGU,4,0,4,4,0,4,0,0,0
C0116,09,19,0005,Tehsil - Budaun 0005,021035, 1 TELUGU,4,0,4,4,0,4,0,0,0
C0116,09,19,0005,Tehsil - Budaun 0005,022000,22 URDU,152525,80513,72012,75352,39998,35354,77173,40515,36658
C0116,09,19,0005,Tehsil - Budaun 0005,022014, 1 URDU,152525,80513,72012,75352,39998,35354,77173,40515,36658
C0116,09,19,0005,Tehsil - Budaun 0005,028000,28 ARABIC/ARBI,9,2,7,0,0,0,9,2,7
C0116,09,19,0005,Tehsil - Budaun 0005,028001, 1 ARABIC/ARBI,9,2,7,0,0,0,9,2,7
C0116,09,19,0005,Tehsil - Budaun 0005,040000,40 ENGLISH,4,2,2,2,1,1,2,1,1
C0116,09,19,0005,Tehsil - Budaun 0005,040001, 1 ENGLISH,4,2,2,2,1,1,2,1,1
C0116,09,19,0005,Tehsil - Budaun 0005,090000,90 MUNDA,148,88,60,148,88,60,0,0,0
C0116,09,19,0005,Tehsil - Budaun 0005,090999,90 Others,148,88,60,148,88,60,0,0,0
C0116,09,19,0005,Tehsil - Budaun 0005,123000,123 OTHERS,73,39,34,35,17,18,38,22,16
C0116,09,19,0006,Tehsil - Dataganj 0006,001000,1 ASSAMESE,1,0,1,1,0,1,0,0,0
C0116,09,19,0006,Tehsil - Dataganj 0006,001002, 1 ASSAMESE,1,0,1,1,0,1,0,0,0
C0116,09,19,0006,Tehsil - Dataganj 0006,002000,2 BENGALI,270,74,196,246,64,182,24,10,14
C0116,09,19,0006,Tehsil - Dataganj 0006,002004, 1 BENGALI,270,74,196,246,64,182,24,10,14
C0116,09,19,0006,Tehsil - Dataganj 0006,006000,6 HINDI,500920,276557,224363,450632,249721,200911,50288,26836,23452
C0116,09,19,0006,Tehsil - Dataganj 0006,006045, 1 BHOJPURI,4,2,2,4,2,2,0,0,0
C0116,09,19,0006,Tehsil - Dataganj 0006,006060, 2 BUNDELI/BUNDELKHANDI,101,9,92,97,6,91,4,3,1
C0116,09,19,0006,Tehsil - Dataganj 0006,006072, 3 CHHATTISGARHI,97,52,45,97,52,45,0,0,0
C0116,09,19,0006,Tehsil - Dataganj 0006,006095, 4 GARHWALI,2,1,1,2,1,1,0,0,0
C0116,09,19,0006,Tehsil - Dataganj 0006,006118, 5 HINDI,500666,276477,224189,450383,249644,200739,50283,26833,23450
C0116,09,19,0006,Tehsil - Dataganj 0006,006127, 6 JAUNSARI,4,2,2,4,2,2,0,0,0
C0116,09,19,0006,Tehsil - Dataganj 0006,006148, 7 KHARI BOLI,29,13,16,29,13,16,0,0,0
C0116,09,19,0006,Tehsil - Dataganj 0006,006162, 8 KUMAUNI,1,0,1,0,0,0,1,0,1
C0116,09,19,0006,Tehsil - Dataganj 0006,006999,6 Others,16,1,15,16,1,15,0,0,0
C0116,09,19,0006,Tehsil - Dataganj 0006,007000,7 KANNADA,1,0,1,0,0,0,1,0,1
C0116,09,19,0006,Tehsil - Dataganj 0006,007013, 1 KANNADA,1,0,1,0,0,0,1,0,1
C0116,09,19,0006,Tehsil - Dataganj 0006,011000,11 MALAYALAM,3,1,2,0,0,0,3,1,2
C0116,09,19,0006,Tehsil - Dataganj 0006,011013, 1 MALAYALAM,3,1,2,0,0,0,3,1,2
C0116,09,19,0006,Tehsil - Dataganj 0006,014000,14 NEPALI,1359,683,676,1216,618,598,143,65,78
C0116,09,19,0006,Tehsil - Dataganj 0006,014009, 1 NEPALI,1359,683,676,1216,618,598,143,65,78
C0116,09,19,0006,Tehsil - Dataganj 0006,015000,15 ORIYA,15,0,15,15,0,15,0,0,0
C0116,09,19,0006,Tehsil - Dataganj 0006,015031, 1 ORIYA,15,0,15,15,0,15,0,0,0
C0116,09,19,0006,Tehsil - Dataganj 0006,016000,16 PUNJABI,294,165,129,276,154,122,18,11,7
C0116,09,19,0006,Tehsil - Dataganj 0006,016018, 1 PUNJABI,243,136,107,225,125,100,18,11,7
C0116,09,19,0006,Tehsil - Dataganj 0006,016999,16 Others,51,29,22,51,29,22,0,0,0
C0116,09,19,0006,Tehsil - Dataganj 0006,019000,19 SINDHI,1,0,1,1,0,1,0,0,0
C0116,09,19,0006,Tehsil - Dataganj 0006,019013, 1 SINDHI,1,0,1,1,0,1,0,0,0
C0116,09,19,0006,Tehsil - Dataganj 0006,021000,21 TELUGU,13,1,12,8,0,8,5,1,4
C0116,09,19,0006,Tehsil - Dataganj 0006,021035, 1 TELUGU,13,1,12,8,0,8,5,1,4
C0116,09,19,0006,Tehsil - Dataganj 0006,022000,22 URDU,66862,35676,31186,19647,10590,9057,47215,25086,22129
C0116,09,19,0006,Tehsil - Dataganj 0006,022014, 1 URDU,66862,35676,31186,19647,10590,9057,47215,25086,22129
C0116,09,19,0006,Tehsil - Dataganj 0006,040000,40 ENGLISH,2,0,2,2,0,2,0,0,0
C0116,09,19,0006,Tehsil - Dataganj 0006,040001, 1 ENGLISH,2,0,2,2,0,2,0,0,0
C0116,09,19,0006,Tehsil - Dataganj 0006,123000,123 OTHERS,195,109,86,195,109,86,0,0,0
C0116,09,20,0000,District - Bareilly  20,001000,1 ASSAMESE,158,106,52,27,11,16,131,95,36
C0116,09,20,0000,District - Bareilly  20,001002, 1 ASSAMESE,158,106,52,27,11,16,131,95,36
C0116,09,20,0000,District - Bareilly  20,002000,2 BENGALI,7025,3362,3663,5463,2494,2969,1562,868,694
C0116,09,20,0000,District - Bareilly  20,002004, 1 BENGALI,7025,3362,3663,5463,2494,2969,1562,868,694
C0116,09,20,0000,District - Bareilly  20,004000,4 DOGRI,110,92,18,34,29,5,76,63,13
C0116,09,20,0000,District - Bareilly  20,004001, 1 DOGRI,110,92,18,34,29,5,76,63,13
C0116,09,20,0000,District - Bareilly  20,005000,5 GUJARATI,448,268,180,311,168,143,137,100,37
C0116,09,20,0000,District - Bareilly  20,005011, 1 GUJARATI,448,268,180,311,168,143,137,100,37
C0116,09,20,0000,District - Bareilly  20,006000,6 HINDI,3038173,1629666,1408507,2222940,1196225,1026715,815233,433441,381792
C0116,09,20,0000,District - Bareilly  20,006008, 1 AWADHI,16,9,7,1,0,1,15,9,6
C0116,09,20,0000,District - Bareilly  20,006038, 2 BHADRAWAHI,1,0,1,0,0,0,1,0,1
C0116,09,20,0000,District - Bareilly  20,006045, 3 BHOJPURI,1541,1048,493,131,76,55,1410,972,438
C0116,09,20,0000,District - Bareilly  20,006059, 4 BRAJBHASHA,7,2,5,5,0,5,2,2,0
C0116,09,20,0000,District - Bareilly  20,006060, 5 BUNDELI/BUNDELKHANDI,654,109,545,494,34,460,160,75,85
C0116,09,20,0000,District - Bareilly  20,006072, 6 CHHATTISGARHI,208,108,100,208,108,100,0,0,0
C0116,09,20,0000,District - Bareilly  20,006095, 7 GARHWALI,528,349,179,124,58,66,404,291,113
C0116,09,20,0000,District - Bareilly  20,006117, 8 HARYANVI,210,173,37,74,54,20,136,119,17
C0116,09,20,0000,District - Bareilly  20,006118, 9 HINDI,3032462,1626463,1405999,2221381,1195650,1025731,811081,430813,380268
C0116,09,20,0000,District - Bareilly  20,006127, 10 JAUNSARI,38,19,19,17,8,9,21,11,10
C0116,09,20,0000,District - Bareilly  20,006138, 11 KANGRI,3,2,1,0,0,0,3,2,1
C0116,09,20,0000,District - Bareilly  20,006162, 12 KUMAUNI,1309,720,589,126,68,58,1183,652,531
C0116,09,20,0000,District - Bareilly  20,006179, 13 MAGADHI/MAGAHI,4,2,2,0,0,0,4,2,2
C0116,09,20,0000,District - Bareilly  20,006187, 14 MALVI,2,2,0,0,0,0,2,2,0
C0116,09,20,0000,District - Bareilly  20,006192, 15 MARWARI,78,47,31,39,22,17,39,25,14
C0116,09,20,0000,District - Bareilly  20,006195, 16 MEWARI,1,1,0,1,1,0,0,0,0
C0116,09,20,0000,District - Bareilly  20,006196, 17 MEWATI,1,1,0,0,0,0,1,1,0
C0116,09,20,0000,District - Bareilly  20,006213, 18 PAHARI,146,82,64,38,22,16,108,60,48
C0116,09,20,0000,District - Bareilly  20,006224, 19 PANCH PARGANIA,3,2,1,3,2,1,0,0,0
C0116,09,20,0000,District - Bareilly  20,006242, 20 RAJASTHANI,248,165,83,19,10,9,229,155,74
C0116,09,20,0000,District - Bareilly  20,006251, 21 SADAN/SADRI,2,1,1,0,0,0,2,1,1
C0116,09,20,0000,District - Bareilly  20,006999,6 Others,711,361,350,279,112,167,432,249,183
C0116,09,20,0000,District - Bareilly  20,007000,7 KANNADA,100,70,30,24,13,11,76,57,19
C0116,09,20,0000,District - Bareilly  20,007013, 1 KANNADA,100,70,30,24,13,11,76,57,19
C0116,09,20,0000,District - Bareilly  20,008000,8 KASHMIRI,55,47,8,1,1,0,54,46,8
C0116,09,20,0000,District - Bareilly  20,008002, 1 KASHMIRI,55,47,8,1,1,0,54,46,8
C0116,09,20,0000,District - Bareilly  20,009000,9 KONKANI,10,2,8,0,0,0,10,2,8
C0116,09,20,0000,District - Bareilly  20,009010, 1 KONKANI,10,2,8,0,0,0,10,2,8
C0116,09,20,0000,District - Bareilly  20,010000,10 MAITHILI,61,34,27,16,7,9,45,27,18
C0116,09,20,0000,District - Bareilly  20,010006, 1 MAITHILI,61,34,27,16,7,9,45,27,18
C0116,09,20,0000,District - Bareilly  20,011000,11 MALAYALAM,518,320,198,76,38,38,442,282,160
C0116,09,20,0000,District - Bareilly  20,011013, 1 MALAYALAM,515,319,196,74,37,37,441,282,159
C0116,09,20,0000,District - Bareilly  20,011999,11 Others,3,1,2,2,1,1,1,0,1
C0116,09,20,0000,District - Bareilly  20,012000,12 MANIPURI,16,15,1,0,0,0,16,15,1
C0116,09,20,0000,District - Bareilly  20,012002, 1 MANIPURI,16,15,1,0,0,0,16,15,1
C0116,09,20,0000,District - Bareilly  20,013000,13 MARATHI,581,416,165,51,24,27,530,392,138
C0116,09,20,0000,District - Bareilly  20,013048, 1 MARATHI,581,416,165,51,24,27,530,392,138
C0116,09,20,0000,District - Bareilly  20,014000,14 NEPALI,10547,6013,4534,7421,4219,3202,3126,1794,1332
C0116,09,20,0000,District - Bareilly  20,014009, 1 NEPALI,10544,6012,4532,7421,4219,3202,3123,1793,1330
C0116,09,20,0000,District - Bareilly  20,014999,14 Others,3,1,2,0,0,0,3,1,2
C0116,09,20,0000,District - Bareilly  20,015000,15 ORIYA,424,282,142,82,53,29,342,229,113
C0116,09,20,0000,District - Bareilly  20,015031, 1 ORIYA,424,282,142,82,53,29,342,229,113
C0116,09,20,0000,District - Bareilly  20,016000,16 PUNJABI,25396,13550,11846,15892,8486,7406,9504,5064,4440
C0116,09,20,0000,District - Bareilly  20,016018, 1 PUNJABI,24589,13118,11471,15218,8120,7098,9371,4998,4373
C0116,09,20,0000,District - Bareilly  20,016999,16 Others,807,432,375,674,366,308,133,66,67
C0116,09,20,0000,District - Bareilly  20,017000,17 SANSKRIT,4,4,0,0,0,0,4,4,0
C0116,09,20,0000,District - Bareilly  20,017002, 1 SANSKRIT,4,4,0,0,0,0,4,4,0
C0116,09,20,0000,District - Bareilly  20,018000,18 SANTALI,20,12,8,1,1,0,19,11,8
C0116,09,20,0000,District - Bareilly  20,018013, 1 SANTALI,20,12,8,1,1,0,19,11,8
C0116,09,20,0000,District - Bareilly  20,019000,19 SINDHI,1010,532,478,13,8,5,997,524,473
C0116,09,20,0000,District - Bareilly  20,019013, 1 SINDHI,1010,532,478,13,8,5,997,524,473
C0116,09,20,0000,District - Bareilly  20,020000,20 TAMIL,433,313,120,89,49,40,344,264,80
C0116,09,20,0000,District - Bareilly  20,020020, 1 TAMIL,426,311,115,88,49,39,338,262,76
C0116,09,20,0000,District - Bareilly  20,020999,20 Others,7,2,5,1,0,1,6,2,4
C0116,09,20,0000,District - Bareilly  20,021000,21 TELUGU,354,238,116,43,19,24,311,219,92
C0116,09,20,0000,District - Bareilly  20,021035, 1 TELUGU,354,238,116,43,19,24,311,219,92
C0116,09,20,0000,District - Bareilly  20,022000,22 URDU,532592,278461,254131,174485,91654,82831,358107,186807,171300
C0116,09,20,0000,District - Bareilly  20,022014, 1 URDU,532591,278460,254131,174485,91654,82831,358106,186806,171300
C0116,09,20,0000,District - Bareilly  20,022999,22 Others,1,1,0,0,0,0,1,1,0
C0116,09,20,0000,District - Bareilly  20,028000,28 ARABIC/ARBI,67,43,24,15,9,6,52,34,18
C0116,09,20,0000,District - Bareilly  20,028001, 1 ARABIC/ARBI,67,43,24,15,9,6,52,34,18
C0116,09,20,0000,District - Bareilly  20,030000,30 BHILI/BHILODI,7,2,5,0,0,0,7,2,5
C0116,09,20,0000,District - Bareilly  20,030027, 1 KOKNA/KOKNI/KUKNA,7,2,5,0,0,0,7,2,5
C0116,09,20,0000,District - Bareilly  20,040000,40 ENGLISH,47,17,30,6,3,3,41,14,27
C0116,09,20,0000,District - Bareilly  20,040001, 1 ENGLISH,47,17,30,6,3,3,41,14,27
C0116,09,20,0000,District - Bareilly  20,053000,53 KHANDESHI,1,1,0,0,0,0,1,1,0
C0116,09,20,0000,District - Bareilly  20,053005, 1 GUJARI,1,1,0,0,0,0,1,1,0
C0116,09,20,0000,District - Bareilly  20,072000,72 KURUKH/ORAON,6,4,2,0,0,0,6,4,2
C0116,09,20,0000,District - Bareilly  20,072009, 1 KURUKH/ORAON,6,4,2,0,0,0,6,4,2
C0116,09,20,0000,District - Bareilly  20,082000,82 LUSHAI/MIZO,1,1,0,0,0,0,1,1,0
C0116,09,20,0000,District - Bareilly  20,082003, 1 LUSHAI/MIZO,1,1,0,0,0,0,1,1,0
C0116,09,20,0000,District - Bareilly  20,091000,91 MUNDARI,7,6,1,0,0,0,7,6,1
C0116,09,20,0000,District - Bareilly  20,091004, 1 MUNDARI,7,6,1,0,0,0,7,6,1
C0116,09,20,0000,District - Bareilly  20,116000,116 TULU,3,2,1,0,0,0,3,2,1
C0116,09,20,0000,District - Bareilly  20,116009, 1 TULU,3,2,1,0,0,0,3,2,1
C0116,09,20,0000,District - Bareilly  20,123000,123 OTHERS,415,240,175,149,79,70,266,161,105
C0116,09,20,0001,Tehsil - Baheri 0001,001000,1 ASSAMESE,3,1,2,0,0,0,3,1,2
C0116,09,20,0001,Tehsil - Baheri 0001,001002, 1 ASSAMESE,3,1,2,0,0,0,3,1,2
C0116,09,20,0001,Tehsil - Baheri 0001,002000,2 BENGALI,4279,2121,2158,4223,2106,2117,56,15,41
C0116,09,20,0001,Tehsil - Baheri 0001,002004, 1 BENGALI,4279,2121,2158,4223,2106,2117,56,15,41
C0116,09,20,0001,Tehsil - Baheri 0001,005000,5 GUJARATI,48,26,22,1,0,1,47,26,21
C0116,09,20,0001,Tehsil - Baheri 0001,005011, 1 GUJARATI,48,26,22,1,0,1,47,26,21
C0116,09,20,0001,Tehsil - Baheri 0001,006000,6 HINDI,448265,237608,210657,393871,208548,185323,54394,29060,25334
C0116,09,20,0001,Tehsil - Baheri 0001,006045, 1 BHOJPURI,983,684,299,16,14,2,967,670,297
C0116,09,20,0001,Tehsil - Baheri 0001,006060, 2 BUNDELI/BUNDELKHANDI,117,13,104,107,9,98,10,4,6
C0116,09,20,0001,Tehsil - Baheri 0001,006095, 3 GARHWALI,66,39,27,13,6,7,53,33,20
C0116,09,20,0001,Tehsil - Baheri 0001,006117, 4 HARYANVI,3,2,1,0,0,0,3,2,1
C0116,09,20,0001,Tehsil - Baheri 0001,006118, 5 HINDI,446880,236752,210128,393660,208478,185182,53220,28274,24946
C0116,09,20,0001,Tehsil - Baheri 0001,006127, 6 JAUNSARI,4,2,2,4,2,2,0,0,0
C0116,09,20,0001,Tehsil - Baheri 0001,006138, 7 KANGRI,3,2,1,0,0,0,3,2,1
C0116,09,20,0001,Tehsil - Baheri 0001,006162, 8 KUMAUNI,122,67,55,10,6,4,112,61,51
C0116,09,20,0001,Tehsil - Baheri 0001,006213, 9 PAHARI,9,4,5,0,0,0,9,4,5
C0116,09,20,0001,Tehsil - Baheri 0001,006242, 10 RAJASTHANI,14,7,7,9,5,4,5,2,3
C0116,09,20,0001,Tehsil - Baheri 0001,006999,6 Others,64,36,28,52,28,24,12,8,4
C0116,09,20,0001,Tehsil - Baheri 0001,007000,7 KANNADA,4,2,2,3,2,1,1,0,1
C0116,09,20,0001,Tehsil - Baheri 0001,007013, 1 KANNADA,4,2,2,3,2,1,1,0,1
C0116,09,20,0001,Tehsil - Baheri 0001,008000,8 KASHMIRI,35,35,0,0,0,0,35,35,0
C0116,09,20,0001,Tehsil - Baheri 0001,008002, 1 KASHMIRI,35,35,0,0,0,0,35,35,0
C0116,09,20,0001,Tehsil - Baheri 0001,009000,9 KONKANI,5,0,5,0,0,0,5,0,5
C0116,09,20,0001,Tehsil - Baheri 0001,009010, 1 KONKANI,5,0,5,0,0,0,5,0,5
C0116,09,20,0001,Tehsil - Baheri 0001,011000,11 MALAYALAM,4,2,2,0,0,0,4,2,2
C0116,09,20,0001,Tehsil - Baheri 0001,011013, 1 MALAYALAM,4,2,2,0,0,0,4,2,2
C0116,09,20,0001,Tehsil - Baheri 0001,013000,13 MARATHI,17,6,11,8,1,7,9,5,4
C0116,09,20,0001,Tehsil - Baheri 0001,013048, 1 MARATHI,17,6,11,8,1,7,9,5,4
C0116,09,20,0001,Tehsil - Baheri 0001,014000,14 NEPALI,1313,745,568,1175,664,511,138,81,57
C0116,09,20,0001,Tehsil - Baheri 0001,014009, 1 NEPALI,1313,745,568,1175,664,511,138,81,57
C0116,09,20,0001,Tehsil - Baheri 0001,015000,15 ORIYA,6,3,3,3,3,0,3,0,3
C0116,09,20,0001,Tehsil - Baheri 0001,015031, 1 ORIYA,6,3,3,3,3,0,3,0,3
C0116,09,20,0001,Tehsil - Baheri 0001,016000,16 PUNJABI,11058,5840,5218,10504,5546,4958,554,294,260
C0116,09,20,0001,Tehsil - Baheri 0001,016018, 1 PUNJABI,10824,5713,5111,10272,5420,4852,552,293,259
C0116,09,20,0001,Tehsil - Baheri 0001,016999,16 Others,234,127,107,232,126,106,2,1,1
C0116,09,20,0001,Tehsil - Baheri 0001,020000,20 TAMIL,4,2,2,1,1,0,3,1,2
C0116,09,20,0001,Tehsil - Baheri 0001,020020, 1 TAMIL,4,2,2,1,1,0,3,1,2
C0116,09,20,0001,Tehsil - Baheri 0001,021000,21 TELUGU,1,1,0,1,1,0,0,0,0
C0116,09,20,0001,Tehsil - Baheri 0001,021035, 1 TELUGU,1,1,0,1,1,0,0,0,0
C0116,09,20,0001,Tehsil - Baheri 0001,022000,22 URDU,93189,48839,44350,35568,18692,16876,57621,30147,27474
C0116,09,20,0001,Tehsil - Baheri 0001,022014, 1 URDU,93189,48839,44350,35568,18692,16876,57621,30147,27474
C0116,09,20,0001,Tehsil - Baheri 0001,028000,28 ARABIC/ARBI,10,8,2,6,6,0,4,2,2
C0116,09,20,0001,Tehsil - Baheri 0001,028001, 1 ARABIC/ARBI,10,8,2,6,6,0,4,2,2
C0116,09,20,0001,Tehsil - Baheri 0001,123000,123 OTHERS,106,54,52,97,50,47,9,4,5
C0116,09,20,0002,Tehsil - Meerganj 0002,001000,1 ASSAMESE,26,11,15,25,11,14,1,0,1
C0116,09,20,0002,Tehsil - Meerganj 0002,001002, 1 ASSAMESE,26,11,15,25,11,14,1,0,1
C0116,09,20,0002,Tehsil - Meerganj 0002,002000,2 BENGALI,696,294,402,666,285,381,30,9,21
C0116,09,20,0002,Tehsil - Meerganj 0002,002004, 1 BENGALI,696,294,402,666,285,381,30,9,21
C0116,09,20,0002,Tehsil - Meerganj 0002,004000,4 DOGRI,34,29,5,34,29,5,0,0,0
C0116,09,20,0002,Tehsil - Meerganj 0002,004001, 1 DOGRI,34,29,5,34,29,5,0,0,0
C0116,09,20,0002,Tehsil - Meerganj 0002,005000,5 GUJARATI,306,166,140,306,166,140,0,0,0
C0116,09,20,0002,Tehsil - Meerganj 0002,005011, 1 GUJARATI,306,166,140,306,166,140,0,0,0
C0116,09,20,0002,Tehsil - Meerganj 0002,006000,6 HINDI,370089,199678,170411,326806,176889,149917,43283,22789,20494
C0116,09,20,0002,Tehsil - Meerganj 0002,006045, 1 BHOJPURI,59,29,30,58,28,30,1,1,0
C0116,09,20,0002,Tehsil - Meerganj 0002,006059, 2 BRAJBHASHA,5,0,5,5,0,5,0,0,0
C0116,09,20,0002,Tehsil - Meerganj 0002,006060, 3 BUNDELI/BUNDELKHANDI,113,10,103,105,5,100,8,5,3
C0116,09,20,0002,Tehsil - Meerganj 0002,006072, 4 CHHATTISGARHI,56,33,23,56,33,23,0,0,0
C0116,09,20,0002,Tehsil - Meerganj 0002,006095, 5 GARHWALI,81,39,42,79,37,42,2,2,0
C0116,09,20,0002,Tehsil - Meerganj 0002,006117, 6 HARYANVI,31,20,11,31,20,11,0,0,0
C0116,09,20,0002,Tehsil - Meerganj 0002,006118, 7 HINDI,369562,199465,170097,326296,176688,149608,43266,22777,20489
C0116,09,20,0002,Tehsil - Meerganj 0002,006127, 8 JAUNSARI,6,2,4,4,1,3,2,1,1
C0116,09,20,0002,Tehsil - Meerganj 0002,006162, 9 KUMAUNI,70,34,36,70,34,36,0,0,0
C0116,09,20,0002,Tehsil - Meerganj 0002,006192, 10 MARWARI,39,22,17,39,22,17,0,0,0
C0116,09,20,0002,Tehsil - Meerganj 0002,006195, 11 MEWARI,1,1,0,1,1,0,0,0,0
C0116,09,20,0002,Tehsil - Meerganj 0002,006213, 12 PAHARI,4,3,1,4,3,1,0,0,0
C0116,09,20,0002,Tehsil - Meerganj 0002,006224, 13 PANCH PARGANIA,3,2,1,3,2,1,0,0,0
C0116,09,20,0002,Tehsil - Meerganj 0002,006242, 14 RAJASTHANI,12,8,4,9,5,4,3,3,0
C0116,09,20,0002,Tehsil - Meerganj 0002,006999,6 Others,47,10,37,46,10,36,1,0,1
C0116,09,20,0002,Tehsil - Meerganj 0002,007000,7 KANNADA,19,10,9,16,8,8,3,2,1
C0116,09,20,0002,Tehsil - Meerganj 0002,007013, 1 KANNADA,19,10,9,16,8,8,3,2,1
C0116,09,20,0002,Tehsil - Meerganj 0002,010000,10 MAITHILI,16,7,9,16,7,9,0,0,0
C0116,09,20,0002,Tehsil - Meerganj 0002,010006, 1 MAITHILI,16,7,9,16,7,9,0,0,0
C0116,09,20,0002,Tehsil - Meerganj 0002,011000,11 MALAYALAM,49,25,24,42,22,20,7,3,4
C0116,09,20,0002,Tehsil - Meerganj 0002,011013, 1 MALAYALAM,47,24,23,40,21,19,7,3,4
C0116,09,20,0002,Tehsil - Meerganj 0002,011999,11 Others,2,1,1,2,1,1,0,0,0
C0116,09,20,0002,Tehsil - Meerganj 0002,013000,13 MARATHI,31,17,14,28,16,12,3,1,2
C0116,09,20,0002,Tehsil - Meerganj 0002,013048, 1 MARATHI,31,17,14,28,16,12,3,1,2
C0116,09,20,0002,Tehsil - Meerganj 0002,014000,14 NEPALI,1168,694,474,1049,623,426,119,71,48
C0116,09,20,0002,Tehsil - Meerganj 0002,014009, 1 NEPALI,1168,694,474,1049,623,426,119,71,48
C0116,09,20,0002,Tehsil - Meerganj 0002,015000,15 ORIYA,18,9,9,18,9,9,0,0,0
C0116,09,20,0002,Tehsil - Meerganj 0002,015031, 1 ORIYA,18,9,9,18,9,9,0,0,0
C0116,09,20,0002,Tehsil - Meerganj 0002,016000,16 PUNJABI,800,439,361,760,417,343,40,22,18
C0116,09,20,0002,Tehsil - Meerganj 0002,016018, 1 PUNJABI,785,430,355,750,411,339,35,19,16
C0116,09,20,0002,Tehsil - Meerganj 0002,016999,16 Others,15,9,6,10,6,4,5,3,2
C0116,09,20,0002,Tehsil - Meerganj 0002,018000,18 SANTALI,1,1,0,1,1,0,0,0,0
C0116,09,20,0002,Tehsil - Meerganj 0002,018013, 1 SANTALI,1,1,0,1,1,0,0,0,0
C0116,09,20,0002,Tehsil - Meerganj 0002,020000,20 TAMIL,30,22,8,28,20,8,2,2,0
C0116,09,20,0002,Tehsil - Meerganj 0002,020020, 1 TAMIL,29,22,7,27,20,7,2,2,0
C0116,09,20,0002,Tehsil - Meerganj 0002,020999,20 Others,1,0,1,1,0,1,0,0,0
C0116,09,20,0002,Tehsil - Meerganj 0002,021000,21 TELUGU,12,7,5,10,5,5,2,2,0
C0116,09,20,0002,Tehsil - Meerganj 0002,021035, 1 TELUGU,12,7,5,10,5,5,2,2,0
C0116,09,20,0002,Tehsil - Meerganj 0002,022000,22 URDU,44603,23372,21231,19375,10171,9204,25228,13201,12027
C0116,09,20,0002,Tehsil - Meerganj 0002,022014, 1 URDU,44603,23372,21231,19375,10171,9204,25228,13201,12027
C0116,09,20,0002,Tehsil - Meerganj 0002,028000,28 ARABIC/ARBI,6,2,4,6,2,4,0,0,0
C0116,09,20,0002,Tehsil - Meerganj 0002,028001, 1 ARABIC/ARBI,6,2,4,6,2,4,0,0,0
C0116,09,20,0002,Tehsil - Meerganj 0002,040000,40 ENGLISH,1,1,0,1,1,0,0,0,0
C0116,09,20,0002,Tehsil - Meerganj 0002,040001, 1 ENGLISH,1,1,0,1,1,0,0,0,0
C0116,09,20,0002,Tehsil - Meerganj 0002,123000,123 OTHERS,10,3,7,10,3,7,0,0,0
C0116,09,20,0003,Tehsil - Aonla 0003,001000,1 ASSAMESE,1,0,1,1,0,1,0,0,0
C0116,09,20,0003,Tehsil - Aonla 0003,001002, 1 ASSAMESE,1,0,1,1,0,1,0,0,0
C0116,09,20,0003,Tehsil - Aonla 0003,002000,2 BENGALI,207,52,155,192,48,144,15,4,11
C0116,09,20,0003,Tehsil - Aonla 0003,002004, 1 BENGALI,207,52,155,192,48,144,15,4,11
C0116,09,20,0003,Tehsil - Aonla 0003,005000,5 GUJARATI,4,2,2,4,2,2,0,0,0
C0116,09,20,0003,Tehsil - Aonla 0003,005011, 1 GUJARATI,4,2,2,4,2,2,0,0,0
C0116,09,20,0003,Tehsil - Aonla 0003,006000,6 HINDI,536490,290636,245854,489173,265504,223669,47317,25132,22185
C0116,09,20,0003,Tehsil - Aonla 0003,006008, 1 AWADHI,1,0,1,1,0,1,0,0,0
C0116,09,20,0003,Tehsil - Aonla 0003,006045, 2 BHOJPURI,10,7,3,6,5,1,4,2,2
C0116,09,20,0003,Tehsil - Aonla 0003,006060, 3 BUNDELI/BUNDELKHANDI,94,8,86,88,8,80,6,0,6
C0116,09,20,0003,Tehsil - Aonla 0003,006095, 4 GARHWALI,11,7,4,10,6,4,1,1,0
C0116,09,20,0003,Tehsil - Aonla 0003,006117, 5 HARYANVI,8,6,2,8,6,2,0,0,0
C0116,09,20,0003,Tehsil - Aonla 0003,006118, 6 HINDI,536299,290590,245709,488998,265463,223535,47301,25127,22174
C0116,09,20,0003,Tehsil - Aonla 0003,006127, 7 JAUNSARI,4,2,2,4,2,2,0,0,0
C0116,09,20,0003,Tehsil - Aonla 0003,006162, 8 KUMAUNI,1,1,0,0,0,0,1,1,0
C0116,09,20,0003,Tehsil - Aonla 0003,006192, 9 MARWARI,2,1,1,0,0,0,2,1,1
C0116,09,20,0003,Tehsil - Aonla 0003,006213, 10 PAHARI,22,11,11,22,11,11,0,0,0
C0116,09,20,0003,Tehsil - Aonla 0003,006999,6 Others,38,3,35,36,3,33,2,0,2
C0116,09,20,0003,Tehsil - Aonla 0003,007000,7 KANNADA,1,0,1,1,0,1,0,0,0
C0116,09,20,0003,Tehsil - Aonla 0003,007013, 1 KANNADA,1,0,1,1,0,1,0,0,0
C0116,09,20,0003,Tehsil - Aonla 0003,011000,11 MALAYALAM,23,13,10,23,13,10,0,0,0
C0116,09,20,0003,Tehsil - Aonla 0003,011013, 1 MALAYALAM,23,13,10,23,13,10,0,0,0
C0116,09,20,0003,Tehsil - Aonla 0003,013000,13 MARATHI,10,6,4,8,5,3,2,1,1
C0116,09,20,0003,Tehsil - Aonla 0003,013048, 1 MARATHI,10,6,4,8,5,3,2,1,1
C0116,09,20,0003,Tehsil - Aonla 0003,014000,14 NEPALI,2555,1478,1077,2396,1383,1013,159,95,64
C0116,09,20,0003,Tehsil - Aonla 0003,014009, 1 NEPALI,2555,1478,1077,2396,1383,1013,159,95,64
C0116,09,20,0003,Tehsil - Aonla 0003,015000,15 ORIYA,55,41,14,55,41,14,0,0,0
C0116,09,20,0003,Tehsil - Aonla 0003,015031, 1 ORIYA,55,41,14,55,41,14,0,0,0
C0116,09,20,0003,Tehsil - Aonla 0003,016000,16 PUNJABI,556,311,245,506,284,222,50,27,23
C0116,09,20,0003,Tehsil - Aonla 0003,016018, 1 PUNJABI,556,311,245,506,284,222,50,27,23
C0116,09,20,0003,Tehsil - Aonla 0003,019000,19 SINDHI,7,4,3,7,4,3,0,0,0
C0116,09,20,0003,Tehsil - Aonla 0003,019013, 1 SINDHI,7,4,3,7,4,3,0,0,0
C0116,09,20,0003,Tehsil - Aonla 0003,020000,20 TAMIL,58,27,31,58,27,31,0,0,0
C0116,09,20,0003,Tehsil - Aonla 0003,020020, 1 TAMIL,58,27,31,58,27,31,0,0,0
C0116,09,20,0003,Tehsil - Aonla 0003,021000,21 TELUGU,29,11,18,29,11,18,0,0,0
C0116,09,20,0003,Tehsil - Aonla 0003,021035, 1 TELUGU,29,11,18,29,11,18,0,0,0
C0116,09,20,0003,Tehsil - Aonla 0003,022000,22 URDU,46168,24090,22078,16477,8731,7746,29691,15359,14332
C0116,09,20,0003,Tehsil - Aonla 0003,022014, 1 URDU,46168,24090,22078,16477,8731,7746,29691,15359,14332
C0116,09,20,0003,Tehsil - Aonla 0003,028000,28 ARABIC/ARBI,1,0,1,1,0,1,0,0,0
C0116,09,20,0003,Tehsil - Aonla 0003,028001, 1 ARABIC/ARBI,1,0,1,1,0,1,0,0,0
C0116,09,20,0003,Tehsil - Aonla 0003,040000,40 ENGLISH,7,0,7,3,0,3,4,0,4
C0116,09,20,0003,Tehsil - Aonla 0003,040001, 1 ENGLISH,7,0,7,3,0,3,4,0,4
C0116,09,20,0003,Tehsil - Aonla 0003,123000,123 OTHERS,52,29,23,11,6,5,41,23,18
C0116,09,20,0004,Tehsil - Bareilly 0004,001000,1 ASSAMESE,127,94,33,1,0,1,126,94,32
C0116,09,20,0004,Tehsil - Bareilly 0004,001002, 1 ASSAMESE,127,94,33,1,0,1,126,94,32
C0116,09,20,0004,Tehsil - Bareilly 0004,002000,2 BENGALI,1536,842,694,105,15,90,1431,827,604
C0116,09,20,0004,Tehsil - Bareilly 0004,002004, 1 BENGALI,1536,842,694,105,15,90,1431,827,604
C0116,09,20,0004,Tehsil - Bareilly 0004,004000,4 DOGRI,76,63,13,0,0,0,76,63,13
C0116,09,20,0004,Tehsil - Bareilly 0004,004001, 1 DOGRI,76,63,13,0,0,0,76,63,13
C0116,09,20,0004,Tehsil - Bareilly 0004,005000,5 GUJARATI,90,74,16,0,0,0,90,74,16
C0116,09,20,0004,Tehsil - Bareilly 0004,005011, 1 GUJARATI,90,74,16,0,0,0,90,74,16
C0116,09,20,0004,Tehsil - Bareilly 0004,006000,6 HINDI,990788,529285,461503,393239,211242,181997,597549,318043,279506
C0116,09,20,0004,Tehsil - Bareilly 0004,006008, 1 AWADHI,15,9,6,0,0,0,15,9,6
C0116,09,20,0004,Tehsil - Bareilly 0004,006038, 2 BHADRAWAHI,1,0,1,0,0,0,1,0,1
C0116,09,20,0004,Tehsil - Bareilly 0004,006045, 3 BHOJPURI,446,310,136,22,14,8,424,296,128
C0116,09,20,0004,Tehsil - Bareilly 0004,006059, 4 BRAJBHASHA,2,2,0,0,0,0,2,2,0
C0116,09,20,0004,Tehsil - Bareilly 0004,006060, 5 BUNDELI/BUNDELKHANDI,180,67,113,45,2,43,135,65,70
C0116,09,20,0004,Tehsil - Bareilly 0004,006072, 6 CHHATTISGARHI,73,42,31,73,42,31,0,0,0
C0116,09,20,0004,Tehsil - Bareilly 0004,006095, 7 GARHWALI,364,263,101,20,9,11,344,254,90
C0116,09,20,0004,Tehsil - Bareilly 0004,006117, 8 HARYANVI,145,130,15,13,13,0,132,117,15
C0116,09,20,0004,Tehsil - Bareilly 0004,006118, 9 HINDI,987640,527360,460280,392998,211126,181872,594642,316234,278408
C0116,09,20,0004,Tehsil - Bareilly 0004,006127, 10 JAUNSARI,18,9,9,4,3,1,14,6,8
C0116,09,20,0004,Tehsil - Bareilly 0004,006162, 11 KUMAUNI,1109,613,496,44,26,18,1065,587,478
C0116,09,20,0004,Tehsil - Bareilly 0004,006179, 12 MAGADHI/MAGAHI,4,2,2,0,0,0,4,2,2
C0116,09,20,0004,Tehsil - Bareilly 0004,006187, 13 MALVI,2,2,0,0,0,0,2,2,0
C0116,09,20,0004,Tehsil - Bareilly 0004,006192, 14 MARWARI,37,24,13,0,0,0,37,24,13
C0116,09,20,0004,Tehsil - Bareilly 0004,006196, 15 MEWATI,1,1,0,0,0,0,1,1,0
C0116,09,20,0004,Tehsil - Bareilly 0004,006213, 16 PAHARI,110,63,47,11,7,4,99,56,43
C0116,09,20,0004,Tehsil - Bareilly 0004,006242, 17 RAJASTHANI,222,150,72,1,0,1,221,150,71
C0116,09,20,0004,Tehsil - Bareilly 0004,006251, 18 SADAN/SADRI,2,1,1,0,0,0,2,1,1
C0116,09,20,0004,Tehsil - Bareilly 0004,006999,6 Others,417,237,180,8,0,8,409,237,172
C0116,09,20,0004,Tehsil - Bareilly 0004,007000,7 KANNADA,76,58,18,4,3,1,72,55,17
C0116,09,20,0004,Tehsil - Bareilly 0004,007013, 1 KANNADA,76,58,18,4,3,1,72,55,17
C0116,09,20,0004,Tehsil - Bareilly 0004,008000,8 KASHMIRI,20,12,8,1,1,0,19,11,8
C0116,09,20,0004,Tehsil - Bareilly 0004,008002, 1 KASHMIRI,20,12,8,1,1,0,19,11,8
C0116,09,20,0004,Tehsil - Bareilly 0004,009000,9 KONKANI,5,2,3,0,0,0,5,2,3
C0116,09,20,0004,Tehsil - Bareilly 0004,009010, 1 KONKANI,5,2,3,0,0,0,5,2,3
C0116,09,20,0004,Tehsil - Bareilly 0004,010000,10 MAITHILI,45,27,18,0,0,0,45,27,18
C0116,09,20,0004,Tehsil - Bareilly 0004,010006, 1 MAITHILI,45,27,18,0,0,0,45,27,18
C0116,09,20,0004,Tehsil - Bareilly 0004,011000,11 MALAYALAM,439,279,160,9,2,7,430,277,153
C0116,09,20,0004,Tehsil - Bareilly 0004,011013, 1 MALAYALAM,438,279,159,9,2,7,429,277,152
C0116,09,20,0004,Tehsil - Bareilly 0004,011999,11 Others,1,0,1,0,0,0,1,0,1
C0116,09,20,0004,Tehsil - Bareilly 0004,012000,12 MANIPURI,16,15,1,0,0,0,16,15,1
C0116,09,20,0004,Tehsil - Bareilly 0004,012002, 1 MANIPURI,16,15,1,0,0,0,16,15,1
C0116,09,20,0004,Tehsil - Bareilly 0004,013000,13 MARATHI,516,386,130,3,2,1,513,384,129
C0116,09,20,0004,Tehsil - Bareilly 0004,013048, 1 MARATHI,516,386,130,3,2,1,513,384,129
C0116,09,20,0004,Tehsil - Bareilly 0004,014000,14 NEPALI,3943,2252,1691,1491,840,651,2452,1412,1040
C0116,09,20,0004,Tehsil - Bareilly 0004,014009, 1 NEPALI,3940,2251,1689,1491,840,651,2449,1411,1038
C0116,09,20,0004,Tehsil - Bareilly 0004,014999,14 Others,3,1,2,0,0,0,3,1,2
C0116,09,20,0004,Tehsil - Bareilly 0004,015000,15 ORIYA,343,229,114,4,0,4,339,229,110
C0116,09,20,0004,Tehsil - Bareilly 0004,015031, 1 ORIYA,343,229,114,4,0,4,339,229,110
C0116,09,20,0004,Tehsil - Bareilly 0004,016000,16 PUNJABI,9783,5216,4567,994,535,459,8789,4681,4108
C0116,09,20,0004,Tehsil - Bareilly 0004,016018, 1 PUNJABI,9560,5100,4460,891,478,413,8669,4622,4047
C0116,09,20,0004,Tehsil - Bareilly 0004,016999,16 Others,223,116,107,103,57,46,120,59,61
C0116,09,20,0004,Tehsil - Bareilly 0004,018000,18 SANTALI,19,11,8,0,0,0,19,11,8
C0116,09,20,0004,Tehsil - Bareilly 0004,018013, 1 SANTALI,19,11,8,0,0,0,19,11,8
C0116,09,20,0004,Tehsil - Bareilly 0004,019000,19 SINDHI,1001,526,475,4,2,2,997,524,473
C0116,09,20,0004,Tehsil - Bareilly 0004,019013, 1 SINDHI,1001,526,475,4,2,2,997,524,473
C0116,09,20,0004,Tehsil - Bareilly 0004,020000,20 TAMIL,340,261,79,1,0,1,339,261,78
C0116,09,20,0004,Tehsil - Bareilly 0004,020020, 1 TAMIL,334,259,75,1,0,1,333,259,74
C0116,09,20,0004,Tehsil - Bareilly 0004,020999,20 Others,6,2,4,0,0,0,6,2,4
C0116,09,20,0004,Tehsil - Bareilly 0004,021000,21 TELUGU,312,219,93,3,2,1,309,217,92
C0116,09,20,0004,Tehsil - Bareilly 0004,021035, 1 TELUGU,312,219,93,3,2,1,309,217,92
C0116,09,20,0004,Tehsil - Bareilly 0004,022000,22 URDU,268427,140352,128075,62642,32890,29752,205785,107462,98323
C0116,09,20,0004,Tehsil - Bareilly 0004,022014, 1 URDU,268426,140351,128075,62642,32890,29752,205784,107461,98323
C0116,09,20,0004,Tehsil - Bareilly 0004,022999,22 Others,1,1,0,0,0,0,1,1,0
C0116,09,20,0004,Tehsil - Bareilly 0004,028000,28 ARABIC/ARBI,50,33,17,2,1,1,48,32,16
C0116,09,20,0004,Tehsil - Bareilly 0004,028001, 1 ARABIC/ARBI,50,33,17,2,1,1,48,32,16
C0116,09,20,0004,Tehsil - Bareilly 0004,030000,30 BHILI/BHILODI,7,2,5,0,0,0,7,2,5
C0116,09,20,0004,Tehsil - Bareilly 0004,030027, 1 KOKNA/KOKNI/KUKNA,7,2,5,0,0,0,7,2,5
C0116,09,20,0004,Tehsil - Bareilly 0004,040000,40 ENGLISH,38,16,22,2,2,0,36,14,22
C0116,09,20,0004,Tehsil - Bareilly 0004,040001, 1 ENGLISH,38,16,22,2,2,0,36,14,22
C0116,09,20,0004,Tehsil - Bareilly 0004,053000,53 KHANDESHI,1,1,0,0,0,0,1,1,0
C0116,09,20,0004,Tehsil - Bareilly 0004,053005, 1 GUJARI,1,1,0,0,0,0,1,1,0
C0116,09,20,0004,Tehsil - Bareilly 0004,072000,72 KURUKH/ORAON,6,4,2,0,0,0,6,4,2
C0116,09,20,0004,Tehsil - Bareilly 0004,072009, 1 KURUKH/ORAON,6,4,2,0,0,0,6,4,2
C0116,09,20,0004,Tehsil - Bareilly 0004,082000,82 LUSHAI/MIZO,1,1,0,0,0,0,1,1,0
C0116,09,20,0004,Tehsil - Bareilly 0004,082003, 1 LUSHAI/MIZO,1,1,0,0,0,0,1,1,0
C0116,09,20,0004,Tehsil - Bareilly 0004,091000,91 MUNDARI,7,6,1,0,0,0,7,6,1
C0116,09,20,0004,Tehsil - Bareilly 0004,091004, 1 MUNDARI,7,6,1,0,0,0,7,6,1
C0116,09,20,0004,Tehsil - Bareilly 0004,116000,116 TULU,3,2,1,0,0,0,3,2,1
C0116,09,20,0004,Tehsil - Bareilly 0004,116009, 1 TULU,3,2,1,0,0,0,3,2,1
C0116,09,20,0004,Tehsil - Bareilly 0004,123000,123 OTHERS,219,135,84,5,3,2,214,132,82
C0116,09,20,0005,Tehsil - Nawabganj 0005,002000,2 BENGALI,200,38,162,179,27,152,21,11,10
C0116,09,20,0005,Tehsil - Nawabganj 0005,002004, 1 BENGALI,200,38,162,179,27,152,21,11,10
C0116,09,20,0005,Tehsil - Nawabganj 0005,006000,6 HINDI,358393,190787,167606,330164,176081,154083,28229,14706,13523
C0116,09,20,0005,Tehsil - Nawabganj 0005,006045, 1 BHOJPURI,17,5,12,3,2,1,14,3,11
C0116,09,20,0005,Tehsil - Nawabganj 0005,006060, 2 BUNDELI/BUNDELKHANDI,93,4,89,93,4,89,0,0,0
C0116,09,20,0005,Tehsil - Nawabganj 0005,006072, 3 CHHATTISGARHI,6,4,2,6,4,2,0,0,0
C0116,09,20,0005,Tehsil - Nawabganj 0005,006095, 4 GARHWALI,5,1,4,2,0,2,3,1,2
C0116,09,20,0005,Tehsil - Nawabganj 0005,006117, 5 HARYANVI,1,0,1,0,0,0,1,0,1
C0116,09,20,0005,Tehsil - Nawabganj 0005,006118, 6 HINDI,358218,190750,167468,330014,176052,153962,28204,14698,13506
C0116,09,20,0005,Tehsil - Nawabganj 0005,006127, 7 JAUNSARI,1,0,1,1,0,1,0,0,0
C0116,09,20,0005,Tehsil - Nawabganj 0005,006162, 8 KUMAUNI,6,4,2,1,1,0,5,3,2
C0116,09,20,0005,Tehsil - Nawabganj 0005,006213, 9 PAHARI,1,1,0,1,1,0,0,0,0
C0116,09,20,0005,Tehsil - Nawabganj 0005,006999,6 Others,45,18,27,43,17,26,2,1,1
C0116,09,20,0005,Tehsil - Nawabganj 0005,013000,13 MARATHI,7,1,6,4,0,4,3,1,2
C0116,09,20,0005,Tehsil - Nawabganj 0005,013048, 1 MARATHI,7,1,6,4,0,4,3,1,2
C0116,09,20,0005,Tehsil - Nawabganj 0005,014000,14 NEPALI,564,313,251,500,277,223,64,36,28
C0116,09,20,0005,Tehsil - Nawabganj 0005,014009, 1 NEPALI,564,313,251,500,277,223,64,36,28
C0116,09,20,0005,Tehsil - Nawabganj 0005,015000,15 ORIYA,1,0,1,1,0,1,0,0,0
C0116,09,20,0005,Tehsil - Nawabganj 0005,015031, 1 ORIYA,1,0,1,1,0,1,0,0,0
C0116,09,20,0005,Tehsil - Nawabganj 0005,016000,16 PUNJABI,1708,949,759,1655,921,734,53,28,25
C0116,09,20,0005,Tehsil - Nawabganj 0005,016018, 1 PUNJABI,1424,798,626,1371,770,601,53,28,25
C0116,09,20,0005,Tehsil - Nawabganj 0005,016999,16 Others,284,151,133,284,151,133,0,0,0
C0116,09,20,0005,Tehsil - Nawabganj 0005,017000,17 SANSKRIT,4,4,0,0,0,0,4,4,0
C0116,09,20,0005,Tehsil - Nawabganj 0005,017002, 1 SANSKRIT,4,4,0,0,0,0,4,4,0
C0116,09,20,0005,Tehsil - Nawabganj 0005,019000,19 SINDHI,1,1,0,1,1,0,0,0,0
C0116,09,20,0005,Tehsil - Nawabganj 0005,019013, 1 SINDHI,1,1,0,1,1,0,0,0,0
C0116,09,20,0005,Tehsil - Nawabganj 0005,020000,20 TAMIL,1,1,0,1,1,0,0,0,0
C0116,09,20,0005,Tehsil - Nawabganj 0005,020020, 1 TAMIL,1,1,0,1,1,0,0,0,0
C0116,09,20,0005,Tehsil - Nawabganj 0005,022000,22 URDU,33195,17298,15897,17578,9245,8333,15617,8053,7564
C0116,09,20,0005,Tehsil - Nawabganj 0005,022014, 1 URDU,33195,17298,15897,17578,9245,8333,15617,8053,7564
C0116,09,20,0005,Tehsil - Nawabganj 0005,040000,40 ENGLISH,1,0,1,0,0,0,1,0,1
C0116,09,20,0005,Tehsil - Nawabganj 0005,040001, 1 ENGLISH,1,0,1,0,0,0,1,0,1
C0116,09,20,0005,Tehsil - Nawabganj 0005,123000,123 OTHERS,23,15,8,22,14,8,1,1,0
C0116,09,20,0006,Tehsil - Faridpur 0006,001000,1 ASSAMESE,1,0,1,0,0,0,1,0,1
C0116,09,20,0006,Tehsil - Faridpur 0006,001002, 1 ASSAMESE,1,0,1,0,0,0,1,0,1
C0116,09,20,0006,Tehsil - Faridpur 0006,002000,2 BENGALI,107,15,92,98,13,85,9,2,7
C0116,09,20,0006,Tehsil - Faridpur 0006,002004, 1 BENGALI,107,15,92,98,13,85,9,2,7
C0116,09,20,0006,Tehsil - Faridpur 0006,006000,6 HINDI,334148,181672,152476,289687,157961,131726,44461,23711,20750
C0116,09,20,0006,Tehsil - Faridpur 0006,006045, 1 BHOJPURI,26,13,13,26,13,13,0,0,0
C0116,09,20,0006,Tehsil - Faridpur 0006,006060, 2 BUNDELI/BUNDELKHANDI,57,7,50,56,6,50,1,1,0
C0116,09,20,0006,Tehsil - Faridpur 0006,006072, 3 CHHATTISGARHI,73,29,44,73,29,44,0,0,0
C0116,09,20,0006,Tehsil - Faridpur 0006,006095, 4 GARHWALI,1,0,1,0,0,0,1,0,1
C0116,09,20,0006,Tehsil - Faridpur 0006,006117, 5 HARYANVI,22,15,7,22,15,7,0,0,0
C0116,09,20,0006,Tehsil - Faridpur 0006,006118, 6 HINDI,333863,181546,152317,289415,157843,131572,44448,23703,20745
C0116,09,20,0006,Tehsil - Faridpur 0006,006127, 7 JAUNSARI,5,4,1,0,0,0,5,4,1
C0116,09,20,0006,Tehsil - Faridpur 0006,006162, 8 KUMAUNI,1,1,0,1,1,0,0,0,0
C0116,09,20,0006,Tehsil - Faridpur 0006,006999,6 Others,100,57,43,94,54,40,6,3,3
C0116,09,20,0006,Tehsil - Faridpur 0006,011000,11 MALAYALAM,3,1,2,2,1,1,1,0,1
C0116,09,20,0006,Tehsil - Faridpur 0006,011013, 1 MALAYALAM,3,1,2,2,1,1,1,0,1
C0116,09,20,0006,Tehsil - Faridpur 0006,014000,14 NEPALI,1004,531,473,810,432,378,194,99,95
C0116,09,20,0006,Tehsil - Faridpur 0006,014009, 1 NEPALI,1004,531,473,810,432,378,194,99,95
C0116,09,20,0006,Tehsil - Faridpur 0006,015000,15 ORIYA,1,0,1,1,0,1,0,0,0
C0116,09,20,0006,Tehsil - Faridpur 0006,015031, 1 ORIYA,1,0,1,1,0,1,0,0,0
C0116,09,20,0006,Tehsil - Faridpur 0006,016000,16 PUNJABI,1491,795,696,1473,783,690,18,12,6
C0116,09,20,0006,Tehsil - Faridpur 0006,016018, 1 PUNJABI,1440,766,674,1428,757,671,12,9,3
C0116,09,20,0006,Tehsil - Faridpur 0006,016999,16 Others,51,29,22,45,26,19,6,3,3
C0116,09,20,0006,Tehsil - Faridpur 0006,019000,19 SINDHI,1,1,0,1,1,0,0,0,0
C0116,09,20,0006,Tehsil - Faridpur 0006,019013, 1 SINDHI,1,1,0,1,1,0,0,0,0
C0116,09,20,0006,Tehsil - Faridpur 0006,022000,22 URDU,47010,24510,22500,22845,11925,10920,24165,12585,11580
C0116,09,20,0006,Tehsil - Faridpur 0006,022014, 1 URDU,47010,24510,22500,22845,11925,10920,24165,12585,11580
C0116,09,20,0006,Tehsil - Faridpur 0006,123000,123 OTHERS,5,4,1,4,3,1,1,1,0
C0116,09,21,0000,District - Pilibhit  21,001000,1 ASSAMESE,2,0,2,2,0,2,0,0,0
C0116,09,21,0000,District - Pilibhit  21,001002, 1 ASSAMESE,2,0,2,2,0,2,0,0,0
C0116,09,21,0000,District - Pilibhit  21,002000,2 BENGALI,55949,29100,26849,55673,28964,26709,276,136,140
C0116,09,21,0000,District - Pilibhit  21,002004, 1 BENGALI,55949,29100,26849,55673,28964,26709,276,136,140
C0116,09,21,0000,District - Pilibhit  21,005000,5 GUJARATI,20,11,9,1,1,0,19,10,9
C0116,09,21,0000,District - Pilibhit  21,005011, 1 GUJARATI,20,11,9,1,1,0,19,10,9
C0116,09,21,0000,District - Pilibhit  21,006000,6 HINDI,1312562,701594,610968,1117753,597850,519903,194809,103744,91065
C0116,09,21,0000,District - Pilibhit  21,006008, 1 AWADHI,4,2,2,4,2,2,0,0,0
C0116,09,21,0000,District - Pilibhit  21,006045, 2 BHOJPURI,7005,3747,3258,6856,3659,3197,149,88,61
C0116,09,21,0000,District - Pilibhit  21,006059, 3 BRAJBHASHA,4,2,2,0,0,0,4,2,2
C0116,09,21,0000,District - Pilibhit  21,006060, 4 BUNDELI/BUNDELKHANDI,883,428,455,848,408,440,35,20,15
C0116,09,21,0000,District - Pilibhit  21,006072, 5 CHHATTISGARHI,44,25,19,44,25,19,0,0,0
C0116,09,21,0000,District - Pilibhit  21,006095, 6 GARHWALI,36,24,12,35,23,12,1,1,0
C0116,09,21,0000,District - Pilibhit  21,006118, 7 HINDI,1304265,697216,607049,1109706,593612,516094,194559,103604,90955
C0116,09,21,0000,District - Pilibhit  21,006127, 8 JAUNSARI,6,4,2,4,2,2,2,2,0
C0116,09,21,0000,District - Pilibhit  21,006162, 9 KUMAUNI,65,32,33,51,27,24,14,5,9
C0116,09,21,0000,District - Pilibhit  21,006179, 10 MAGADHI/MAGAHI,5,1,4,0,0,0,5,1,4
C0116,09,21,0000,District - Pilibhit  21,006192, 11 MARWARI,23,11,12,1,0,1,22,11,11
C0116,09,21,0000,District - Pilibhit  21,006195, 12 MEWARI,12,6,6,12,6,6,0,0,0
C0116,09,21,0000,District - Pilibhit  21,006213, 13 PAHARI,18,11,7,11,7,4,7,4,3
C0116,09,21,0000,District - Pilibhit  21,006242, 14 RAJASTHANI,4,2,2,0,0,0,4,2,2
C0116,09,21,0000,District - Pilibhit  21,006999,6 Others,188,83,105,181,79,102,7,4,3
C0116,09,21,0000,District - Pilibhit  21,007000,7 KANNADA,3,3,0,0,0,0,3,3,0
C0116,09,21,0000,District - Pilibhit  21,007013, 1 KANNADA,3,3,0,0,0,0,3,3,0
C0116,09,21,0000,District - Pilibhit  21,011000,11 MALAYALAM,29,15,14,10,6,4,19,9,10
C0116,09,21,0000,District - Pilibhit  21,011013, 1 MALAYALAM,29,15,14,10,6,4,19,9,10
C0116,09,21,0000,District - Pilibhit  21,013000,13 MARATHI,20,8,12,7,1,6,13,7,6
C0116,09,21,0000,District - Pilibhit  21,013048, 1 MARATHI,20,8,12,7,1,6,13,7,6
C0116,09,21,0000,District - Pilibhit  21,014000,14 NEPALI,2497,1358,1139,2061,1142,919,436,216,220
C0116,09,21,0000,District - Pilibhit  21,014009, 1 NEPALI,2496,1357,1139,2061,1142,919,435,215,220
C0116,09,21,0000,District - Pilibhit  21,014999,14 Others,1,1,0,0,0,0,1,1,0
C0116,09,21,0000,District - Pilibhit  21,015000,15 ORIYA,7,4,3,6,4,2,1,0,1
C0116,09,21,0000,District - Pilibhit  21,015031, 1 ORIYA,3,1,2,2,1,1,1,0,1
C0116,09,21,0000,District - Pilibhit  21,015999,15 Others,4,3,1,4,3,1,0,0,0
C0116,09,21,0000,District - Pilibhit  21,016000,16 PUNJABI,71363,37589,33774,68347,35991,32356,3016,1598,1418
C0116,09,21,0000,District - Pilibhit  21,016018, 1 PUNJABI,70686,37207,33479,67806,35681,32125,2880,1526,1354
C0116,09,21,0000,District - Pilibhit  21,016999,16 Others,677,382,295,541,310,231,136,72,64
C0116,09,21,0000,District - Pilibhit  21,018000,18 SANTALI,1,1,0,1,1,0,0,0,0
C0116,09,21,0000,District - Pilibhit  21,018013, 1 SANTALI,1,1,0,1,1,0,0,0,0
C0116,09,21,0000,District - Pilibhit  21,019000,19 SINDHI,319,173,146,7,4,3,312,169,143
C0116,09,21,0000,District - Pilibhit  21,019013, 1 SINDHI,319,173,146,7,4,3,312,169,143
C0116,09,21,0000,District - Pilibhit  21,020000,20 TAMIL,17,10,7,10,7,3,7,3,4
C0116,09,21,0000,District - Pilibhit  21,020020, 1 TAMIL,17,10,7,10,7,3,7,3,4
C0116,09,21,0000,District - Pilibhit  21,021000,21 TELUGU,11,6,5,11,6,5,0,0,0
C0116,09,21,0000,District - Pilibhit  21,021035, 1 TELUGU,11,6,5,11,6,5,0,0,0
C0116,09,21,0000,District - Pilibhit  21,022000,22 URDU,202277,106445,95832,107000,56309,50691,95277,50136,45141
C0116,09,21,0000,District - Pilibhit  21,022014, 1 URDU,202277,106445,95832,107000,56309,50691,95277,50136,45141
C0116,09,21,0000,District - Pilibhit  21,023000,23 ADI,1,1,0,0,0,0,1,1,0
C0116,09,21,0000,District - Pilibhit  21,023999,23 Others,1,1,0,0,0,0,1,1,0
C0116,09,21,0000,District - Pilibhit  21,028000,28 ARABIC/ARBI,20,9,11,17,8,9,3,1,2
C0116,09,21,0000,District - Pilibhit  21,028001, 1 ARABIC/ARBI,20,9,11,17,8,9,3,1,2
C0116,09,21,0000,District - Pilibhit  21,040000,40 ENGLISH,35,15,20,18,9,9,17,6,11
C0116,09,21,0000,District - Pilibhit  21,040001, 1 ENGLISH,35,15,20,18,9,9,17,6,11
C0116,09,21,0000,District - Pilibhit  21,068000,68 KORWA,1,0,1,1,0,1,0,0,0
C0116,09,21,0000,District - Pilibhit  21,068999,68 Others,1,0,1,1,0,1,0,0,0
C0116,09,21,0000,District - Pilibhit  21,123000,123 OTHERS,49,26,23,34,19,15,15,7,8
C0116,09,21,0001,Tehsil - Pilibhit 0001,002000,2 BENGALI,28167,14636,13531,27911,14508,13403,256,128,128
C0116,09,21,0001,Tehsil - Pilibhit 0001,002004, 1 BENGALI,28167,14636,13531,27911,14508,13403,256,128,128
C0116,09,21,0001,Tehsil - Pilibhit 0001,005000,5 GUJARATI,19,10,9,0,0,0,19,10,9
C0116,09,21,0001,Tehsil - Pilibhit 0001,005011, 1 GUJARATI,19,10,9,0,0,0,19,10,9
C0116,09,21,0001,Tehsil - Pilibhit 0001,006000,6 HINDI,506864,269408,237456,409343,217425,191918,97521,51983,45538
C0116,09,21,0001,Tehsil - Pilibhit 0001,006008, 1 AWADHI,1,1,0,1,1,0,0,0,0
C0116,09,21,0001,Tehsil - Pilibhit 0001,006045, 2 BHOJPURI,198,117,81,86,55,31,112,62,50
C0116,09,21,0001,Tehsil - Pilibhit 0001,006059, 3 BRAJBHASHA,4,2,2,0,0,0,4,2,2
C0116,09,21,0001,Tehsil - Pilibhit 0001,006060, 4 BUNDELI/BUNDELKHANDI,468,242,226,442,225,217,26,17,9
C0116,09,21,0001,Tehsil - Pilibhit 0001,006072, 5 CHHATTISGARHI,44,25,19,44,25,19,0,0,0
C0116,09,21,0001,Tehsil - Pilibhit 0001,006095, 6 GARHWALI,8,7,1,7,6,1,1,1,0
C0116,09,21,0001,Tehsil - Pilibhit 0001,006118, 7 HINDI,506036,268963,237073,408704,217084,191620,97332,51879,45453
C0116,09,21,0001,Tehsil - Pilibhit 0001,006127, 8 JAUNSARI,1,0,1,1,0,1,0,0,0
C0116,09,21,0001,Tehsil - Pilibhit 0001,006162, 9 KUMAUNI,30,13,17,18,8,10,12,5,7
C0116,09,21,0001,Tehsil - Pilibhit 0001,006179, 10 MAGADHI/MAGAHI,5,1,4,0,0,0,5,1,4
C0116,09,21,0001,Tehsil - Pilibhit 0001,006192, 11 MARWARI,23,11,12,1,0,1,22,11,11
C0116,09,21,0001,Tehsil - Pilibhit 0001,006213, 12 PAHARI,10,7,3,6,4,2,4,3,1
C0116,09,21,0001,Tehsil - Pilibhit 0001,006242, 13 RAJASTHANI,1,1,0,0,0,0,1,1,0
C0116,09,21,0001,Tehsil - Pilibhit 0001,006999,6 Others,35,18,17,33,17,16,2,1,1
C0116,09,21,0001,Tehsil - Pilibhit 0001,007000,7 KANNADA,3,3,0,0,0,0,3,3,0
C0116,09,21,0001,Tehsil - Pilibhit 0001,007013, 1 KANNADA,3,3,0,0,0,0,3,3,0
C0116,09,21,0001,Tehsil - Pilibhit 0001,011000,11 MALAYALAM,12,8,4,0,0,0,12,8,4
C0116,09,21,0001,Tehsil - Pilibhit 0001,011013, 1 MALAYALAM,12,8,4,0,0,0,12,8,4
C0116,09,21,0001,Tehsil - Pilibhit 0001,013000,13 MARATHI,13,5,8,3,0,3,10,5,5
C0116,09,21,0001,Tehsil - Pilibhit 0001,013048, 1 MARATHI,13,5,8,3,0,3,10,5,5
C0116,09,21,0001,Tehsil - Pilibhit 0001,014000,14 NEPALI,1178,612,566,889,471,418,289,141,148
C0116,09,21,0001,Tehsil - Pilibhit 0001,014009, 1 NEPALI,1177,611,566,889,471,418,288,140,148
C0116,09,21,0001,Tehsil - Pilibhit 0001,014999,14 Others,1,1,0,0,0,0,1,1,0
C0116,09,21,0001,Tehsil - Pilibhit 0001,015000,15 ORIYA,1,0,1,1,0,1,0,0,0
C0116,09,21,0001,Tehsil - Pilibhit 0001,015031, 1 ORIYA,1,0,1,1,0,1,0,0,0
C0116,09,21,0001,Tehsil - Pilibhit 0001,016000,16 PUNJABI,20341,10708,9633,18508,9708,8800,1833,1000,833
C0116,09,21,0001,Tehsil - Pilibhit 0001,016018, 1 PUNJABI,20257,10658,9599,18464,9679,8785,1793,979,814
C0116,09,21,0001,Tehsil - Pilibhit 0001,016999,16 Others,84,50,34,44,29,15,40,21,19
C0116,09,21,0001,Tehsil - Pilibhit 0001,018000,18 SANTALI,1,1,0,1,1,0,0,0,0
C0116,09,21,0001,Tehsil - Pilibhit 0001,018013, 1 SANTALI,1,1,0,1,1,0,0,0,0
C0116,09,21,0001,Tehsil - Pilibhit 0001,019000,19 SINDHI,317,172,145,5,3,2,312,169,143
C0116,09,21,0001,Tehsil - Pilibhit 0001,019013, 1 SINDHI,317,172,145,5,3,2,312,169,143
C0116,09,21,0001,Tehsil - Pilibhit 0001,020000,20 TAMIL,6,2,4,0,0,0,6,2,4
C0116,09,21,0001,Tehsil - Pilibhit 0001,020020, 1 TAMIL,6,2,4,0,0,0,6,2,4
C0116,09,21,0001,Tehsil - Pilibhit 0001,021000,21 TELUGU,6,3,3,6,3,3,0,0,0
C0116,09,21,0001,Tehsil - Pilibhit 0001,021035, 1 TELUGU,6,3,3,6,3,3,0,0,0
C0116,09,21,0001,Tehsil - Pilibhit 0001,022000,22 URDU,130017,68156,61861,67350,35352,31998,62667,32804,29863
C0116,09,21,0001,Tehsil - Pilibhit 0001,022014, 1 URDU,130017,68156,61861,67350,35352,31998,62667,32804,29863
C0116,09,21,0001,Tehsil - Pilibhit 0001,028000,28 ARABIC/ARBI,14,5,9,13,5,8,1,0,1
C0116,09,21,0001,Tehsil - Pilibhit 0001,028001, 1 ARABIC/ARBI,14,5,9,13,5,8,1,0,1
C0116,09,21,0001,Tehsil - Pilibhit 0001,040000,40 ENGLISH,18,10,8,16,9,7,2,1,1
C0116,09,21,0001,Tehsil - Pilibhit 0001,040001, 1 ENGLISH,18,10,8,16,9,7,2,1,1
C0116,09,21,0001,Tehsil - Pilibhit 0001,068000,68 KORWA,1,0,1,1,0,1,0,0,0
C0116,09,21,0001,Tehsil - Pilibhit 0001,068999,68 Others,1,0,1,1,0,1,0,0,0
C0116,09,21,0001,Tehsil - Pilibhit 0001,123000,123 OTHERS,19,9,10,12,6,6,7,3,4
C0116,09,21,0002,Tehsil - Bisalpur 0002,001000,1 ASSAMESE,2,0,2,2,0,2,0,0,0
C0116,09,21,0002,Tehsil - Bisalpur 0002,001002, 1 ASSAMESE,2,0,2,2,0,2,0,0,0
C0116,09,21,0002,Tehsil - Bisalpur 0002,002000,2 BENGALI,134,20,114,121,15,106,13,5,8
C0116,09,21,0002,Tehsil - Bisalpur 0002,002004, 1 BENGALI,134,20,114,121,15,106,13,5,8
C0116,09,21,0002,Tehsil - Bisalpur 0002,006000,6 HINDI,490466,264261,226205,433015,233419,199596,57451,30842,26609
C0116,09,21,0002,Tehsil - Bisalpur 0002,006045, 1 BHOJPURI,49,35,14,13,9,4,36,26,10
C0116,09,21,0002,Tehsil - Bisalpur 0002,006060, 2 BUNDELI/BUNDELKHANDI,75,6,69,73,6,67,2,0,2
C0116,09,21,0002,Tehsil - Bisalpur 0002,006095, 3 GARHWALI,6,4,2,6,4,2,0,0,0
C0116,09,21,0002,Tehsil - Bisalpur 0002,006118, 4 HINDI,490299,264207,226092,432896,233396,199500,57403,30811,26592
C0116,09,21,0002,Tehsil - Bisalpur 0002,006127, 5 JAUNSARI,4,3,1,3,2,1,1,1,0
C0116,09,21,0002,Tehsil - Bisalpur 0002,006162, 6 KUMAUNI,5,1,4,4,1,3,1,0,1
C0116,09,21,0002,Tehsil - Bisalpur 0002,006242, 7 RAJASTHANI,3,1,2,0,0,0,3,1,2
C0116,09,21,0002,Tehsil - Bisalpur 0002,006999,6 Others,25,4,21,20,1,19,5,3,2
C0116,09,21,0002,Tehsil - Bisalpur 0002,013000,13 MARATHI,5,2,3,2,0,2,3,2,1
C0116,09,21,0002,Tehsil - Bisalpur 0002,013048, 1 MARATHI,5,2,3,2,0,2,3,2,1
C0116,09,21,0002,Tehsil - Bisalpur 0002,014000,14 NEPALI,755,432,323,687,398,289,68,34,34
C0116,09,21,0002,Tehsil - Bisalpur 0002,014009, 1 NEPALI,755,432,323,687,398,289,68,34,34
C0116,09,21,0002,Tehsil - Bisalpur 0002,016000,16 PUNJABI,5846,3055,2791,5575,2922,2653,271,133,138
C0116,09,21,0002,Tehsil - Bisalpur 0002,016018, 1 PUNJABI,5706,2970,2736,5443,2842,2601,263,128,135
C0116,09,21,0002,Tehsil - Bisalpur 0002,016999,16 Others,140,85,55,132,80,52,8,5,3
C0116,09,21,0002,Tehsil - Bisalpur 0002,019000,19 SINDHI,1,1,0,1,1,0,0,0,0
C0116,09,21,0002,Tehsil - Bisalpur 0002,019013, 1 SINDHI,1,1,0,1,1,0,0,0,0
C0116,09,21,0002,Tehsil - Bisalpur 0002,022000,22 URDU,39825,21163,18662,13584,7168,6416,26241,13995,12246
C0116,09,21,0002,Tehsil - Bisalpur 0002,022014, 1 URDU,39825,21163,18662,13584,7168,6416,26241,13995,12246
C0116,09,21,0002,Tehsil - Bisalpur 0002,040000,40 ENGLISH,10,3,7,1,0,1,9,3,6
C0116,09,21,0002,Tehsil - Bisalpur 0002,040001, 1 ENGLISH,10,3,7,1,0,1,9,3,6
C0116,09,21,0002,Tehsil - Bisalpur 0002,123000,123 OTHERS,3,3,0,3,3,0,0,0,0
C0116,09,21,0003,Tehsil - Puranpur 0003,002000,2 BENGALI,27648,14444,13204,27641,14441,13200,7,3,4
C0116,09,21,0003,Tehsil - Puranpur 0003,002004, 1 BENGALI,27648,14444,13204,27641,14441,13200,7,3,4
C0116,09,21,0003,Tehsil - Puranpur 0003,005000,5 GUJARATI,1,1,0,1,1,0,0,0,0
C0116,09,21,0003,Tehsil - Puranpur 0003,005011, 1 GUJARATI,1,1,0,1,1,0,0,0,0
C0116,09,21,0003,Tehsil - Puranpur 0003,006000,6 HINDI,315232,167925,147307,275395,147006,128389,39837,20919,18918
C0116,09,21,0003,Tehsil - Puranpur 0003,006008, 1 AWADHI,3,1,2,3,1,2,0,0,0
C0116,09,21,0003,Tehsil - Puranpur 0003,006045, 2 BHOJPURI,6758,3595,3163,6757,3595,3162,1,0,1
C0116,09,21,0003,Tehsil - Puranpur 0003,006060, 3 BUNDELI/BUNDELKHANDI,340,180,160,333,177,156,7,3,4
C0116,09,21,0003,Tehsil - Puranpur 0003,006095, 4 GARHWALI,22,13,9,22,13,9,0,0,0
C0116,09,21,0003,Tehsil - Puranpur 0003,006118, 5 HINDI,307930,164046,143884,268106,143132,124974,39824,20914,18910
C0116,09,21,0003,Tehsil - Puranpur 0003,006127, 6 JAUNSARI,1,1,0,0,0,0,1,1,0
C0116,09,21,0003,Tehsil - Puranpur 0003,006162, 7 KUMAUNI,30,18,12,29,18,11,1,0,1
C0116,09,21,0003,Tehsil - Puranpur 0003,006195, 8 MEWARI,12,6,6,12,6,6,0,0,0
C0116,09,21,0003,Tehsil - Puranpur 0003,006213, 9 PAHARI,8,4,4,5,3,2,3,1,2
C0116,09,21,0003,Tehsil - Puranpur 0003,006999,6 Others,128,61,67,128,61,67,0,0,0
C0116,09,21,0003,Tehsil - Puranpur 0003,011000,11 MALAYALAM,17,7,10,10,6,4,7,1,6
C0116,09,21,0003,Tehsil - Puranpur 0003,011013, 1 MALAYALAM,17,7,10,10,6,4,7,1,6
C0116,09,21,0003,Tehsil - Puranpur 0003,013000,13 MARATHI,2,1,1,2,1,1,0,0,0
C0116,09,21,0003,Tehsil - Puranpur 0003,013048, 1 MARATHI,2,1,1,2,1,1,0,0,0
C0116,09,21,0003,Tehsil - Puranpur 0003,014000,14 NEPALI,564,314,250,485,273,212,79,41,38
C0116,09,21,0003,Tehsil - Puranpur 0003,014009, 1 NEPALI,564,314,250,485,273,212,79,41,38
C0116,09,21,0003,Tehsil - Puranpur 0003,015000,15 ORIYA,6,4,2,5,4,1,1,0,1
C0116,09,21,0003,Tehsil - Puranpur 0003,015031, 1 ORIYA,2,1,1,1,1,0,1,0,1
C0116,09,21,0003,Tehsil - Puranpur 0003,015999,15 Others,4,3,1,4,3,1,0,0,0
C0116,09,21,0003,Tehsil - Puranpur 0003,016000,16 PUNJABI,45176,23826,21350,44264,23361,20903,912,465,447
C0116,09,21,0003,Tehsil - Puranpur 0003,016018, 1 PUNJABI,44723,23579,21144,43899,23160,20739,824,419,405
C0116,09,21,0003,Tehsil - Puranpur 0003,016999,16 Others,453,247,206,365,201,164,88,46,42
C0116,09,21,0003,Tehsil - Puranpur 0003,019000,19 SINDHI,1,0,1,1,0,1,0,0,0
C0116,09,21,0003,Tehsil - Puranpur 0003,019013, 1 SINDHI,1,0,1,1,0,1,0,0,0
C0116,09,21,0003,Tehsil - Puranpur 0003,020000,20 TAMIL,11,8,3,10,7,3,1,1,0
C0116,09,21,0003,Tehsil - Puranpur 0003,020020, 1 TAMIL,11,8,3,10,7,3,1,1,0
C0116,09,21,0003,Tehsil - Puranpur 0003,021000,21 TELUGU,5,3,2,5,3,2,0,0,0
C0116,09,21,0003,Tehsil - Puranpur 0003,021035, 1 TELUGU,5,3,2,5,3,2,0,0,0
C0116,09,21,0003,Tehsil - Puranpur 0003,022000,22 URDU,32435,17126,15309,26066,13789,12277,6369,3337,3032
C0116,09,21,0003,Tehsil - Puranpur 0003,022014, 1 URDU,32435,17126,15309,26066,13789,12277,6369,3337,3032
C0116,09,21,0003,Tehsil - Puranpur 0003,023000,23 ADI,1,1,0,0,0,0,1,1,0
C0116,09,21,0003,Tehsil - Puranpur 0003,023999,23 Others,1,1,0,0,0,0,1,1,0
C0116,09,21,0003,Tehsil - Puranpur 0003,028000,28 ARABIC/ARBI,6,4,2,4,3,1,2,1,1
C0116,09,21,0003,Tehsil - Puranpur 0003,028001, 1 ARABIC/ARBI,6,4,2,4,3,1,2,1,1
C0116,09,21,0003,Tehsil - Puranpur 0003,040000,40 ENGLISH,7,2,5,1,0,1,6,2,4
C0116,09,21,0003,Tehsil - Puranpur 0003,040001, 1 ENGLISH,7,2,5,1,0,1,6,2,4
C0116,09,21,0003,Tehsil - Puranpur 0003,123000,123 OTHERS,27,14,13,19,10,9,8,4,4
C0116,09,22,0000,District - Shahjahanpur  22,001000,1 ASSAMESE,19,11,8,7,2,5,12,9,3
C0116,09,22,0000,District - Shahjahanpur  22,001002, 1 ASSAMESE,19,11,8,7,2,5,12,9,3
C0116,09,22,0000,District - Shahjahanpur  22,002000,2 BENGALI,1058,468,590,430,108,322,628,360,268
C0116,09,22,0000,District - Shahjahanpur  22,002004, 1 BENGALI,1058,468,590,430,108,322,628,360,268
C0116,09,22,0000,District - Shahjahanpur  22,005000,5 GUJARATI,26,16,10,4,2,2,22,14,8
C0116,09,22,0000,District - Shahjahanpur  22,005011, 1 GUJARATI,26,16,10,4,2,2,22,14,8
C0116,09,22,0000,District - Shahjahanpur  22,006000,6 HINDI,2227573,1212964,1014609,1884764,1028292,856472,342809,184672,158137
C0116,09,22,0000,District - Shahjahanpur  22,006008, 1 AWADHI,1,1,0,0,0,0,1,1,0
C0116,09,22,0000,District - Shahjahanpur  22,006045, 2 BHOJPURI,173,101,72,130,73,57,43,28,15
C0116,09,22,0000,District - Shahjahanpur  22,006059, 3 BRAJBHASHA,1,0,1,0,0,0,1,0,1
C0116,09,22,0000,District - Shahjahanpur  22,006060, 4 BUNDELI/BUNDELKHANDI,233,46,187,189,22,167,44,24,20
C0116,09,22,0000,District - Shahjahanpur  22,006072, 5 CHHATTISGARHI,135,67,68,135,67,68,0,0,0
C0116,09,22,0000,District - Shahjahanpur  22,006095, 6 GARHWALI,24,14,10,12,8,4,12,6,6
C0116,09,22,0000,District - Shahjahanpur  22,006117, 7 HARYANVI,57,28,29,51,25,26,6,3,3
C0116,09,22,0000,District - Shahjahanpur  22,006118, 8 HINDI,2223946,1211048,1012898,1881579,1026678,854901,342367,184370,157997
C0116,09,22,0000,District - Shahjahanpur  22,006127, 9 JAUNSARI,43,26,17,24,13,11,19,13,6
C0116,09,22,0000,District - Shahjahanpur  22,006148, 10 KHARI BOLI,411,226,185,411,226,185,0,0,0
C0116,09,22,0000,District - Shahjahanpur  22,006162, 11 KUMAUNI,149,137,12,5,2,3,144,135,9
C0116,09,22,0000,District - Shahjahanpur  22,006192, 12 MARWARI,2125,1136,989,2122,1134,988,3,2,1
C0116,09,22,0000,District - Shahjahanpur  22,006204, 13 NAGPURIA,3,1,2,0,0,0,3,1,2
C0116,09,22,0000,District - Shahjahanpur  22,006213, 14 PAHARI,5,2,3,0,0,0,5,2,3
C0116,09,22,0000,District - Shahjahanpur  22,006242, 15 RAJASTHANI,225,118,107,86,43,43,139,75,64
C0116,09,22,0000,District - Shahjahanpur  22,006999,6 Others,42,13,29,20,1,19,22,12,10
C0116,09,22,0000,District - Shahjahanpur  22,007000,7 KANNADA,1,1,0,0,0,0,1,1,0
C0116,09,22,0000,District - Shahjahanpur  22,007013, 1 KANNADA,1,1,0,0,0,0,1,1,0
C0116,09,22,0000,District - Shahjahanpur  22,008000,8 KASHMIRI,5,3,2,0,0,0,5,3,2
C0116,09,22,0000,District - Shahjahanpur  22,008002, 1 KASHMIRI,5,3,2,0,0,0,5,3,2
C0116,09,22,0000,District - Shahjahanpur  22,009000,9 KONKANI,1,1,0,0,0,0,1,1,0
C0116,09,22,0000,District - Shahjahanpur  22,009010, 1 KONKANI,1,1,0,0,0,0,1,1,0
C0116,09,22,0000,District - Shahjahanpur  22,010000,10 MAITHILI,4,3,1,0,0,0,4,3,1
C0116,09,22,0000,District - Shahjahanpur  22,010006, 1 MAITHILI,4,3,1,0,0,0,4,3,1
C0116,09,22,0000,District - Shahjahanpur  22,011000,11 MALAYALAM,48,25,23,10,4,6,38,21,17
C0116,09,22,0000,District - Shahjahanpur  22,011013, 1 MALAYALAM,48,25,23,10,4,6,38,21,17
C0116,09,22,0000,District - Shahjahanpur  22,012000,12 MANIPURI,5,3,2,4,2,2,1,1,0
C0116,09,22,0000,District - Shahjahanpur  22,012002, 1 MANIPURI,5,3,2,4,2,2,1,1,0
C0116,09,22,0000,District - Shahjahanpur  22,013000,13 MARATHI,67,36,31,6,1,5,61,35,26
C0116,09,22,0000,District - Shahjahanpur  22,013048, 1 MARATHI,67,36,31,6,1,5,61,35,26
C0116,09,22,0000,District - Shahjahanpur  22,014000,14 NEPALI,8286,4618,3668,6953,3855,3098,1333,763,570
C0116,09,22,0000,District - Shahjahanpur  22,014009, 1 NEPALI,8286,4618,3668,6953,3855,3098,1333,763,570
C0116,09,22,0000,District - Shahjahanpur  22,015000,15 ORIYA,46,16,30,20,4,16,26,12,14
C0116,09,22,0000,District - Shahjahanpur  22,015031, 1 ORIYA,46,16,30,20,4,16,26,12,14
C0116,09,22,0000,District - Shahjahanpur  22,016000,16 PUNJABI,47421,25074,22347,44778,23675,21103,2643,1399,1244
C0116,09,22,0000,District - Shahjahanpur  22,016018, 1 PUNJABI,46423,24565,21858,43802,23176,20626,2621,1389,1232
C0116,09,22,0000,District - Shahjahanpur  22,016999,16 Others,998,509,489,976,499,477,22,10,12
C0116,09,22,0000,District - Shahjahanpur  22,019000,19 SINDHI,84,44,40,0,0,0,84,44,40
C0116,09,22,0000,District - Shahjahanpur  22,019013, 1 SINDHI,84,44,40,0,0,0,84,44,40
C0116,09,22,0000,District - Shahjahanpur  22,020000,20 TAMIL,39,28,11,17,13,4,22,15,7
C0116,09,22,0000,District - Shahjahanpur  22,020020, 1 TAMIL,39,28,11,17,13,4,22,15,7
C0116,09,22,0000,District - Shahjahanpur  22,021000,21 TELUGU,14,10,4,2,1,1,12,9,3
C0116,09,22,0000,District - Shahjahanpur  22,021035, 1 TELUGU,14,10,4,2,1,1,12,9,3
C0116,09,22,0000,District - Shahjahanpur  22,022000,22 URDU,263037,140029,123008,85293,45447,39846,177744,94582,83162
C0116,09,22,0000,District - Shahjahanpur  22,022014, 1 URDU,263037,140029,123008,85293,45447,39846,177744,94582,83162
C0116,09,22,0000,District - Shahjahanpur  22,028000,28 ARABIC/ARBI,38,18,20,4,1,3,34,17,17
C0116,09,22,0000,District - Shahjahanpur  22,028001, 1 ARABIC/ARBI,38,18,20,4,1,3,34,17,17
C0116,09,22,0000,District - Shahjahanpur  22,040000,40 ENGLISH,39,17,22,13,6,7,26,11,15
C0116,09,22,0000,District - Shahjahanpur  22,040001, 1 ENGLISH,39,17,22,13,6,7,26,11,15
C0116,09,22,0000,District - Shahjahanpur  22,072000,72 KURUKH/ORAON,4,1,3,4,1,3,0,0,0
C0116,09,22,0000,District - Shahjahanpur  22,072009, 1 KURUKH/ORAON,4,1,3,4,1,3,0,0,0
C0116,09,22,0000,District - Shahjahanpur  22,090000,90 MUNDA,1,0,1,1,0,1,0,0,0
C0116,09,22,0000,District - Shahjahanpur  22,090006, 1 MUNDA,1,0,1,1,0,1,0,0,0
C0116,09,22,0000,District - Shahjahanpur  22,123000,123 OTHERS,39,22,17,19,12,7,20,10,10
C0116,09,22,0001,Tehsil - Powayan 0001,001000,1 ASSAMESE,1,0,1,1,0,1,0,0,0
C0116,09,22,0001,Tehsil - Powayan 0001,001002, 1 ASSAMESE,1,0,1,1,0,1,0,0,0
C0116,09,22,0001,Tehsil - Powayan 0001,002000,2 BENGALI,234,141,93,122,36,86,112,105,7
C0116,09,22,0001,Tehsil - Powayan 0001,002004, 1 BENGALI,234,141,93,122,36,86,112,105,7
C0116,09,22,0001,Tehsil - Powayan 0001,006000,6 HINDI,566191,304123,262068,530634,285258,245376,35557,18865,16692
C0116,09,22,0001,Tehsil - Powayan 0001,006045, 1 BHOJPURI,123,69,54,123,69,54,0,0,0
C0116,09,22,0001,Tehsil - Powayan 0001,006060, 2 BUNDELI/BUNDELKHANDI,30,7,23,25,5,20,5,2,3
C0116,09,22,0001,Tehsil - Powayan 0001,006095, 3 GARHWALI,5,4,1,5,4,1,0,0,0
C0116,09,22,0001,Tehsil - Powayan 0001,006118, 4 HINDI,564198,303040,261158,528742,284228,244514,35456,18812,16644
C0116,09,22,0001,Tehsil - Powayan 0001,006127, 5 JAUNSARI,9,4,5,9,4,5,0,0,0
C0116,09,22,0001,Tehsil - Powayan 0001,006148, 6 KHARI BOLI,385,213,172,385,213,172,0,0,0
C0116,09,22,0001,Tehsil - Powayan 0001,006162, 7 KUMAUNI,3,1,2,3,1,2,0,0,0
C0116,09,22,0001,Tehsil - Powayan 0001,006192, 8 MARWARI,1247,690,557,1247,690,557,0,0,0
C0116,09,22,0001,Tehsil - Powayan 0001,006242, 9 RAJASTHANI,182,94,88,86,43,43,96,51,45
C0116,09,22,0001,Tehsil - Powayan 0001,006999,6 Others,9,1,8,9,1,8,0,0,0
C0116,09,22,0001,Tehsil - Powayan 0001,011000,11 MALAYALAM,4,1,3,3,1,2,1,0,1
C0116,09,22,0001,Tehsil - Powayan 0001,011013, 1 MALAYALAM,4,1,3,3,1,2,1,0,1
C0116,09,22,0001,Tehsil - Powayan 0001,012000,12 MANIPURI,4,2,2,4,2,2,0,0,0
C0116,09,22,0001,Tehsil - Powayan 0001,012002, 1 MANIPURI,4,2,2,4,2,2,0,0,0
C0116,09,22,0001,Tehsil - Powayan 0001,013000,13 MARATHI,4,3,1,0,0,0,4,3,1
C0116,09,22,0001,Tehsil - Powayan 0001,013048, 1 MARATHI,4,3,1,0,0,0,4,3,1
C0116,09,22,0001,Tehsil - Powayan 0001,014000,14 NEPALI,2179,1213,966,2078,1147,931,101,66,35
C0116,09,22,0001,Tehsil - Powayan 0001,014009, 1 NEPALI,2179,1213,966,2078,1147,931,101,66,35
C0116,09,22,0001,Tehsil - Powayan 0001,015000,15 ORIYA,4,2,2,4,2,2,0,0,0
C0116,09,22,0001,Tehsil - Powayan 0001,015031, 1 ORIYA,4,2,2,4,2,2,0,0,0
C0116,09,22,0001,Tehsil - Powayan 0001,016000,16 PUNJABI,36949,19480,17469,36534,19269,17265,415,211,204
C0116,09,22,0001,Tehsil - Powayan 0001,016018, 1 PUNJABI,36103,19045,17058,35688,18834,16854,415,211,204
C0116,09,22,0001,Tehsil - Powayan 0001,016999,16 Others,846,435,411,846,435,411,0,0,0
C0116,09,22,0001,Tehsil - Powayan 0001,020000,20 TAMIL,6,6,0,6,6,0,0,0,0
C0116,09,22,0001,Tehsil - Powayan 0001,020020, 1 TAMIL,6,6,0,6,6,0,0,0,0
C0116,09,22,0001,Tehsil - Powayan 0001,022000,22 URDU,32212,17117,15095,30776,16355,14421,1436,762,674
C0116,09,22,0001,Tehsil - Powayan 0001,022014, 1 URDU,32212,17117,15095,30776,16355,14421,1436,762,674
C0116,09,22,0001,Tehsil - Powayan 0001,028000,28 ARABIC/ARBI,1,0,1,1,0,1,0,0,0
C0116,09,22,0001,Tehsil - Powayan 0001,028001, 1 ARABIC/ARBI,1,0,1,1,0,1,0,0,0
C0116,09,22,0001,Tehsil - Powayan 0001,040000,40 ENGLISH,11,4,7,11,4,7,0,0,0
C0116,09,22,0001,Tehsil - Powayan 0001,040001, 1 ENGLISH,11,4,7,11,4,7,0,0,0
C0116,09,22,0001,Tehsil - Powayan 0001,123000,123 OTHERS,1,1,0,1,1,0,0,0,0
C0116,09,22,0002,Tehsil - Tilhar 0002,002000,2 BENGALI,183,27,156,140,21,119,43,6,37
C0116,09,22,0002,Tehsil - Tilhar 0002,002004, 1 BENGALI,183,27,156,140,21,119,43,6,37
C0116,09,22,0002,Tehsil - Tilhar 0002,006000,6 HINDI,534870,291959,242911,483822,264906,218916,51048,27053,23995
C0116,09,22,0002,Tehsil - Tilhar 0002,006045, 1 BHOJPURI,5,3,2,4,3,1,1,0,1
C0116,09,22,0002,Tehsil - Tilhar 0002,006060, 2 BUNDELI/BUNDELKHANDI,84,4,80,75,2,73,9,2,7
C0116,09,22,0002,Tehsil - Tilhar 0002,006072, 3 CHHATTISGARHI,135,67,68,135,67,68,0,0,0
C0116,09,22,0002,Tehsil - Tilhar 0002,006095, 4 GARHWALI,1,0,1,1,0,1,0,0,0
C0116,09,22,0002,Tehsil - Tilhar 0002,006118, 5 HINDI,533754,291437,242317,482718,264388,218330,51036,27049,23987
C0116,09,22,0002,Tehsil - Tilhar 0002,006127, 6 JAUNSARI,9,4,5,7,2,5,2,2,0
C0116,09,22,0002,Tehsil - Tilhar 0002,006192, 7 MARWARI,875,444,431,875,444,431,0,0,0
C0116,09,22,0002,Tehsil - Tilhar 0002,006999,6 Others,7,0,7,7,0,7,0,0,0
C0116,09,22,0002,Tehsil - Tilhar 0002,010000,10 MAITHILI,4,3,1,0,0,0,4,3,1
C0116,09,22,0002,Tehsil - Tilhar 0002,010006, 1 MAITHILI,4,3,1,0,0,0,4,3,1
C0116,09,22,0002,Tehsil - Tilhar 0002,011000,11 MALAYALAM,3,0,3,1,0,1,2,0,2
C0116,09,22,0002,Tehsil - Tilhar 0002,011013, 1 MALAYALAM,3,0,3,1,0,1,2,0,2
C0116,09,22,0002,Tehsil - Tilhar 0002,013000,13 MARATHI,6,2,4,2,0,2,4,2,2
C0116,09,22,0002,Tehsil - Tilhar 0002,013048, 1 MARATHI,6,2,4,2,0,2,4,2,2
C0116,09,22,0002,Tehsil - Tilhar 0002,014000,14 NEPALI,1846,1021,825,1626,892,734,220,129,91
C0116,09,22,0002,Tehsil - Tilhar 0002,014009, 1 NEPALI,1846,1021,825,1626,892,734,220,129,91
C0116,09,22,0002,Tehsil - Tilhar 0002,016000,16 PUNJABI,3499,1860,1639,3470,1847,1623,29,13,16
C0116,09,22,0002,Tehsil - Tilhar 0002,016018, 1 PUNJABI,3471,1845,1626,3442,1832,1610,29,13,16
C0116,09,22,0002,Tehsil - Tilhar 0002,016999,16 Others,28,15,13,28,15,13,0,0,0
C0116,09,22,0002,Tehsil - Tilhar 0002,020000,20 TAMIL,1,1,0,1,1,0,0,0,0
C0116,09,22,0002,Tehsil - Tilhar 0002,020020, 1 TAMIL,1,1,0,1,1,0,0,0,0
C0116,09,22,0002,Tehsil - Tilhar 0002,022000,22 URDU,57898,30279,27619,18120,9609,8511,39778,20670,19108
C0116,09,22,0002,Tehsil - Tilhar 0002,022014, 1 URDU,57898,30279,27619,18120,9609,8511,39778,20670,19108
C0116,09,22,0002,Tehsil - Tilhar 0002,028000,28 ARABIC/ARBI,2,0,2,1,0,1,1,0,1
C0116,09,22,0002,Tehsil - Tilhar 0002,028001, 1 ARABIC/ARBI,2,0,2,1,0,1,1,0,1
C0116,09,22,0002,Tehsil - Tilhar 0002,040000,40 ENGLISH,2,2,0,1,1,0,1,1,0
C0116,09,22,0002,Tehsil - Tilhar 0002,040001, 1 ENGLISH,2,2,0,1,1,0,1,1,0
C0116,09,22,0002,Tehsil - Tilhar 0002,072000,72 KURUKH/ORAON,3,1,2,3,1,2,0,0,0
C0116,09,22,0002,Tehsil - Tilhar 0002,072009, 1 KURUKH/ORAON,3,1,2,3,1,2,0,0,0
C0116,09,22,0002,Tehsil - Tilhar 0002,090000,90 MUNDA,1,0,1,1,0,1,0,0,0
C0116,09,22,0002,Tehsil - Tilhar 0002,090006, 1 MUNDA,1,0,1,1,0,1,0,0,0
C0116,09,22,0002,Tehsil - Tilhar 0002,123000,123 OTHERS,2,1,1,2,1,1,0,0,0
C0116,09,22,0003,Tehsil - Shahjahanpur 0003,001000,1 ASSAMESE,18,11,7,6,2,4,12,9,3
C0116,09,22,0003,Tehsil - Shahjahanpur 0003,001002, 1 ASSAMESE,18,11,7,6,2,4,12,9,3
C0116,09,22,0003,Tehsil - Shahjahanpur 0003,002000,2 BENGALI,599,294,305,134,47,87,465,247,218
C0116,09,22,0003,Tehsil - Shahjahanpur 0003,002004, 1 BENGALI,599,294,305,134,47,87,465,247,218
C0116,09,22,0003,Tehsil - Shahjahanpur 0003,005000,5 GUJARATI,26,16,10,4,2,2,22,14,8
C0116,09,22,0003,Tehsil - Shahjahanpur 0003,005011, 1 GUJARATI,26,16,10,4,2,2,22,14,8
C0116,09,22,0003,Tehsil - Shahjahanpur 0003,006000,6 HINDI,664578,361282,303296,444487,241785,202702,220091,119497,100594
C0116,09,22,0003,Tehsil - Shahjahanpur 0003,006008, 1 AWADHI,1,1,0,0,0,0,1,1,0
C0116,09,22,0003,Tehsil - Shahjahanpur 0003,006045, 2 BHOJPURI,43,28,15,2,0,2,41,28,13
C0116,09,22,0003,Tehsil - Shahjahanpur 0003,006059, 3 BRAJBHASHA,1,0,1,0,0,0,1,0,1
C0116,09,22,0003,Tehsil - Shahjahanpur 0003,006060, 4 BUNDELI/BUNDELKHANDI,80,32,48,51,13,38,29,19,10
C0116,09,22,0003,Tehsil - Shahjahanpur 0003,006095, 5 GARHWALI,17,9,8,5,3,2,12,6,6
C0116,09,22,0003,Tehsil - Shahjahanpur 0003,006117, 6 HARYANVI,5,3,2,0,0,0,5,3,2
C0116,09,22,0003,Tehsil - Shahjahanpur 0003,006118, 7 HINDI,664171,361011,303160,444396,241753,202643,219775,119258,100517
C0116,09,22,0003,Tehsil - Shahjahanpur 0003,006127, 8 JAUNSARI,22,15,7,5,4,1,17,11,6
C0116,09,22,0003,Tehsil - Shahjahanpur 0003,006148, 9 KHARI BOLI,24,11,13,24,11,13,0,0,0
C0116,09,22,0003,Tehsil - Shahjahanpur 0003,006162, 10 KUMAUNI,146,136,10,2,1,1,144,135,9
C0116,09,22,0003,Tehsil - Shahjahanpur 0003,006192, 11 MARWARI,3,2,1,0,0,0,3,2,1
C0116,09,22,0003,Tehsil - Shahjahanpur 0003,006204, 12 NAGPURIA,3,1,2,0,0,0,3,1,2
C0116,09,22,0003,Tehsil - Shahjahanpur 0003,006213, 13 PAHARI,5,2,3,0,0,0,5,2,3
C0116,09,22,0003,Tehsil - Shahjahanpur 0003,006242, 14 RAJASTHANI,33,19,14,0,0,0,33,19,14
C0116,09,22,0003,Tehsil - Shahjahanpur 0003,006999,6 Others,24,12,12,2,0,2,22,12,10
C0116,09,22,0003,Tehsil - Shahjahanpur 0003,007000,7 KANNADA,1,1,0,0,0,0,1,1,0
C0116,09,22,0003,Tehsil - Shahjahanpur 0003,007013, 1 KANNADA,1,1,0,0,0,0,1,1,0
C0116,09,22,0003,Tehsil - Shahjahanpur 0003,008000,8 KASHMIRI,5,3,2,0,0,0,5,3,2
C0116,09,22,0003,Tehsil - Shahjahanpur 0003,008002, 1 KASHMIRI,5,3,2,0,0,0,5,3,2
C0116,09,22,0003,Tehsil - Shahjahanpur 0003,009000,9 KONKANI,1,1,0,0,0,0,1,1,0
C0116,09,22,0003,Tehsil - Shahjahanpur 0003,009010, 1 KONKANI,1,1,0,0,0,0,1,1,0
C0116,09,22,0003,Tehsil - Shahjahanpur 0003,011000,11 MALAYALAM,40,24,16,6,3,3,34,21,13
C0116,09,22,0003,Tehsil - Shahjahanpur 0003,011013, 1 MALAYALAM,40,24,16,6,3,3,34,21,13
C0116,09,22,0003,Tehsil - Shahjahanpur 0003,012000,12 MANIPURI,1,1,0,0,0,0,1,1,0
C0116,09,22,0003,Tehsil - Shahjahanpur 0003,012002, 1 MANIPURI,1,1,0,0,0,0,1,1,0
C0116,09,22,0003,Tehsil - Shahjahanpur 0003,013000,13 MARATHI,57,31,26,4,1,3,53,30,23
C0116,09,22,0003,Tehsil - Shahjahanpur 0003,013048, 1 MARATHI,57,31,26,4,1,3,53,30,23
C0116,09,22,0003,Tehsil - Shahjahanpur 0003,014000,14 NEPALI,2384,1367,1017,1520,873,647,864,494,370
C0116,09,22,0003,Tehsil - Shahjahanpur 0003,014009, 1 NEPALI,2384,1367,1017,1520,873,647,864,494,370
C0116,09,22,0003,Tehsil - Shahjahanpur 0003,015000,15 ORIYA,32,14,18,6,2,4,26,12,14
C0116,09,22,0003,Tehsil - Shahjahanpur 0003,015031, 1 ORIYA,32,14,18,6,2,4,26,12,14
C0116,09,22,0003,Tehsil - Shahjahanpur 0003,016000,16 PUNJABI,6637,3545,3092,4440,2371,2069,2197,1174,1023
C0116,09,22,0003,Tehsil - Shahjahanpur 0003,016018, 1 PUNJABI,6546,3503,3043,4371,2339,2032,2175,1164,1011
C0116,09,22,0003,Tehsil - Shahjahanpur 0003,016999,16 Others,91,42,49,69,32,37,22,10,12
C0116,09,22,0003,Tehsil - Shahjahanpur 0003,019000,19 SINDHI,84,44,40,0,0,0,84,44,40
C0116,09,22,0003,Tehsil - Shahjahanpur 0003,019013, 1 SINDHI,84,44,40,0,0,0,84,44,40
C0116,09,22,0003,Tehsil - Shahjahanpur 0003,020000,20 TAMIL,31,20,11,9,5,4,22,15,7
C0116,09,22,0003,Tehsil - Shahjahanpur 0003,020020, 1 TAMIL,31,20,11,9,5,4,22,15,7
C0116,09,22,0003,Tehsil - Shahjahanpur 0003,021000,21 TELUGU,14,10,4,2,1,1,12,9,3
C0116,09,22,0003,Tehsil - Shahjahanpur 0003,021035, 1 TELUGU,14,10,4,2,1,1,12,9,3
C0116,09,22,0003,Tehsil - Shahjahanpur 0003,022000,22 URDU,162217,86988,75229,32499,17404,15095,129718,69584,60134
C0116,09,22,0003,Tehsil - Shahjahanpur 0003,022014, 1 URDU,162217,86988,75229,32499,17404,15095,129718,69584,60134
C0116,09,22,0003,Tehsil - Shahjahanpur 0003,028000,28 ARABIC/ARBI,34,18,16,1,1,0,33,17,16
C0116,09,22,0003,Tehsil - Shahjahanpur 0003,028001, 1 ARABIC/ARBI,34,18,16,1,1,0,33,17,16
C0116,09,22,0003,Tehsil - Shahjahanpur 0003,040000,40 ENGLISH,26,11,15,1,1,0,25,10,15
C0116,09,22,0003,Tehsil - Shahjahanpur 0003,040001, 1 ENGLISH,26,11,15,1,1,0,25,10,15
C0116,09,22,0003,Tehsil - Shahjahanpur 0003,123000,123 OTHERS,30,17,13,10,7,3,20,10,10
C0116,09,22,0004,Tehsil - Jalalabad 0004,002000,2 BENGALI,42,6,36,34,4,30,8,2,6
C0116,09,22,0004,Tehsil - Jalalabad 0004,002004, 1 BENGALI,42,6,36,34,4,30,8,2,6
C0116,09,22,0004,Tehsil - Jalalabad 0004,006000,6 HINDI,461934,255600,206334,425821,236343,189478,36113,19257,16856
C0116,09,22,0004,Tehsil - Jalalabad 0004,006045, 1 BHOJPURI,2,1,1,1,1,0,1,0,1
C0116,09,22,0004,Tehsil - Jalalabad 0004,006060, 2 BUNDELI/BUNDELKHANDI,39,3,36,38,2,36,1,1,0
C0116,09,22,0004,Tehsil - Jalalabad 0004,006095, 3 GARHWALI,1,1,0,1,1,0,0,0,0
C0116,09,22,0004,Tehsil - Jalalabad 0004,006117, 4 HARYANVI,52,25,27,51,25,26,1,0,1
C0116,09,22,0004,Tehsil - Jalalabad 0004,006118, 5 HINDI,461823,255560,206263,425723,236309,189414,36100,19251,16849
C0116,09,22,0004,Tehsil - Jalalabad 0004,006127, 6 JAUNSARI,3,3,0,3,3,0,0,0,0
C0116,09,22,0004,Tehsil - Jalalabad 0004,006148, 7 KHARI BOLI,2,2,0,2,2,0,0,0,0
C0116,09,22,0004,Tehsil - Jalalabad 0004,006242, 8 RAJASTHANI,10,5,5,0,0,0,10,5,5
C0116,09,22,0004,Tehsil - Jalalabad 0004,006999,6 Others,2,0,2,2,0,2,0,0,0
C0116,09,22,0004,Tehsil - Jalalabad 0004,011000,11 MALAYALAM,1,0,1,0,0,0,1,0,1
C0116,09,22,0004,Tehsil - Jalalabad 0004,011013, 1 MALAYALAM,1,0,1,0,0,0,1,0,1
C0116,09,22,0004,Tehsil - Jalalabad 0004,014000,14 NEPALI,1877,1017,860,1729,943,786,148,74,74
C0116,09,22,0004,Tehsil - Jalalabad 0004,014009, 1 NEPALI,1877,1017,860,1729,943,786,148,74,74
C0116,09,22,0004,Tehsil - Jalalabad 0004,015000,15 ORIYA,10,0,10,10,0,10,0,0,0
C0116,09,22,0004,Tehsil - Jalalabad 0004,015031, 1 ORIYA,10,0,10,10,0,10,0,0,0
C0116,09,22,0004,Tehsil - Jalalabad 0004,016000,16 PUNJABI,336,189,147,334,188,146,2,1,1
C0116,09,22,0004,Tehsil - Jalalabad 0004,016018, 1 PUNJABI,303,172,131,301,171,130,2,1,1
C0116,09,22,0004,Tehsil - Jalalabad 0004,016999,16 Others,33,17,16,33,17,16,0,0,0
C0116,09,22,0004,Tehsil - Jalalabad 0004,020000,20 TAMIL,1,1,0,1,1,0,0,0,0
C0116,09,22,0004,Tehsil - Jalalabad 0004,020020, 1 TAMIL,1,1,0,1,1,0,0,0,0
C0116,09,22,0004,Tehsil - Jalalabad 0004,022000,22 URDU,10710,5645,5065,3898,2079,1819,6812,3566,3246
C0116,09,22,0004,Tehsil - Jalalabad 0004,022014, 1 URDU,10710,5645,5065,3898,2079,1819,6812,3566,3246
C0116,09,22,0004,Tehsil - Jalalabad 0004,028000,28 ARABIC/ARBI,1,0,1,1,0,1,0,0,0
C0116,09,22,0004,Tehsil - Jalalabad 0004,028001, 1 ARABIC/ARBI,1,0,1,1,0,1,0,0,0
C0116,09,22,0004,Tehsil - Jalalabad 0004,072000,72 KURUKH/ORAON,1,0,1,1,0,1,0,0,0
C0116,09,22,0004,Tehsil - Jalalabad 0004,072009, 1 KURUKH/ORAON,1,0,1,1,0,1,0,0,0
C0116,09,22,0004,Tehsil - Jalalabad 0004,123000,123 OTHERS,6,3,3,6,3,3,0,0,0
C0116,09,23,0000,District - Kheri  23,001000,1 ASSAMESE,2,1,1,2,1,1,0,0,0
C0116,09,23,0000,District - Kheri  23,001002, 1 ASSAMESE,2,1,1,2,1,1,0,0,0
C0116,09,23,0000,District - Kheri  23,002000,2 BENGALI,7050,3719,3331,6959,3675,3284,91,44,47
C0116,09,23,0000,District - Kheri  23,002004, 1 BENGALI,7050,3719,3331,6959,3675,3284,91,44,47
C0116,09,23,0000,District - Kheri  23,005000,5 GUJARATI,298,156,142,287,151,136,11,5,6
C0116,09,23,0000,District - Kheri  23,005011, 1 GUJARATI,298,156,142,287,151,136,11,5,6
C0116,09,23,0000,District - Kheri  23,006000,6 HINDI,2941043,1572658,1368385,2662620,1423709,1238911,278423,148949,129474
C0116,09,23,0000,District - Kheri  23,006008, 1 AWADHI,4545,2453,2092,2600,1393,1207,1945,1060,885
C0116,09,23,0000,District - Kheri  23,006026, 2 BANJARI,748,404,344,748,404,344,0,0,0
C0116,09,23,0000,District - Kheri  23,006045, 3 BHOJPURI,8209,4318,3891,8055,4235,3820,154,83,71
C0116,09,23,0000,District - Kheri  23,006059, 4 BRAJBHASHA,10,6,4,10,6,4,0,0,0
C0116,09,23,0000,District - Kheri  23,006060, 5 BUNDELI/BUNDELKHANDI,212,115,97,188,101,87,24,14,10
C0116,09,23,0000,District - Kheri  23,006072, 6 CHHATTISGARHI,52,23,29,52,23,29,0,0,0
C0116,09,23,0000,District - Kheri  23,006095, 7 GARHWALI,104,58,46,78,48,30,26,10,16
C0116,09,23,0000,District - Kheri  23,006117, 8 HARYANVI,124,63,61,116,60,56,8,3,5
C0116,09,23,0000,District - Kheri  23,006118, 9 HINDI,2924415,1563829,1360586,2648273,1416112,1232161,276142,147717,128425
C0116,09,23,0000,District - Kheri  23,006127, 10 JAUNSARI,2,1,1,1,0,1,1,1,0
C0116,09,23,0000,District - Kheri  23,006148, 11 KHARI BOLI,25,15,10,0,0,0,25,15,10
C0116,09,23,0000,District - Kheri  23,006162, 12 KUMAUNI,38,19,19,33,17,16,5,2,3
C0116,09,23,0000,District - Kheri  23,006179, 13 MAGADHI/MAGAHI,1,1,0,1,1,0,0,0,0
C0116,09,23,0000,District - Kheri  23,006192, 14 MARWARI,62,33,29,0,0,0,62,33,29
C0116,09,23,0000,District - Kheri  23,006195, 15 MEWARI,36,17,19,36,17,19,0,0,0
C0116,09,23,0000,District - Kheri  23,006213, 16 PAHARI,4,2,2,0,0,0,4,2,2
C0116,09,23,0000,District - Kheri  23,006242, 17 RAJASTHANI,1753,960,793,1736,955,781,17,5,12
C0116,09,23,0000,District - Kheri  23,006999,6 Others,703,341,362,693,337,356,10,4,6
C0116,09,23,0000,District - Kheri  23,007000,7 KANNADA,165,93,72,165,93,72,0,0,0
C0116,09,23,0000,District - Kheri  23,007013, 1 KANNADA,164,92,72,164,92,72,0,0,0
C0116,09,23,0000,District - Kheri  23,007999,7 Others,1,1,0,1,1,0,0,0,0
C0116,09,23,0000,District - Kheri  23,010000,10 MAITHILI,3,2,1,1,1,0,2,1,1
C0116,09,23,0000,District - Kheri  23,010006, 1 MAITHILI,3,2,1,1,1,0,2,1,1
C0116,09,23,0000,District - Kheri  23,011000,11 MALAYALAM,36,16,20,9,3,6,27,13,14
C0116,09,23,0000,District - Kheri  23,011013, 1 MALAYALAM,36,16,20,9,3,6,27,13,14
C0116,09,23,0000,District - Kheri  23,013000,13 MARATHI,29,15,14,6,4,2,23,11,12
C0116,09,23,0000,District - Kheri  23,013048, 1 MARATHI,16,9,7,6,4,2,10,5,5
C0116,09,23,0000,District - Kheri  23,013999,13 Others,13,6,7,0,0,0,13,6,7
C0116,09,23,0000,District - Kheri  23,014000,14 NEPALI,773,422,351,732,400,332,41,22,19
C0116,09,23,0000,District - Kheri  23,014009, 1 NEPALI,773,422,351,732,400,332,41,22,19
C0116,09,23,0000,District - Kheri  23,015000,15 ORIYA,82,48,34,67,41,26,15,7,8
C0116,09,23,0000,District - Kheri  23,015031, 1 ORIYA,21,10,11,6,3,3,15,7,8
C0116,09,23,0000,District - Kheri  23,015999,15 Others,61,38,23,61,38,23,0,0,0
C0116,09,23,0000,District - Kheri  23,016000,16 PUNJABI,68728,36491,32237,65723,34902,30821,3005,1589,1416
C0116,09,23,0000,District - Kheri  23,016018, 1 PUNJABI,66451,35285,31166,63584,33767,29817,2867,1518,1349
C0116,09,23,0000,District - Kheri  23,016999,16 Others,2277,1206,1071,2139,1135,1004,138,71,67
C0116,09,23,0000,District - Kheri  23,017000,17 SANSKRIT,28,14,14,19,11,8,9,3,6
C0116,09,23,0000,District - Kheri  23,017002, 1 SANSKRIT,28,14,14,19,11,8,9,3,6
C0116,09,23,0000,District - Kheri  23,019000,19 SINDHI,99,52,47,0,0,0,99,52,47
C0116,09,23,0000,District - Kheri  23,019013, 1 SINDHI,99,52,47,0,0,0,99,52,47
C0116,09,23,0000,District - Kheri  23,020000,20 TAMIL,11,7,4,5,4,1,6,3,3
C0116,09,23,0000,District - Kheri  23,020020, 1 TAMIL,10,7,3,5,4,1,5,3,2
C0116,09,23,0000,District - Kheri  23,020999,20 Others,1,0,1,0,0,0,1,0,1
C0116,09,23,0000,District - Kheri  23,021000,21 TELUGU,7,3,4,4,1,3,3,2,1
C0116,09,23,0000,District - Kheri  23,021035, 1 TELUGU,7,3,4,4,1,3,3,2,1
C0116,09,23,0000,District - Kheri  23,022000,22 URDU,188381,99963,88418,124692,66412,58280,63689,33551,30138
C0116,09,23,0000,District - Kheri  23,022014, 1 URDU,188381,99963,88418,124692,66412,58280,63689,33551,30138
C0116,09,23,0000,District - Kheri  23,028000,28 ARABIC/ARBI,25,11,14,24,11,13,1,0,1
C0116,09,23,0000,District - Kheri  23,028001, 1 ARABIC/ARBI,25,11,14,24,11,13,1,0,1
C0116,09,23,0000,District - Kheri  23,040000,40 ENGLISH,187,100,87,160,84,76,27,16,11
C0116,09,23,0000,District - Kheri  23,040001, 1 ENGLISH,187,100,87,160,84,76,27,16,11
C0116,09,23,0000,District - Kheri  23,072000,72 KURUKH/ORAON,32,16,16,32,16,16,0,0,0
C0116,09,23,0000,District - Kheri  23,072999,72 Others,32,16,16,32,16,16,0,0,0
C0116,09,23,0000,District - Kheri  23,075000,75 LAHNDA,1,0,1,1,0,1,0,0,0
C0116,09,23,0000,District - Kheri  23,075999,75 Others,1,0,1,1,0,1,0,0,0
C0116,09,23,0000,District - Kheri  23,113000,113 THADO,36,14,22,36,14,22,0,0,0
C0116,09,23,0000,District - Kheri  23,113015, 1 THADO,36,14,22,36,14,22,0,0,0
C0116,09,23,0000,District - Kheri  23,123000,123 OTHERS,216,107,109,151,71,80,65,36,29
C0116,09,23,0001,Tehsil - Nighasan 0001,001000,1 ASSAMESE,1,1,0,1,1,0,0,0,0
C0116,09,23,0001,Tehsil - Nighasan 0001,001002, 1 ASSAMESE,1,1,0,1,1,0,0,0,0
C0116,09,23,0001,Tehsil - Nighasan 0001,002000,2 BENGALI,104,52,52,61,29,32,43,23,20
C0116,09,23,0001,Tehsil - Nighasan 0001,002004, 1 BENGALI,104,52,52,61,29,32,43,23,20
C0116,09,23,0001,Tehsil - Nighasan 0001,006000,6 HINDI,492257,260746,231511,447759,237040,210719,44498,23706,20792
C0116,09,23,0001,Tehsil - Nighasan 0001,006008, 1 AWADHI,1716,911,805,1701,904,797,15,7,8
C0116,09,23,0001,Tehsil - Nighasan 0001,006026, 2 BANJARI,628,340,288,628,340,288,0,0,0
C0116,09,23,0001,Tehsil - Nighasan 0001,006045, 3 BHOJPURI,2832,1469,1363,2693,1395,1298,139,74,65
C0116,09,23,0001,Tehsil - Nighasan 0001,006059, 4 BRAJBHASHA,1,0,1,1,0,1,0,0,0
C0116,09,23,0001,Tehsil - Nighasan 0001,006060, 5 BUNDELI/BUNDELKHANDI,36,22,14,27,17,10,9,5,4
C0116,09,23,0001,Tehsil - Nighasan 0001,006095, 6 GARHWALI,49,25,24,25,17,8,24,8,16
C0116,09,23,0001,Tehsil - Nighasan 0001,006117, 7 HARYANVI,39,16,23,33,14,19,6,2,4
C0116,09,23,0001,Tehsil - Nighasan 0001,006118, 8 HINDI,484995,256933,228062,440759,233359,207400,44236,23574,20662
C0116,09,23,0001,Tehsil - Nighasan 0001,006148, 9 KHARI BOLI,25,15,10,0,0,0,25,15,10
C0116,09,23,0001,Tehsil - Nighasan 0001,006162, 10 KUMAUNI,36,17,19,32,16,16,4,1,3
C0116,09,23,0001,Tehsil - Nighasan 0001,006179, 11 MAGADHI/MAGAHI,1,1,0,1,1,0,0,0,0
C0116,09,23,0001,Tehsil - Nighasan 0001,006192, 12 MARWARI,30,16,14,0,0,0,30,16,14
C0116,09,23,0001,Tehsil - Nighasan 0001,006195, 13 MEWARI,36,17,19,36,17,19,0,0,0
C0116,09,23,0001,Tehsil - Nighasan 0001,006213, 14 PAHARI,4,2,2,0,0,0,4,2,2
C0116,09,23,0001,Tehsil - Nighasan 0001,006242, 15 RAJASTHANI,1169,648,521,1163,646,517,6,2,4
C0116,09,23,0001,Tehsil - Nighasan 0001,006999,6 Others,660,314,346,660,314,346,0,0,0
C0116,09,23,0001,Tehsil - Nighasan 0001,007000,7 KANNADA,165,93,72,165,93,72,0,0,0
C0116,09,23,0001,Tehsil - Nighasan 0001,007013, 1 KANNADA,164,92,72,164,92,72,0,0,0
C0116,09,23,0001,Tehsil - Nighasan 0001,007999,7 Others,1,1,0,1,1,0,0,0,0
C0116,09,23,0001,Tehsil - Nighasan 0001,010000,10 MAITHILI,3,2,1,1,1,0,2,1,1
C0116,09,23,0001,Tehsil - Nighasan 0001,010006, 1 MAITHILI,3,2,1,1,1,0,2,1,1
C0116,09,23,0001,Tehsil - Nighasan 0001,011000,11 MALAYALAM,8,4,4,3,0,3,5,4,1
C0116,09,23,0001,Tehsil - Nighasan 0001,011013, 1 MALAYALAM,8,4,4,3,0,3,5,4,1
C0116,09,23,0001,Tehsil - Nighasan 0001,013000,13 MARATHI,22,10,12,0,0,0,22,10,12
C0116,09,23,0001,Tehsil - Nighasan 0001,013048, 1 MARATHI,9,4,5,0,0,0,9,4,5
C0116,09,23,0001,Tehsil - Nighasan 0001,013999,13 Others,13,6,7,0,0,0,13,6,7
C0116,09,23,0001,Tehsil - Nighasan 0001,014000,14 NEPALI,676,375,301,656,363,293,20,12,8
C0116,09,23,0001,Tehsil - Nighasan 0001,014009, 1 NEPALI,676,375,301,656,363,293,20,12,8
C0116,09,23,0001,Tehsil - Nighasan 0001,015000,15 ORIYA,61,38,23,61,38,23,0,0,0
C0116,09,23,0001,Tehsil - Nighasan 0001,015999,15 Others,61,38,23,61,38,23,0,0,0
C0116,09,23,0001,Tehsil - Nighasan 0001,016000,16 PUNJABI,32333,17137,15196,31441,16675,14766,892,462,430
C0116,09,23,0001,Tehsil - Nighasan 0001,016018, 1 PUNJABI,30380,16102,14278,29536,15665,13871,844,437,407
C0116,09,23,0001,Tehsil - Nighasan 0001,016999,16 Others,1953,1035,918,1905,1010,895,48,25,23
C0116,09,23,0001,Tehsil - Nighasan 0001,020000,20 TAMIL,2,2,0,1,1,0,1,1,0
C0116,09,23,0001,Tehsil - Nighasan 0001,020020, 1 TAMIL,2,2,0,1,1,0,1,1,0
C0116,09,23,0001,Tehsil - Nighasan 0001,021000,21 TELUGU,3,2,1,0,0,0,3,2,1
C0116,09,23,0001,Tehsil - Nighasan 0001,021035, 1 TELUGU,3,2,1,0,0,0,3,2,1
C0116,09,23,0001,Tehsil - Nighasan 0001,022000,22 URDU,15222,8109,7113,8635,4687,3948,6587,3422,3165
C0116,09,23,0001,Tehsil - Nighasan 0001,022014, 1 URDU,15222,8109,7113,8635,4687,3948,6587,3422,3165
C0116,09,23,0001,Tehsil - Nighasan 0001,028000,28 ARABIC/ARBI,12,9,3,12,9,3,0,0,0
C0116,09,23,0001,Tehsil - Nighasan 0001,028001, 1 ARABIC/ARBI,12,9,3,12,9,3,0,0,0
C0116,09,23,0001,Tehsil - Nighasan 0001,040000,40 ENGLISH,3,3,0,1,1,0,2,2,0
C0116,09,23,0001,Tehsil - Nighasan 0001,040001, 1 ENGLISH,3,3,0,1,1,0,2,2,0
C0116,09,23,0001,Tehsil - Nighasan 0001,072000,72 KURUKH/ORAON,32,16,16,32,16,16,0,0,0
C0116,09,23,0001,Tehsil - Nighasan 0001,072999,72 Others,32,16,16,32,16,16,0,0,0
C0116,09,23,0001,Tehsil - Nighasan 0001,075000,75 LAHNDA,1,0,1,1,0,1,0,0,0
C0116,09,23,0001,Tehsil - Nighasan 0001,075999,75 Others,1,0,1,1,0,1,0,0,0
C0116,09,23,0001,Tehsil - Nighasan 0001,113000,113 THADO,36,14,22,36,14,22,0,0,0
C0116,09,23,0001,Tehsil - Nighasan 0001,113015, 1 THADO,36,14,22,36,14,22,0,0,0
C0116,09,23,0001,Tehsil - Nighasan 0001,123000,123 OTHERS,161,78,83,102,46,56,59,32,27
C0116,09,23,0002,Tehsil - Gola Gokaran Nath 0002,001000,1 ASSAMESE,1,0,1,1,0,1,0,0,0
C0116,09,23,0002,Tehsil - Gola Gokaran Nath 0002,001002, 1 ASSAMESE,1,0,1,1,0,1,0,0,0
C0116,09,23,0002,Tehsil - Gola Gokaran Nath 0002,002000,2 BENGALI,2208,1137,1071,2180,1122,1058,28,15,13
C0116,09,23,0002,Tehsil - Gola Gokaran Nath 0002,002004, 1 BENGALI,2208,1137,1071,2180,1122,1058,28,15,13
C0116,09,23,0002,Tehsil - Gola Gokaran Nath 0002,006000,6 HINDI,572209,304371,267838,511478,271902,239576,60731,32469,28262
C0116,09,23,0002,Tehsil - Gola Gokaran Nath 0002,006008, 1 AWADHI,2,2,0,2,2,0,0,0,0
C0116,09,23,0002,Tehsil - Gola Gokaran Nath 0002,006045, 2 BHOJPURI,2,0,2,0,0,0,2,0,2
C0116,09,23,0002,Tehsil - Gola Gokaran Nath 0002,006059, 3 BRAJBHASHA,7,5,2,7,5,2,0,0,0
C0116,09,23,0002,Tehsil - Gola Gokaran Nath 0002,006060, 4 BUNDELI/BUNDELKHANDI,36,19,17,24,12,12,12,7,5
C0116,09,23,0002,Tehsil - Gola Gokaran Nath 0002,006117, 5 HARYANVI,84,46,38,83,46,37,1,0,1
C0116,09,23,0002,Tehsil - Gola Gokaran Nath 0002,006118, 6 HINDI,571483,303980,267503,510779,271522,239257,60704,32458,28246
C0116,09,23,0002,Tehsil - Gola Gokaran Nath 0002,006127, 7 JAUNSARI,1,1,0,0,0,0,1,1,0
C0116,09,23,0002,Tehsil - Gola Gokaran Nath 0002,006242, 8 RAJASTHANI,584,312,272,573,309,264,11,3,8
C0116,09,23,0002,Tehsil - Gola Gokaran Nath 0002,006999,6 Others,10,6,4,10,6,4,0,0,0
C0116,09,23,0002,Tehsil - Gola Gokaran Nath 0002,011000,11 MALAYALAM,14,7,7,4,2,2,10,5,5
C0116,09,23,0002,Tehsil - Gola Gokaran Nath 0002,011013, 1 MALAYALAM,14,7,7,4,2,2,10,5,5
C0116,09,23,0002,Tehsil - Gola Gokaran Nath 0002,013000,13 MARATHI,1,1,0,0,0,0,1,1,0
C0116,09,23,0002,Tehsil - Gola Gokaran Nath 0002,013048, 1 MARATHI,1,1,0,0,0,0,1,1,0
C0116,09,23,0002,Tehsil - Gola Gokaran Nath 0002,014000,14 NEPALI,24,12,12,17,9,8,7,3,4
C0116,09,23,0002,Tehsil - Gola Gokaran Nath 0002,014009, 1 NEPALI,24,12,12,17,9,8,7,3,4
C0116,09,23,0002,Tehsil - Gola Gokaran Nath 0002,015000,15 ORIYA,5,2,3,2,1,1,3,1,2
C0116,09,23,0002,Tehsil - Gola Gokaran Nath 0002,015031, 1 ORIYA,5,2,3,2,1,1,3,1,2
C0116,09,23,0002,Tehsil - Gola Gokaran Nath 0002,016000,16 PUNJABI,14736,7831,6905,14024,7448,6576,712,383,329
C0116,09,23,0002,Tehsil - Gola Gokaran Nath 0002,016018, 1 PUNJABI,14640,7778,6862,13928,7395,6533,712,383,329
C0116,09,23,0002,Tehsil - Gola Gokaran Nath 0002,016999,16 Others,96,53,43,96,53,43,0,0,0
C0116,09,23,0002,Tehsil - Gola Gokaran Nath 0002,020000,20 TAMIL,4,3,1,4,3,1,0,0,0
C0116,09,23,0002,Tehsil - Gola Gokaran Nath 0002,020020, 1 TAMIL,4,3,1,4,3,1,0,0,0
C0116,09,23,0002,Tehsil - Gola Gokaran Nath 0002,022000,22 URDU,34142,18120,16022,29014,15459,13555,5128,2661,2467
C0116,09,23,0002,Tehsil - Gola Gokaran Nath 0002,022014, 1 URDU,34142,18120,16022,29014,15459,13555,5128,2661,2467
C0116,09,23,0002,Tehsil - Gola Gokaran Nath 0002,028000,28 ARABIC/ARBI,2,0,2,2,0,2,0,0,0
C0116,09,23,0002,Tehsil - Gola Gokaran Nath 0002,028001, 1 ARABIC/ARBI,2,0,2,2,0,2,0,0,0
C0116,09,23,0002,Tehsil - Gola Gokaran Nath 0002,040000,40 ENGLISH,18,11,7,5,2,3,13,9,4
C0116,09,23,0002,Tehsil - Gola Gokaran Nath 0002,040001, 1 ENGLISH,18,11,7,5,2,3,13,9,4
C0116,09,23,0002,Tehsil - Gola Gokaran Nath 0002,123000,123 OTHERS,19,10,9,19,10,9,0,0,0
C0116,09,23,0003,Tehsil - Mohammdi 0003,002000,2 BENGALI,3234,1739,1495,3233,1739,1494,1,0,1
C0116,09,23,0003,Tehsil - Mohammdi 0003,002004, 1 BENGALI,3234,1739,1495,3233,1739,1494,1,0,1
C0116,09,23,0003,Tehsil - Mohammdi 0003,005000,5 GUJARATI,287,151,136,287,151,136,0,0,0
C0116,09,23,0003,Tehsil - Mohammdi 0003,005011, 1 GUJARATI,287,151,136,287,151,136,0,0,0
C0116,09,23,0003,Tehsil - Mohammdi 0003,006000,6 HINDI,574610,309905,264705,545836,294597,251239,28774,15308,13466
C0116,09,23,0003,Tehsil - Mohammdi 0003,006045, 1 BHOJPURI,69,34,35,69,34,35,0,0,0
C0116,09,23,0003,Tehsil - Mohammdi 0003,006060, 2 BUNDELI/BUNDELKHANDI,102,55,47,100,54,46,2,1,1
C0116,09,23,0003,Tehsil - Mohammdi 0003,006095, 3 GARHWALI,12,9,3,12,9,3,0,0,0
C0116,09,23,0003,Tehsil - Mohammdi 0003,006118, 4 HINDI,574417,309805,264612,545648,294498,251150,28769,15307,13462
C0116,09,23,0003,Tehsil - Mohammdi 0003,006162, 5 KUMAUNI,1,1,0,1,1,0,0,0,0
C0116,09,23,0003,Tehsil - Mohammdi 0003,006999,6 Others,9,1,8,6,1,5,3,0,3
C0116,09,23,0003,Tehsil - Mohammdi 0003,014000,14 NEPALI,27,15,12,24,13,11,3,2,1
C0116,09,23,0003,Tehsil - Mohammdi 0003,014009, 1 NEPALI,27,15,12,24,13,11,3,2,1
C0116,09,23,0003,Tehsil - Mohammdi 0003,015000,15 ORIYA,3,2,1,3,2,1,0,0,0
C0116,09,23,0003,Tehsil - Mohammdi 0003,015031, 1 ORIYA,3,2,1,3,2,1,0,0,0
C0116,09,23,0003,Tehsil - Mohammdi 0003,016000,16 PUNJABI,12303,6580,5723,12168,6514,5654,135,66,69
C0116,09,23,0003,Tehsil - Mohammdi 0003,016018, 1 PUNJABI,12217,6533,5684,12082,6467,5615,135,66,69
C0116,09,23,0003,Tehsil - Mohammdi 0003,016999,16 Others,86,47,39,86,47,39,0,0,0
C0116,09,23,0003,Tehsil - Mohammdi 0003,021000,21 TELUGU,4,1,3,4,1,3,0,0,0
C0116,09,23,0003,Tehsil - Mohammdi 0003,021035, 1 TELUGU,4,1,3,4,1,3,0,0,0
C0116,09,23,0003,Tehsil - Mohammdi 0003,022000,22 URDU,69019,36767,32252,47673,25367,22306,21346,11400,9946
C0116,09,23,0003,Tehsil - Mohammdi 0003,022014, 1 URDU,69019,36767,32252,47673,25367,22306,21346,11400,9946
C0116,09,23,0003,Tehsil - Mohammdi 0003,028000,28 ARABIC/ARBI,6,1,5,6,1,5,0,0,0
C0116,09,23,0003,Tehsil - Mohammdi 0003,028001, 1 ARABIC/ARBI,6,1,5,6,1,5,0,0,0
C0116,09,23,0003,Tehsil - Mohammdi 0003,040000,40 ENGLISH,1,0,1,1,0,1,0,0,0
C0116,09,23,0003,Tehsil - Mohammdi 0003,040001, 1 ENGLISH,1,0,1,1,0,1,0,0,0
C0116,09,23,0004,Tehsil - Lakhimpur 0004,002000,2 BENGALI,26,9,17,7,3,4,19,6,13
C0116,09,23,0004,Tehsil - Lakhimpur 0004,002004, 1 BENGALI,26,9,17,7,3,4,19,6,13
C0116,09,23,0004,Tehsil - Lakhimpur 0004,005000,5 GUJARATI,11,5,6,0,0,0,11,5,6
C0116,09,23,0004,Tehsil - Lakhimpur 0004,005011, 1 GUJARATI,11,5,6,0,0,0,11,5,6
C0116,09,23,0004,Tehsil - Lakhimpur 0004,006000,6 HINDI,843533,450431,393102,717493,382765,334728,126040,67666,58374
C0116,09,23,0004,Tehsil - Lakhimpur 0004,006008, 1 AWADHI,2827,1540,1287,897,487,410,1930,1053,877
C0116,09,23,0004,Tehsil - Lakhimpur 0004,006026, 2 BANJARI,120,64,56,120,64,56,0,0,0
C0116,09,23,0004,Tehsil - Lakhimpur 0004,006045, 3 BHOJPURI,5306,2815,2491,5293,2806,2487,13,9,4
C0116,09,23,0004,Tehsil - Lakhimpur 0004,006059, 4 BRAJBHASHA,2,1,1,2,1,1,0,0,0
C0116,09,23,0004,Tehsil - Lakhimpur 0004,006060, 5 BUNDELI/BUNDELKHANDI,6,1,5,5,0,5,1,1,0
C0116,09,23,0004,Tehsil - Lakhimpur 0004,006072, 6 CHHATTISGARHI,52,23,29,52,23,29,0,0,0
C0116,09,23,0004,Tehsil - Lakhimpur 0004,006095, 7 GARHWALI,43,24,19,41,22,19,2,2,0
C0116,09,23,0004,Tehsil - Lakhimpur 0004,006117, 8 HARYANVI,1,1,0,0,0,0,1,1,0
C0116,09,23,0004,Tehsil - Lakhimpur 0004,006118, 9 HINDI,835126,445930,389196,711073,379352,331721,124053,66578,57475
C0116,09,23,0004,Tehsil - Lakhimpur 0004,006162, 10 KUMAUNI,1,1,0,0,0,0,1,1,0
C0116,09,23,0004,Tehsil - Lakhimpur 0004,006192, 11 MARWARI,32,17,15,0,0,0,32,17,15
C0116,09,23,0004,Tehsil - Lakhimpur 0004,006999,6 Others,17,14,3,10,10,0,7,4,3
C0116,09,23,0004,Tehsil - Lakhimpur 0004,011000,11 MALAYALAM,12,4,8,0,0,0,12,4,8
C0116,09,23,0004,Tehsil - Lakhimpur 0004,011013, 1 MALAYALAM,12,4,8,0,0,0,12,4,8
C0116,09,23,0004,Tehsil - Lakhimpur 0004,013000,13 MARATHI,6,4,2,6,4,2,0,0,0
C0116,09,23,0004,Tehsil - Lakhimpur 0004,013048, 1 MARATHI,6,4,2,6,4,2,0,0,0
C0116,09,23,0004,Tehsil - Lakhimpur 0004,014000,14 NEPALI,40,17,23,29,12,17,11,5,6
C0116,09,23,0004,Tehsil - Lakhimpur 0004,014009, 1 NEPALI,40,17,23,29,12,17,11,5,6
C0116,09,23,0004,Tehsil - Lakhimpur 0004,015000,15 ORIYA,13,6,7,1,0,1,12,6,6
C0116,09,23,0004,Tehsil - Lakhimpur 0004,015031, 1 ORIYA,13,6,7,1,0,1,12,6,6
C0116,09,23,0004,Tehsil - Lakhimpur 0004,016000,16 PUNJABI,9078,4800,4278,7812,4122,3690,1266,678,588
C0116,09,23,0004,Tehsil - Lakhimpur 0004,016018, 1 PUNJABI,8940,4731,4209,7764,4099,3665,1176,632,544
C0116,09,23,0004,Tehsil - Lakhimpur 0004,016999,16 Others,138,69,69,48,23,25,90,46,44
C0116,09,23,0004,Tehsil - Lakhimpur 0004,017000,17 SANSKRIT,9,3,6,0,0,0,9,3,6
C0116,09,23,0004,Tehsil - Lakhimpur 0004,017002, 1 SANSKRIT,9,3,6,0,0,0,9,3,6
C0116,09,23,0004,Tehsil - Lakhimpur 0004,019000,19 SINDHI,99,52,47,0,0,0,99,52,47
C0116,09,23,0004,Tehsil - Lakhimpur 0004,019013, 1 SINDHI,99,52,47,0,0,0,99,52,47
C0116,09,23,0004,Tehsil - Lakhimpur 0004,020000,20 TAMIL,5,2,3,0,0,0,5,2,3
C0116,09,23,0004,Tehsil - Lakhimpur 0004,020020, 1 TAMIL,4,2,2,0,0,0,4,2,2
C0116,09,23,0004,Tehsil - Lakhimpur 0004,020999,20 Others,1,0,1,0,0,0,1,0,1
C0116,09,23,0004,Tehsil - Lakhimpur 0004,022000,22 URDU,66869,35267,31602,36763,19476,17287,30106,15791,14315
C0116,09,23,0004,Tehsil - Lakhimpur 0004,022014, 1 URDU,66869,35267,31602,36763,19476,17287,30106,15791,14315
C0116,09,23,0004,Tehsil - Lakhimpur 0004,028000,28 ARABIC/ARBI,5,1,4,4,1,3,1,0,1
C0116,09,23,0004,Tehsil - Lakhimpur 0004,028001, 1 ARABIC/ARBI,5,1,4,4,1,3,1,0,1
C0116,09,23,0004,Tehsil - Lakhimpur 0004,040000,40 ENGLISH,165,86,79,153,81,72,12,5,7
C0116,09,23,0004,Tehsil - Lakhimpur 0004,040001, 1 ENGLISH,165,86,79,153,81,72,12,5,7
C0116,09,23,0004,Tehsil - Lakhimpur 0004,123000,123 OTHERS,36,19,17,30,15,15,6,4,2
C0116,09,23,0005,Tehsil - Dhaurahara 0005,002000,2 BENGALI,1478,782,696,1478,782,696,0,0,0
C0116,09,23,0005,Tehsil - Dhaurahara 0005,002004, 1 BENGALI,1478,782,696,1478,782,696,0,0,0
C0116,09,23,0005,Tehsil - Dhaurahara 0005,006000,6 HINDI,458434,247205,211229,440054,237405,202649,18380,9800,8580
C0116,09,23,0005,Tehsil - Dhaurahara 0005,006060, 1 BUNDELI/BUNDELKHANDI,32,18,14,32,18,14,0,0,0
C0116,09,23,0005,Tehsil - Dhaurahara 0005,006118, 2 HINDI,458394,247181,211213,440014,237381,202633,18380,9800,8580
C0116,09,23,0005,Tehsil - Dhaurahara 0005,006127, 3 JAUNSARI,1,0,1,1,0,1,0,0,0
C0116,09,23,0005,Tehsil - Dhaurahara 0005,006999,6 Others,7,6,1,7,6,1,0,0,0
C0116,09,23,0005,Tehsil - Dhaurahara 0005,011000,11 MALAYALAM,2,1,1,2,1,1,0,0,0
C0116,09,23,0005,Tehsil - Dhaurahara 0005,011013, 1 MALAYALAM,2,1,1,2,1,1,0,0,0
C0116,09,23,0005,Tehsil - Dhaurahara 0005,014000,14 NEPALI,6,3,3,6,3,3,0,0,0
C0116,09,23,0005,Tehsil - Dhaurahara 0005,014009, 1 NEPALI,6,3,3,6,3,3,0,0,0
C0116,09,23,0005,Tehsil - Dhaurahara 0005,016000,16 PUNJABI,278,143,135,278,143,135,0,0,0
C0116,09,23,0005,Tehsil - Dhaurahara 0005,016018, 1 PUNJABI,274,141,133,274,141,133,0,0,0
C0116,09,23,0005,Tehsil - Dhaurahara 0005,016999,16 Others,4,2,2,4,2,2,0,0,0
C0116,09,23,0005,Tehsil - Dhaurahara 0005,017000,17 SANSKRIT,19,11,8,19,11,8,0,0,0
C0116,09,23,0005,Tehsil - Dhaurahara 0005,017002, 1 SANSKRIT,19,11,8,19,11,8,0,0,0
C0116,09,23,0005,Tehsil - Dhaurahara 0005,022000,22 URDU,3129,1700,1429,2607,1423,1184,522,277,245
C0116,09,23,0005,Tehsil - Dhaurahara 0005,022014, 1 URDU,3129,1700,1429,2607,1423,1184,522,277,245
C0116,09,24,0000,District - Sitapur  24,001000,1 ASSAMESE,1,0,1,1,0,1,0,0,0
C0116,09,24,0000,District - Sitapur  24,001002, 1 ASSAMESE,1,0,1,1,0,1,0,0,0
C0116,09,24,0000,District - Sitapur  24,002000,2 BENGALI,171,87,84,81,44,37,90,43,47
C0116,09,24,0000,District - Sitapur  24,002004, 1 BENGALI,171,87,84,81,44,37,90,43,47
C0116,09,24,0000,District - Sitapur  24,003000,3 BODO,1,0,1,1,0,1,0,0,0
C0116,09,24,0000,District - Sitapur  24,003001, 1 BODO,1,0,1,1,0,1,0,0,0
C0116,09,24,0000,District - Sitapur  24,005000,5 GUJARATI,48,29,19,3,3,0,45,26,19
C0116,09,24,0000,District - Sitapur  24,005011, 1 GUJARATI,1,1,0,0,0,0,1,1,0
C0116,09,24,0000,District - Sitapur  24,005999,5 Others,47,28,19,3,3,0,44,25,19
C0116,09,24,0000,District - Sitapur  24,006000,6 HINDI,3248294,1746615,1501679,2982093,1606123,1375970,266201,140492,125709
C0116,09,24,0000,District - Sitapur  24,006008, 1 AWADHI,103951,55710,48241,101913,54640,47273,2038,1070,968
C0116,09,24,0000,District - Sitapur  24,006045, 2 BHOJPURI,283,156,127,196,107,89,87,49,38
C0116,09,24,0000,District - Sitapur  24,006059, 3 BRAJBHASHA,20,7,13,3,2,1,17,5,12
C0116,09,24,0000,District - Sitapur  24,006060, 4 BUNDELI/BUNDELKHANDI,40,16,24,24,6,18,16,10,6
C0116,09,24,0000,District - Sitapur  24,006072, 5 CHHATTISGARHI,274,129,145,267,127,140,7,2,5
C0116,09,24,0000,District - Sitapur  24,006095, 6 GARHWALI,36,15,21,24,10,14,12,5,7
C0116,09,24,0000,District - Sitapur  24,006118, 7 HINDI,3143390,1690427,1452963,2879542,1551169,1328373,263848,139258,124590
C0116,09,24,0000,District - Sitapur  24,006127, 8 JAUNSARI,53,30,23,53,30,23,0,0,0
C0116,09,24,0000,District - Sitapur  24,006148, 9 KHARI BOLI,6,4,2,1,0,1,5,4,1
C0116,09,24,0000,District - Sitapur  24,006162, 10 KUMAUNI,68,35,33,56,28,28,12,7,5
C0116,09,24,0000,District - Sitapur  24,006192, 11 MARWARI,41,24,17,0,0,0,41,24,17
C0116,09,24,0000,District - Sitapur  24,006242, 12 RAJASTHANI,3,2,1,0,0,0,3,2,1
C0116,09,24,0000,District - Sitapur  24,006999,6 Others,129,60,69,14,4,10,115,56,59
C0116,09,24,0000,District - Sitapur  24,007000,7 KANNADA,1,1,0,1,1,0,0,0,0
C0116,09,24,0000,District - Sitapur  24,007013, 1 KANNADA,1,1,0,1,1,0,0,0,0
C0116,09,24,0000,District - Sitapur  24,009000,9 KONKANI,1,0,1,1,0,1,0,0,0
C0116,09,24,0000,District - Sitapur  24,009010, 1 KONKANI,1,0,1,1,0,1,0,0,0
C0116,09,24,0000,District - Sitapur  24,011000,11 MALAYALAM,221,9,212,211,7,204,10,2,8
C0116,09,24,0000,District - Sitapur  24,011013, 1 MALAYALAM,221,9,212,211,7,204,10,2,8
C0116,09,24,0000,District - Sitapur  24,013000,13 MARATHI,9,6,3,0,0,0,9,6,3
C0116,09,24,0000,District - Sitapur  24,013048, 1 MARATHI,9,6,3,0,0,0,9,6,3
C0116,09,24,0000,District - Sitapur  24,014000,14 NEPALI,6581,3730,2851,6180,3477,2703,401,253,148
C0116,09,24,0000,District - Sitapur  24,014009, 1 NEPALI,6581,3730,2851,6180,3477,2703,401,253,148
C0116,09,24,0000,District - Sitapur  24,015000,15 ORIYA,85,42,43,10,5,5,75,37,38
C0116,09,24,0000,District - Sitapur  24,015031, 1 ORIYA,85,42,43,10,5,5,75,37,38
C0116,09,24,0000,District - Sitapur  24,016000,16 PUNJABI,7658,4083,3575,6070,3256,2814,1588,827,761
C0116,09,24,0000,District - Sitapur  24,016018, 1 PUNJABI,7620,4059,3561,6044,3239,2805,1576,820,756
C0116,09,24,0000,District - Sitapur  24,016999,16 Others,38,24,14,26,17,9,12,7,5
C0116,09,24,0000,District - Sitapur  24,017000,17 SANSKRIT,4222,2311,1911,3664,2007,1657,558,304,254
C0116,09,24,0000,District - Sitapur  24,017002, 1 SANSKRIT,4222,2311,1911,3664,2007,1657,558,304,254
C0116,09,24,0000,District - Sitapur  24,019000,19 SINDHI,777,384,393,9,6,3,768,378,390
C0116,09,24,0000,District - Sitapur  24,019013, 1 SINDHI,777,384,393,9,6,3,768,378,390
C0116,09,24,0000,District - Sitapur  24,020000,20 TAMIL,11,7,4,10,7,3,1,0,1
C0116,09,24,0000,District - Sitapur  24,020020, 1 TAMIL,10,7,3,10,7,3,0,0,0
C0116,09,24,0000,District - Sitapur  24,020999,20 Others,1,0,1,0,0,0,1,0,1
C0116,09,24,0000,District - Sitapur  24,021000,21 TELUGU,2,1,1,0,0,0,2,1,1
C0116,09,24,0000,District - Sitapur  24,021035, 1 TELUGU,2,1,1,0,0,0,2,1,1
C0116,09,24,0000,District - Sitapur  24,022000,22 URDU,349489,182977,166512,186775,98372,88403,162714,84605,78109
C0116,09,24,0000,District - Sitapur  24,022014, 1 URDU,349489,182977,166512,186775,98372,88403,162714,84605,78109
C0116,09,24,0000,District - Sitapur  24,028000,28 ARABIC/ARBI,1932,1010,922,1819,948,871,113,62,51
C0116,09,24,0000,District - Sitapur  24,028001, 1 ARABIC/ARBI,1932,1010,922,1819,948,871,113,62,51
C0116,09,24,0000,District - Sitapur  24,040000,40 ENGLISH,23,13,10,13,8,5,10,5,5
C0116,09,24,0000,District - Sitapur  24,040001, 1 ENGLISH,23,13,10,13,8,5,10,5,5
C0116,09,24,0000,District - Sitapur  24,090000,90 MUNDA,1,0,1,0,0,0,1,0,1
C0116,09,24,0000,District - Sitapur  24,090999,90 Others,1,0,1,0,0,0,1,0,1
C0116,09,24,0000,District - Sitapur  24,098000,98 PERSIAN,8,5,3,8,5,3,0,0,0
C0116,09,24,0000,District - Sitapur  24,098001, 1 PERSIAN,8,5,3,8,5,3,0,0,0
C0116,09,24,0000,District - Sitapur  24,123000,123 OTHERS,125,64,61,23,10,13,102,54,48
C0116,09,24,0001,Tehsil - Misrikh 0001,002000,2 BENGALI,32,15,17,28,12,16,4,3,1
C0116,09,24,0001,Tehsil - Misrikh 0001,002004, 1 BENGALI,32,15,17,28,12,16,4,3,1
C0116,09,24,0001,Tehsil - Misrikh 0001,006000,6 HINDI,741089,401134,339955,708499,383835,324664,32590,17299,15291
C0116,09,24,0001,Tehsil - Misrikh 0001,006008, 1 AWADHI,3898,2105,1793,3898,2105,1793,0,0,0
C0116,09,24,0001,Tehsil - Misrikh 0001,006045, 2 BHOJPURI,9,5,4,9,5,4,0,0,0
C0116,09,24,0001,Tehsil - Misrikh 0001,006059, 3 BRAJBHASHA,2,1,1,2,1,1,0,0,0
C0116,09,24,0001,Tehsil - Misrikh 0001,006060, 4 BUNDELI/BUNDELKHANDI,7,2,5,7,2,5,0,0,0
C0116,09,24,0001,Tehsil - Misrikh 0001,006095, 5 GARHWALI,6,2,4,6,2,4,0,0,0
C0116,09,24,0001,Tehsil - Misrikh 0001,006118, 6 HINDI,737149,399008,338141,704570,381717,322853,32579,17291,15288
C0116,09,24,0001,Tehsil - Misrikh 0001,006127, 7 JAUNSARI,5,3,2,5,3,2,0,0,0
C0116,09,24,0001,Tehsil - Misrikh 0001,006999,6 Others,13,8,5,2,0,2,11,8,3
C0116,09,24,0001,Tehsil - Misrikh 0001,014000,14 NEPALI,1710,968,742,1609,908,701,101,60,41
C0116,09,24,0001,Tehsil - Misrikh 0001,014009, 1 NEPALI,1710,968,742,1609,908,701,101,60,41
C0116,09,24,0001,Tehsil - Misrikh 0001,016000,16 PUNJABI,1711,933,778,1635,892,743,76,41,35
C0116,09,24,0001,Tehsil - Misrikh 0001,016018, 1 PUNJABI,1697,927,770,1621,886,735,76,41,35
C0116,09,24,0001,Tehsil - Misrikh 0001,016999,16 Others,14,6,8,14,6,8,0,0,0
C0116,09,24,0001,Tehsil - Misrikh 0001,017000,17 SANSKRIT,919,520,399,917,518,399,2,2,0
C0116,09,24,0001,Tehsil - Misrikh 0001,017002, 1 SANSKRIT,919,520,399,917,518,399,2,2,0
C0116,09,24,0001,Tehsil - Misrikh 0001,019000,19 SINDHI,2,1,1,2,1,1,0,0,0
C0116,09,24,0001,Tehsil - Misrikh 0001,019013, 1 SINDHI,2,1,1,2,1,1,0,0,0
C0116,09,24,0001,Tehsil - Misrikh 0001,020000,20 TAMIL,2,1,1,2,1,1,0,0,0
C0116,09,24,0001,Tehsil - Misrikh 0001,020020, 1 TAMIL,2,1,1,2,1,1,0,0,0
C0116,09,24,0001,Tehsil - Misrikh 0001,022000,22 URDU,18822,9969,8853,17819,9470,8349,1003,499,504
C0116,09,24,0001,Tehsil - Misrikh 0001,022014, 1 URDU,18822,9969,8853,17819,9470,8349,1003,499,504
C0116,09,24,0001,Tehsil - Misrikh 0001,040000,40 ENGLISH,6,3,3,6,3,3,0,0,0
C0116,09,24,0001,Tehsil - Misrikh 0001,040001, 1 ENGLISH,6,3,3,6,3,3,0,0,0
C0116,09,24,0001,Tehsil - Misrikh 0001,098000,98 PERSIAN,8,5,3,8,5,3,0,0,0
C0116,09,24,0001,Tehsil - Misrikh 0001,098001, 1 PERSIAN,8,5,3,8,5,3,0,0,0
C0116,09,24,0001,Tehsil - Misrikh 0001,123000,123 OTHERS,1,0,1,1,0,1,0,0,0
C0116,09,24,0002,Tehsil - Sitapur 0002,001000,1 ASSAMESE,1,0,1,1,0,1,0,0,0
C0116,09,24,0002,Tehsil - Sitapur 0002,001002, 1 ASSAMESE,1,0,1,1,0,1,0,0,0
C0116,09,24,0002,Tehsil - Sitapur 0002,002000,2 BENGALI,79,37,42,3,1,2,76,36,40
C0116,09,24,0002,Tehsil - Sitapur 0002,002004, 1 BENGALI,79,37,42,3,1,2,76,36,40
C0116,09,24,0002,Tehsil - Sitapur 0002,003000,3 BODO,1,0,1,1,0,1,0,0,0
C0116,09,24,0002,Tehsil - Sitapur 0002,003001, 1 BODO,1,0,1,1,0,1,0,0,0
C0116,09,24,0002,Tehsil - Sitapur 0002,005000,5 GUJARATI,3,2,1,0,0,0,3,2,1
C0116,09,24,0002,Tehsil - Sitapur 0002,005011, 1 GUJARATI,1,1,0,0,0,0,1,1,0
C0116,09,24,0002,Tehsil - Sitapur 0002,005999,5 Others,2,1,1,0,0,0,2,1,1
C0116,09,24,0002,Tehsil - Sitapur 0002,006000,6 HINDI,618391,330010,288381,473278,253574,219704,145113,76436,68677
C0116,09,24,0002,Tehsil - Sitapur 0002,006008, 1 AWADHI,1318,703,615,5,2,3,1313,701,612
C0116,09,24,0002,Tehsil - Sitapur 0002,006045, 2 BHOJPURI,84,47,37,17,10,7,67,37,30
C0116,09,24,0002,Tehsil - Sitapur 0002,006059, 3 BRAJBHASHA,17,5,12,0,0,0,17,5,12
C0116,09,24,0002,Tehsil - Sitapur 0002,006060, 4 BUNDELI/BUNDELKHANDI,16,9,7,1,0,1,15,9,6
C0116,09,24,0002,Tehsil - Sitapur 0002,006072, 5 CHHATTISGARHI,7,2,5,0,0,0,7,2,5
C0116,09,24,0002,Tehsil - Sitapur 0002,006095, 6 GARHWALI,12,5,7,3,0,3,9,5,4
C0116,09,24,0002,Tehsil - Sitapur 0002,006118, 7 HINDI,616729,329134,287595,473201,253539,219662,143528,75595,67933
C0116,09,24,0002,Tehsil - Sitapur 0002,006127, 8 JAUNSARI,7,3,4,7,3,4,0,0,0
C0116,09,24,0002,Tehsil - Sitapur 0002,006148, 9 KHARI BOLI,5,4,1,0,0,0,5,4,1
C0116,09,24,0002,Tehsil - Sitapur 0002,006162, 10 KUMAUNI,49,24,25,43,20,23,6,4,2
C0116,09,24,0002,Tehsil - Sitapur 0002,006192, 11 MARWARI,41,24,17,0,0,0,41,24,17
C0116,09,24,0002,Tehsil - Sitapur 0002,006242, 12 RAJASTHANI,3,2,1,0,0,0,3,2,1
C0116,09,24,0002,Tehsil - Sitapur 0002,006999,6 Others,103,48,55,1,0,1,102,48,54
C0116,09,24,0002,Tehsil - Sitapur 0002,007000,7 KANNADA,1,1,0,1,1,0,0,0,0
C0116,09,24,0002,Tehsil - Sitapur 0002,007013, 1 KANNADA,1,1,0,1,1,0,0,0,0
C0116,09,24,0002,Tehsil - Sitapur 0002,009000,9 KONKANI,1,0,1,1,0,1,0,0,0
C0116,09,24,0002,Tehsil - Sitapur 0002,009010, 1 KONKANI,1,0,1,1,0,1,0,0,0
C0116,09,24,0002,Tehsil - Sitapur 0002,011000,11 MALAYALAM,215,9,206,211,7,204,4,2,2
C0116,09,24,0002,Tehsil - Sitapur 0002,011013, 1 MALAYALAM,215,9,206,211,7,204,4,2,2
C0116,09,24,0002,Tehsil - Sitapur 0002,013000,13 MARATHI,2,1,1,0,0,0,2,1,1
C0116,09,24,0002,Tehsil - Sitapur 0002,013048, 1 MARATHI,2,1,1,0,0,0,2,1,1
C0116,09,24,0002,Tehsil - Sitapur 0002,014000,14 NEPALI,856,497,359,666,377,289,190,120,70
C0116,09,24,0002,Tehsil - Sitapur 0002,014009, 1 NEPALI,856,497,359,666,377,289,190,120,70
C0116,09,24,0002,Tehsil - Sitapur 0002,015000,15 ORIYA,79,37,42,4,0,4,75,37,38
C0116,09,24,0002,Tehsil - Sitapur 0002,015031, 1 ORIYA,79,37,42,4,0,4,75,37,38
C0116,09,24,0002,Tehsil - Sitapur 0002,016000,16 PUNJABI,2908,1522,1386,1843,977,866,1065,545,520
C0116,09,24,0002,Tehsil - Sitapur 0002,016018, 1 PUNJABI,2886,1506,1380,1833,968,865,1053,538,515
C0116,09,24,0002,Tehsil - Sitapur 0002,016999,16 Others,22,16,6,10,9,1,12,7,5
C0116,09,24,0002,Tehsil - Sitapur 0002,017000,17 SANSKRIT,83,44,39,42,26,16,41,18,23
C0116,09,24,0002,Tehsil - Sitapur 0002,017002, 1 SANSKRIT,83,44,39,42,26,16,41,18,23
C0116,09,24,0002,Tehsil - Sitapur 0002,019000,19 SINDHI,731,359,372,1,1,0,730,358,372
C0116,09,24,0002,Tehsil - Sitapur 0002,019013, 1 SINDHI,731,359,372,1,1,0,730,358,372
C0116,09,24,0002,Tehsil - Sitapur 0002,020000,20 TAMIL,2,1,1,2,1,1,0,0,0
C0116,09,24,0002,Tehsil - Sitapur 0002,020020, 1 TAMIL,2,1,1,2,1,1,0,0,0
C0116,09,24,0002,Tehsil - Sitapur 0002,021000,21 TELUGU,2,1,1,0,0,0,2,1,1
C0116,09,24,0002,Tehsil - Sitapur 0002,021035, 1 TELUGU,2,1,1,0,0,0,2,1,1
C0116,09,24,0002,Tehsil - Sitapur 0002,022000,22 URDU,97211,50731,46480,36380,19115,17265,60831,31616,29215
C0116,09,24,0002,Tehsil - Sitapur 0002,022014, 1 URDU,97211,50731,46480,36380,19115,17265,60831,31616,29215
C0116,09,24,0002,Tehsil - Sitapur 0002,028000,28 ARABIC/ARBI,36,21,15,6,4,2,30,17,13
C0116,09,24,0002,Tehsil - Sitapur 0002,028001, 1 ARABIC/ARBI,36,21,15,6,4,2,30,17,13
C0116,09,24,0002,Tehsil - Sitapur 0002,040000,40 ENGLISH,2,1,1,0,0,0,2,1,1
C0116,09,24,0002,Tehsil - Sitapur 0002,040001, 1 ENGLISH,2,1,1,0,0,0,2,1,1
C0116,09,24,0002,Tehsil - Sitapur 0002,090000,90 MUNDA,1,0,1,0,0,0,1,0,1
C0116,09,24,0002,Tehsil - Sitapur 0002,090999,90 Others,1,0,1,0,0,0,1,0,1
C0116,09,24,0002,Tehsil - Sitapur 0002,123000,123 OTHERS,99,52,47,2,2,0,97,50,47
C0116,09,24,0003,Tehsil - Laharpur 0003,002000,2 BENGALI,24,12,12,24,12,12,0,0,0
C0116,09,24,0003,Tehsil - Laharpur 0003,002004, 1 BENGALI,24,12,12,24,12,12,0,0,0
C0116,09,24,0003,Tehsil - Laharpur 0003,006000,6 HINDI,508387,272881,235506,488898,262615,226283,19489,10266,9223
C0116,09,24,0003,Tehsil - Laharpur 0003,006008, 1 AWADHI,96798,51888,44910,96073,51519,44554,725,369,356
C0116,09,24,0003,Tehsil - Laharpur 0003,006045, 2 BHOJPURI,20,7,13,18,6,12,2,1,1
C0116,09,24,0003,Tehsil - Laharpur 0003,006059, 3 BRAJBHASHA,1,1,0,1,1,0,0,0,0
C0116,09,24,0003,Tehsil - Laharpur 0003,006060, 4 BUNDELI/BUNDELKHANDI,9,1,8,9,1,8,0,0,0
C0116,09,24,0003,Tehsil - Laharpur 0003,006072, 5 CHHATTISGARHI,191,90,101,191,90,101,0,0,0
C0116,09,24,0003,Tehsil - Laharpur 0003,006095, 6 GARHWALI,4,3,1,3,3,0,1,0,1
C0116,09,24,0003,Tehsil - Laharpur 0003,006118, 7 HINDI,411338,220875,190463,392578,210979,181599,18760,9896,8864
C0116,09,24,0003,Tehsil - Laharpur 0003,006127, 8 JAUNSARI,9,8,1,9,8,1,0,0,0
C0116,09,24,0003,Tehsil - Laharpur 0003,006148, 9 KHARI BOLI,1,0,1,1,0,1,0,0,0
C0116,09,24,0003,Tehsil - Laharpur 0003,006162, 10 KUMAUNI,13,7,6,12,7,5,1,0,1
C0116,09,24,0003,Tehsil - Laharpur 0003,006999,6 Others,3,1,2,3,1,2,0,0,0
C0116,09,24,0003,Tehsil - Laharpur 0003,014000,14 NEPALI,591,312,279,569,297,272,22,15,7
C0116,09,24,0003,Tehsil - Laharpur 0003,014009, 1 NEPALI,591,312,279,569,297,272,22,15,7
C0116,09,24,0003,Tehsil - Laharpur 0003,015000,15 ORIYA,6,5,1,6,5,1,0,0,0
C0116,09,24,0003,Tehsil - Laharpur 0003,015031, 1 ORIYA,6,5,1,6,5,1,0,0,0
C0116,09,24,0003,Tehsil - Laharpur 0003,016000,16 PUNJABI,1108,593,515,1105,592,513,3,1,2
C0116,09,24,0003,Tehsil - Laharpur 0003,016018, 1 PUNJABI,1108,593,515,1105,592,513,3,1,2
C0116,09,24,0003,Tehsil - Laharpur 0003,017000,17 SANSKRIT,430,233,197,416,222,194,14,11,3
C0116,09,24,0003,Tehsil - Laharpur 0003,017002, 1 SANSKRIT,430,233,197,416,222,194,14,11,3
C0116,09,24,0003,Tehsil - Laharpur 0003,019000,19 SINDHI,3,2,1,1,1,0,2,1,1
C0116,09,24,0003,Tehsil - Laharpur 0003,019013, 1 SINDHI,3,2,1,1,1,0,2,1,1
C0116,09,24,0003,Tehsil - Laharpur 0003,020000,20 TAMIL,3,3,0,3,3,0,0,0,0
C0116,09,24,0003,Tehsil - Laharpur 0003,020020, 1 TAMIL,3,3,0,3,3,0,0,0,0
C0116,09,24,0003,Tehsil - Laharpur 0003,022000,22 URDU,90508,47384,43124,40265,21193,19072,50243,26191,24052
C0116,09,24,0003,Tehsil - Laharpur 0003,022014, 1 URDU,90508,47384,43124,40265,21193,19072,50243,26191,24052
C0116,09,24,0003,Tehsil - Laharpur 0003,028000,28 ARABIC/ARBI,1698,875,823,1696,874,822,2,1,1
C0116,09,24,0003,Tehsil - Laharpur 0003,028001, 1 ARABIC/ARBI,1698,875,823,1696,874,822,2,1,1
C0116,09,24,0003,Tehsil - Laharpur 0003,040000,40 ENGLISH,3,3,0,2,2,0,1,1,0
C0116,09,24,0003,Tehsil - Laharpur 0003,040001, 1 ENGLISH,3,3,0,2,2,0,1,1,0
C0116,09,24,0003,Tehsil - Laharpur 0003,123000,123 OTHERS,19,8,11,19,8,11,0,0,0
C0116,09,24,0004,Tehsil - Biswan 0004,002000,2 BENGALI,3,1,2,0,0,0,3,1,2
C0116,09,24,0004,Tehsil - Biswan 0004,002004, 1 BENGALI,3,1,2,0,0,0,3,1,2
C0116,09,24,0004,Tehsil - Biswan 0004,005000,5 GUJARATI,3,3,0,3,3,0,0,0,0
C0116,09,24,0004,Tehsil - Biswan 0004,005999,5 Others,3,3,0,3,3,0,0,0,0
C0116,09,24,0004,Tehsil - Biswan 0004,006000,6 HINDI,516186,277391,238795,490590,264000,226590,25596,13391,12205
C0116,09,24,0004,Tehsil - Biswan 0004,006008, 1 AWADHI,1289,663,626,1289,663,626,0,0,0
C0116,09,24,0004,Tehsil - Biswan 0004,006045, 2 BHOJPURI,143,82,61,140,80,60,3,2,1
C0116,09,24,0004,Tehsil - Biswan 0004,006060, 3 BUNDELI/BUNDELKHANDI,2,1,1,1,0,1,1,1,0
C0116,09,24,0004,Tehsil - Biswan 0004,006095, 4 GARHWALI,7,2,5,7,2,5,0,0,0
C0116,09,24,0004,Tehsil - Biswan 0004,006118, 5 HINDI,514714,276627,238087,489123,263239,225884,25591,13388,12203
C0116,09,24,0004,Tehsil - Biswan 0004,006127, 6 JAUNSARI,22,12,10,22,12,10,0,0,0
C0116,09,24,0004,Tehsil - Biswan 0004,006162, 7 KUMAUNI,2,1,1,1,1,0,1,0,1
C0116,09,24,0004,Tehsil - Biswan 0004,006999,6 Others,7,3,4,7,3,4,0,0,0
C0116,09,24,0004,Tehsil - Biswan 0004,011000,11 MALAYALAM,1,0,1,0,0,0,1,0,1
C0116,09,24,0004,Tehsil - Biswan 0004,011013, 1 MALAYALAM,1,0,1,0,0,0,1,0,1
C0116,09,24,0004,Tehsil - Biswan 0004,014000,14 NEPALI,1803,993,810,1774,974,800,29,19,10
C0116,09,24,0004,Tehsil - Biswan 0004,014009, 1 NEPALI,1803,993,810,1774,974,800,29,19,10
C0116,09,24,0004,Tehsil - Biswan 0004,016000,16 PUNJABI,1080,580,500,952,514,438,128,66,62
C0116,09,24,0004,Tehsil - Biswan 0004,016018, 1 PUNJABI,1080,580,500,952,514,438,128,66,62
C0116,09,24,0004,Tehsil - Biswan 0004,017000,17 SANSKRIT,2687,1460,1227,2254,1221,1033,433,239,194
C0116,09,24,0004,Tehsil - Biswan 0004,017002, 1 SANSKRIT,2687,1460,1227,2254,1221,1033,433,239,194
C0116,09,24,0004,Tehsil - Biswan 0004,019000,19 SINDHI,37,19,18,1,0,1,36,19,17
C0116,09,24,0004,Tehsil - Biswan 0004,019013, 1 SINDHI,37,19,18,1,0,1,36,19,17
C0116,09,24,0004,Tehsil - Biswan 0004,020000,20 TAMIL,2,1,1,1,1,0,1,0,1
C0116,09,24,0004,Tehsil - Biswan 0004,020020, 1 TAMIL,1,1,0,1,1,0,0,0,0
C0116,09,24,0004,Tehsil - Biswan 0004,020999,20 Others,1,0,1,0,0,0,1,0,1
C0116,09,24,0004,Tehsil - Biswan 0004,022000,22 URDU,72904,38226,34678,50905,26861,24044,21999,11365,10634
C0116,09,24,0004,Tehsil - Biswan 0004,022014, 1 URDU,72904,38226,34678,50905,26861,24044,21999,11365,10634
C0116,09,24,0004,Tehsil - Biswan 0004,028000,28 ARABIC/ARBI,116,70,46,111,67,44,5,3,2
C0116,09,24,0004,Tehsil - Biswan 0004,028001, 1 ARABIC/ARBI,116,70,46,111,67,44,5,3,2
C0116,09,24,0004,Tehsil - Biswan 0004,040000,40 ENGLISH,4,3,1,1,0,1,3,3,0
C0116,09,24,0004,Tehsil - Biswan 0004,040001, 1 ENGLISH,4,3,1,1,0,1,3,3,0
C0116,09,24,0005,Tehsil - Mahmudabad 0005,002000,2 BENGALI,13,8,5,6,5,1,7,3,4
C0116,09,24,0005,Tehsil - Mahmudabad 0005,002004, 1 BENGALI,13,8,5,6,5,1,7,3,4
C0116,09,24,0005,Tehsil - Mahmudabad 0005,005000,5 GUJARATI,42,24,18,0,0,0,42,24,18
C0116,09,24,0005,Tehsil - Mahmudabad 0005,005999,5 Others,42,24,18,0,0,0,42,24,18
C0116,09,24,0005,Tehsil - Mahmudabad 0005,006000,6 HINDI,413359,223603,189756,388069,210060,178009,25290,13543,11747
C0116,09,24,0005,Tehsil - Mahmudabad 0005,006008, 1 AWADHI,648,351,297,648,351,297,0,0,0
C0116,09,24,0005,Tehsil - Mahmudabad 0005,006045, 2 BHOJPURI,22,12,10,7,3,4,15,9,6
C0116,09,24,0005,Tehsil - Mahmudabad 0005,006060, 3 BUNDELI/BUNDELKHANDI,2,1,1,2,1,1,0,0,0
C0116,09,24,0005,Tehsil - Mahmudabad 0005,006072, 4 CHHATTISGARHI,9,5,4,9,5,4,0,0,0
C0116,09,24,0005,Tehsil - Mahmudabad 0005,006095, 5 GARHWALI,5,1,4,3,1,2,2,0,2
C0116,09,24,0005,Tehsil - Mahmudabad 0005,006118, 6 HINDI,412663,223227,189436,387396,209696,177700,25267,13531,11736
C0116,09,24,0005,Tehsil - Mahmudabad 0005,006127, 7 JAUNSARI,4,3,1,4,3,1,0,0,0
C0116,09,24,0005,Tehsil - Mahmudabad 0005,006162, 8 KUMAUNI,4,3,1,0,0,0,4,3,1
C0116,09,24,0005,Tehsil - Mahmudabad 0005,006999,6 Others,2,0,2,0,0,0,2,0,2
C0116,09,24,0005,Tehsil - Mahmudabad 0005,011000,11 MALAYALAM,5,0,5,0,0,0,5,0,5
C0116,09,24,0005,Tehsil - Mahmudabad 0005,011013, 1 MALAYALAM,5,0,5,0,0,0,5,0,5
C0116,09,24,0005,Tehsil - Mahmudabad 0005,014000,14 NEPALI,814,482,332,773,454,319,41,28,13
C0116,09,24,0005,Tehsil - Mahmudabad 0005,014009, 1 NEPALI,814,482,332,773,454,319,41,28,13
C0116,09,24,0005,Tehsil - Mahmudabad 0005,016000,16 PUNJABI,544,285,259,525,276,249,19,9,10
C0116,09,24,0005,Tehsil - Mahmudabad 0005,016018, 1 PUNJABI,544,285,259,525,276,249,19,9,10
C0116,09,24,0005,Tehsil - Mahmudabad 0005,017000,17 SANSKRIT,23,15,8,23,15,8,0,0,0
C0116,09,24,0005,Tehsil - Mahmudabad 0005,017002, 1 SANSKRIT,23,15,8,23,15,8,0,0,0
C0116,09,24,0005,Tehsil - Mahmudabad 0005,022000,22 URDU,54322,28454,25868,26705,14065,12640,27617,14389,13228
C0116,09,24,0005,Tehsil - Mahmudabad 0005,022014, 1 URDU,54322,28454,25868,26705,14065,12640,27617,14389,13228
C0116,09,24,0005,Tehsil - Mahmudabad 0005,028000,28 ARABIC/ARBI,79,42,37,3,1,2,76,41,35
C0116,09,24,0005,Tehsil - Mahmudabad 0005,028001, 1 ARABIC/ARBI,79,42,37,3,1,2,76,41,35
C0116,09,24,0005,Tehsil - Mahmudabad 0005,040000,40 ENGLISH,7,2,5,3,2,1,4,0,4
C0116,09,24,0005,Tehsil - Mahmudabad 0005,040001, 1 ENGLISH,7,2,5,3,2,1,4,0,4
C0116,09,24,0005,Tehsil - Mahmudabad 0005,123000,123 OTHERS,1,0,1,1,0,1,0,0,0
C0116,09,24,0006,Tehsil - Sidhauli 0006,002000,2 BENGALI,20,14,6,20,14,6,0,0,0
C0116,09,24,0006,Tehsil - Sidhauli 0006,002004, 1 BENGALI,20,14,6,20,14,6,0,0,0
C0116,09,24,0006,Tehsil - Sidhauli 0006,006000,6 HINDI,450882,241596,209286,432759,232039,200720,18123,9557,8566
C0116,09,24,0006,Tehsil - Sidhauli 0006,006045, 1 BHOJPURI,5,3,2,5,3,2,0,0,0
C0116,09,24,0006,Tehsil - Sidhauli 0006,006060, 2 BUNDELI/BUNDELKHANDI,4,2,2,4,2,2,0,0,0
C0116,09,24,0006,Tehsil - Sidhauli 0006,006072, 3 CHHATTISGARHI,67,32,35,67,32,35,0,0,0
C0116,09,24,0006,Tehsil - Sidhauli 0006,006095, 4 GARHWALI,2,2,0,2,2,0,0,0,0
C0116,09,24,0006,Tehsil - Sidhauli 0006,006118, 5 HINDI,450797,241556,209241,432674,231999,200675,18123,9557,8566
C0116,09,24,0006,Tehsil - Sidhauli 0006,006127, 6 JAUNSARI,6,1,5,6,1,5,0,0,0
C0116,09,24,0006,Tehsil - Sidhauli 0006,006999,6 Others,1,0,1,1,0,1,0,0,0
C0116,09,24,0006,Tehsil - Sidhauli 0006,013000,13 MARATHI,7,5,2,0,0,0,7,5,2
C0116,09,24,0006,Tehsil - Sidhauli 0006,013048, 1 MARATHI,7,5,2,0,0,0,7,5,2
C0116,09,24,0006,Tehsil - Sidhauli 0006,014000,14 NEPALI,807,478,329,789,467,322,18,11,7
C0116,09,24,0006,Tehsil - Sidhauli 0006,014009, 1 NEPALI,807,478,329,789,467,322,18,11,7
C0116,09,24,0006,Tehsil - Sidhauli 0006,016000,16 PUNJABI,307,170,137,10,5,5,297,165,132
C0116,09,24,0006,Tehsil - Sidhauli 0006,016018, 1 PUNJABI,305,168,137,8,3,5,297,165,132
C0116,09,24,0006,Tehsil - Sidhauli 0006,016999,16 Others,2,2,0,2,2,0,0,0,0
C0116,09,24,0006,Tehsil - Sidhauli 0006,017000,17 SANSKRIT,80,39,41,12,5,7,68,34,34
C0116,09,24,0006,Tehsil - Sidhauli 0006,017002, 1 SANSKRIT,80,39,41,12,5,7,68,34,34
C0116,09,24,0006,Tehsil - Sidhauli 0006,019000,19 SINDHI,4,3,1,4,3,1,0,0,0
C0116,09,24,0006,Tehsil - Sidhauli 0006,019013, 1 SINDHI,4,3,1,4,3,1,0,0,0
C0116,09,24,0006,Tehsil - Sidhauli 0006,020000,20 TAMIL,2,1,1,2,1,1,0,0,0
C0116,09,24,0006,Tehsil - Sidhauli 0006,020020, 1 TAMIL,2,1,1,2,1,1,0,0,0
C0116,09,24,0006,Tehsil - Sidhauli 0006,022000,22 URDU,15722,8213,7509,14701,7668,7033,1021,545,476
C0116,09,24,0006,Tehsil - Sidhauli 0006,022014, 1 URDU,15722,8213,7509,14701,7668,7033,1021,545,476
C0116,09,24,0006,Tehsil - Sidhauli 0006,028000,28 ARABIC/ARBI,3,2,1,3,2,1,0,0,0
C0116,09,24,0006,Tehsil - Sidhauli 0006,028001, 1 ARABIC/ARBI,3,2,1,3,2,1,0,0,0
C0116,09,24,0006,Tehsil - Sidhauli 0006,040000,40 ENGLISH,1,1,0,1,1,0,0,0,0
C0116,09,24,0006,Tehsil - Sidhauli 0006,040001, 1 ENGLISH,1,1,0,1,1,0,0,0,0
C0116,09,24,0006,Tehsil - Sidhauli 0006,123000,123 OTHERS,5,4,1,0,0,0,5,4,1
C0116,09,25,0000,District - Hardoi  25,001000,1 ASSAMESE,1,0,1,1,0,1,0,0,0
C0116,09,25,0000,District - Hardoi  25,001002, 1 ASSAMESE,1,0,1,1,0,1,0,0,0
C0116,09,25,0000,District - Hardoi  25,002000,2 BENGALI,176,54,122,125,33,92,51,21,30
C0116,09,25,0000,District - Hardoi  25,002004, 1 BENGALI,176,54,122,125,33,92,51,21,30
C0116,09,25,0000,District - Hardoi  25,005000,5 GUJARATI,1,0,1,0,0,0,1,0,1
C0116,09,25,0000,District - Hardoi  25,005011, 1 GUJARATI,1,0,1,0,0,0,1,0,1
C0116,09,25,0000,District - Hardoi  25,006000,6 HINDI,3230249,1753672,1476577,2933021,1595215,1337806,297228,158457,138771
C0116,09,25,0000,District - Hardoi  25,006008, 1 AWADHI,767,430,337,767,430,337,0,0,0
C0116,09,25,0000,District - Hardoi  25,006045, 2 BHOJPURI,75,42,33,41,24,17,34,18,16
C0116,09,25,0000,District - Hardoi  25,006060, 3 BUNDELI/BUNDELKHANDI,90,20,70,76,12,64,14,8,6
C0116,09,25,0000,District - Hardoi  25,006072, 4 CHHATTISGARHI,62,34,28,62,34,28,0,0,0
C0116,09,25,0000,District - Hardoi  25,006095, 5 GARHWALI,22,10,12,16,7,9,6,3,3
C0116,09,25,0000,District - Hardoi  25,006117, 6 HARYANVI,9,6,3,9,6,3,0,0,0
C0116,09,25,0000,District - Hardoi  25,006118, 7 HINDI,3229104,1753059,1476045,2931938,1594638,1337300,297166,158421,138745
C0116,09,25,0000,District - Hardoi  25,006127, 8 JAUNSARI,15,10,5,12,7,5,3,3,0
C0116,09,25,0000,District - Hardoi  25,006162, 9 KUMAUNI,6,5,1,4,3,1,2,2,0
C0116,09,25,0000,District - Hardoi  25,006195, 10 MEWARI,2,1,1,0,0,0,2,1,1
C0116,09,25,0000,District - Hardoi  25,006242, 11 RAJASTHANI,22,12,10,21,11,10,1,1,0
C0116,09,25,0000,District - Hardoi  25,006999,6 Others,75,43,32,75,43,32,0,0,0
C0116,09,25,0000,District - Hardoi  25,007000,7 KANNADA,1,1,0,1,1,0,0,0,0
C0116,09,25,0000,District - Hardoi  25,007999,7 Others,1,1,0,1,1,0,0,0,0
C0116,09,25,0000,District - Hardoi  25,011000,11 MALAYALAM,10,3,7,1,0,1,9,3,6
C0116,09,25,0000,District - Hardoi  25,011013, 1 MALAYALAM,10,3,7,1,0,1,9,3,6
C0116,09,25,0000,District - Hardoi  25,013000,13 MARATHI,55,31,24,7,2,5,48,29,19
C0116,09,25,0000,District - Hardoi  25,013048, 1 MARATHI,50,30,20,2,1,1,48,29,19
C0116,09,25,0000,District - Hardoi  25,013999,13 Others,5,1,4,5,1,4,0,0,0
C0116,09,25,0000,District - Hardoi  25,014000,14 NEPALI,6907,3898,3009,5884,3345,2539,1023,553,470
C0116,09,25,0000,District - Hardoi  25,014009, 1 NEPALI,6907,3898,3009,5884,3345,2539,1023,553,470
C0116,09,25,0000,District - Hardoi  25,015000,15 ORIYA,8,3,5,8,3,5,0,0,0
C0116,09,25,0000,District - Hardoi  25,015031, 1 ORIYA,8,3,5,8,3,5,0,0,0
C0116,09,25,0000,District - Hardoi  25,016000,16 PUNJABI,4044,2184,1860,3644,1970,1674,400,214,186
C0116,09,25,0000,District - Hardoi  25,016018, 1 PUNJABI,4037,2182,1855,3644,1970,1674,393,212,181
C0116,09,25,0000,District - Hardoi  25,016999,16 Others,7,2,5,0,0,0,7,2,5
C0116,09,25,0000,District - Hardoi  25,017000,17 SANSKRIT,2,2,0,2,2,0,0,0,0
C0116,09,25,0000,District - Hardoi  25,017002, 1 SANSKRIT,2,2,0,2,2,0,0,0,0
C0116,09,25,0000,District - Hardoi  25,019000,19 SINDHI,5,3,2,3,1,2,2,2,0
C0116,09,25,0000,District - Hardoi  25,019013, 1 SINDHI,5,3,2,3,1,2,2,2,0
C0116,09,25,0000,District - Hardoi  25,020000,20 TAMIL,14,9,5,8,6,2,6,3,3
C0116,09,25,0000,District - Hardoi  25,020020, 1 TAMIL,14,9,5,8,6,2,6,3,3
C0116,09,25,0000,District - Hardoi  25,021000,21 TELUGU,2,0,2,2,0,2,0,0,0
C0116,09,25,0000,District - Hardoi  25,021035, 1 TELUGU,2,0,2,2,0,2,0,0,0
C0116,09,25,0000,District - Hardoi  25,022000,22 URDU,156663,82750,73913,48129,25559,22570,108534,57191,51343
C0116,09,25,0000,District - Hardoi  25,022014, 1 URDU,156663,82750,73913,48129,25559,22570,108534,57191,51343
C0116,09,25,0000,District - Hardoi  25,028000,28 ARABIC/ARBI,13,8,5,10,5,5,3,3,0
C0116,09,25,0000,District - Hardoi  25,028001, 1 ARABIC/ARBI,13,8,5,10,5,5,3,3,0
C0116,09,25,0000,District - Hardoi  25,030000,30 BHILI/BHILODI,6,1,5,6,1,5,0,0,0
C0116,09,25,0000,District - Hardoi  25,030027, 1 KOKNA/KOKNI/KUKNA,6,1,5,6,1,5,0,0,0
C0116,09,25,0000,District - Hardoi  25,040000,40 ENGLISH,22,11,11,18,9,9,4,2,2
C0116,09,25,0000,District - Hardoi  25,040001, 1 ENGLISH,22,11,11,18,9,9,4,2,2
C0116,09,25,0000,District - Hardoi  25,044000,44 GONDI,1,1,0,1,1,0,0,0,0
C0116,09,25,0000,District - Hardoi  25,044999,44 Others,1,1,0,1,1,0,0,0,0
C0116,09,25,0000,District - Hardoi  25,098000,98 PERSIAN,1,0,1,1,0,1,0,0,0
C0116,09,25,0000,District - Hardoi  25,098001, 1 PERSIAN,1,0,1,1,0,1,0,0,0
C0116,09,25,0000,District - Hardoi  25,123000,123 OTHERS,125,67,58,121,65,56,4,2,2
C0116,09,25,0001,Tehsil - Shahabad 0001,002000,2 BENGALI,48,0,48,46,0,46,2,0,2
C0116,09,25,0001,Tehsil - Shahabad 0001,002004, 1 BENGALI,48,0,48,46,0,46,2,0,2
C0116,09,25,0001,Tehsil - Shahabad 0001,006000,6 HINDI,500808,271802,229006,453122,246487,206635,47686,25315,22371
C0116,09,25,0001,Tehsil - Shahabad 0001,006045, 1 BHOJPURI,11,7,4,9,7,2,2,0,2
C0116,09,25,0001,Tehsil - Shahabad 0001,006060, 2 BUNDELI/BUNDELKHANDI,33,3,30,33,3,30,0,0,0
C0116,09,25,0001,Tehsil - Shahabad 0001,006095, 3 GARHWALI,3,3,0,2,2,0,1,1,0
C0116,09,25,0001,Tehsil - Shahabad 0001,006118, 4 HINDI,500751,271780,228971,453071,246468,206603,47680,25312,22368
C0116,09,25,0001,Tehsil - Shahabad 0001,006127, 5 JAUNSARI,4,4,0,3,3,0,1,1,0
C0116,09,25,0001,Tehsil - Shahabad 0001,006162, 6 KUMAUNI,1,1,0,1,1,0,0,0,0
C0116,09,25,0001,Tehsil - Shahabad 0001,006195, 7 MEWARI,2,1,1,0,0,0,2,1,1
C0116,09,25,0001,Tehsil - Shahabad 0001,006999,6 Others,3,3,0,3,3,0,0,0,0
C0116,09,25,0001,Tehsil - Shahabad 0001,013000,13 MARATHI,9,5,4,0,0,0,9,5,4
C0116,09,25,0001,Tehsil - Shahabad 0001,013048, 1 MARATHI,9,5,4,0,0,0,9,5,4
C0116,09,25,0001,Tehsil - Shahabad 0001,014000,14 NEPALI,1109,635,474,1013,573,440,96,62,34
C0116,09,25,0001,Tehsil - Shahabad 0001,014009, 1 NEPALI,1109,635,474,1013,573,440,96,62,34
C0116,09,25,0001,Tehsil - Shahabad 0001,016000,16 PUNJABI,2160,1146,1014,2056,1091,965,104,55,49
C0116,09,25,0001,Tehsil - Shahabad 0001,016018, 1 PUNJABI,2160,1146,1014,2056,1091,965,104,55,49
C0116,09,25,0001,Tehsil - Shahabad 0001,017000,17 SANSKRIT,1,1,0,1,1,0,0,0,0
C0116,09,25,0001,Tehsil - Shahabad 0001,017002, 1 SANSKRIT,1,1,0,1,1,0,0,0,0
C0116,09,25,0001,Tehsil - Shahabad 0001,020000,20 TAMIL,1,0,1,0,0,0,1,0,1
C0116,09,25,0001,Tehsil - Shahabad 0001,020020, 1 TAMIL,1,0,1,0,0,0,1,0,1
C0116,09,25,0001,Tehsil - Shahabad 0001,021000,21 TELUGU,1,0,1,1,0,1,0,0,0
C0116,09,25,0001,Tehsil - Shahabad 0001,021035, 1 TELUGU,1,0,1,1,0,1,0,0,0
C0116,09,25,0001,Tehsil - Shahabad 0001,022000,22 URDU,64425,34049,30376,17027,9053,7974,47398,24996,22402
C0116,09,25,0001,Tehsil - Shahabad 0001,022014, 1 URDU,64425,34049,30376,17027,9053,7974,47398,24996,22402
C0116,09,25,0001,Tehsil - Shahabad 0001,040000,40 ENGLISH,2,0,2,2,0,2,0,0,0
C0116,09,25,0001,Tehsil - Shahabad 0001,040001, 1 ENGLISH,2,0,2,2,0,2,0,0,0
C0116,09,25,0001,Tehsil - Shahabad 0001,044000,44 GONDI,1,1,0,1,1,0,0,0,0
C0116,09,25,0001,Tehsil - Shahabad 0001,044999,44 Others,1,1,0,1,1,0,0,0,0
C0116,09,25,0001,Tehsil - Shahabad 0001,123000,123 OTHERS,14,8,6,14,8,6,0,0,0
C0116,09,25,0002,Tehsil - Sawayajpur ** 0002,002000,2 BENGALI,49,26,23,47,24,23,2,2,0
C0116,09,25,0002,Tehsil - Sawayajpur ** 0002,002004, 1 BENGALI,49,26,23,47,24,23,2,2,0
C0116,09,25,0002,Tehsil - Sawayajpur ** 0002,006000,6 HINDI,450160,247227,202933,436580,240113,196467,13580,7114,6466
C0116,09,25,0002,Tehsil - Sawayajpur ** 0002,006045, 1 BHOJPURI,4,2,2,2,0,2,2,2,0
C0116,09,25,0002,Tehsil - Sawayajpur ** 0002,006060, 2 BUNDELI/BUNDELKHANDI,20,6,14,20,6,14,0,0,0
C0116,09,25,0002,Tehsil - Sawayajpur ** 0002,006095, 3 GARHWALI,3,0,3,3,0,3,0,0,0
C0116,09,25,0002,Tehsil - Sawayajpur ** 0002,006118, 4 HINDI,450126,247216,202910,436549,240105,196444,13577,7111,6466
C0116,09,25,0002,Tehsil - Sawayajpur ** 0002,006127, 5 JAUNSARI,4,1,3,4,1,3,0,0,0
C0116,09,25,0002,Tehsil - Sawayajpur ** 0002,006162, 6 KUMAUNI,2,1,1,2,1,1,0,0,0
C0116,09,25,0002,Tehsil - Sawayajpur ** 0002,006242, 7 RAJASTHANI,1,1,0,0,0,0,1,1,0
C0116,09,25,0002,Tehsil - Sawayajpur ** 0002,014000,14 NEPALI,887,521,366,866,512,354,21,9,12
C0116,09,25,0002,Tehsil - Sawayajpur ** 0002,014009, 1 NEPALI,887,521,366,866,512,354,21,9,12
C0116,09,25,0002,Tehsil - Sawayajpur ** 0002,015000,15 ORIYA,2,1,1,2,1,1,0,0,0
C0116,09,25,0002,Tehsil - Sawayajpur ** 0002,015031, 1 ORIYA,2,1,1,2,1,1,0,0,0
C0116,09,25,0002,Tehsil - Sawayajpur ** 0002,016000,16 PUNJABI,432,231,201,432,231,201,0,0,0
C0116,09,25,0002,Tehsil - Sawayajpur ** 0002,016018, 1 PUNJABI,432,231,201,432,231,201,0,0,0
C0116,09,25,0002,Tehsil - Sawayajpur ** 0002,017000,17 SANSKRIT,1,1,0,1,1,0,0,0,0
C0116,09,25,0002,Tehsil - Sawayajpur ** 0002,017002, 1 SANSKRIT,1,1,0,1,1,0,0,0,0
C0116,09,25,0002,Tehsil - Sawayajpur ** 0002,020000,20 TAMIL,1,0,1,1,0,1,0,0,0
C0116,09,25,0002,Tehsil - Sawayajpur ** 0002,020020, 1 TAMIL,1,0,1,1,0,1,0,0,0
C0116,09,25,0002,Tehsil - Sawayajpur ** 0002,022000,22 URDU,5000,2654,2346,3076,1635,1441,1924,1019,905
C0116,09,25,0002,Tehsil - Sawayajpur ** 0002,022014, 1 URDU,5000,2654,2346,3076,1635,1441,1924,1019,905
C0116,09,25,0002,Tehsil - Sawayajpur ** 0002,040000,40 ENGLISH,4,2,2,4,2,2,0,0,0
C0116,09,25,0002,Tehsil - Sawayajpur ** 0002,040001, 1 ENGLISH,4,2,2,4,2,2,0,0,0
C0116,09,25,0002,Tehsil - Sawayajpur ** 0002,123000,123 OTHERS,11,6,5,11,6,5,0,0,0
C0116,09,25,0003,Tehsil - Hardoi 0003,001000,1 ASSAMESE,1,0,1,1,0,1,0,0,0
C0116,09,25,0003,Tehsil - Hardoi 0003,001002, 1 ASSAMESE,1,0,1,1,0,1,0,0,0
C0116,09,25,0003,Tehsil - Hardoi 0003,002000,2 BENGALI,46,16,30,16,5,11,30,11,19
C0116,09,25,0003,Tehsil - Hardoi 0003,002004, 1 BENGALI,46,16,30,16,5,11,30,11,19
C0116,09,25,0003,Tehsil - Hardoi 0003,006000,6 HINDI,952168,517584,434584,841969,458845,383124,110199,58739,51460
C0116,09,25,0003,Tehsil - Hardoi 0003,006008, 1 AWADHI,2,2,0,2,2,0,0,0,0
C0116,09,25,0003,Tehsil - Hardoi 0003,006045, 2 BHOJPURI,28,17,11,6,3,3,22,14,8
C0116,09,25,0003,Tehsil - Hardoi 0003,006060, 3 BUNDELI/BUNDELKHANDI,21,7,14,12,2,10,9,5,4
C0116,09,25,0003,Tehsil - Hardoi 0003,006095, 4 GARHWALI,11,5,6,8,4,4,3,1,2
C0116,09,25,0003,Tehsil - Hardoi 0003,006118, 5 HINDI,952103,517551,434552,841940,458834,383106,110163,58717,51446
C0116,09,25,0003,Tehsil - Hardoi 0003,006127, 6 JAUNSARI,2,1,1,1,0,1,1,1,0
C0116,09,25,0003,Tehsil - Hardoi 0003,006162, 7 KUMAUNI,1,1,0,0,0,0,1,1,0
C0116,09,25,0003,Tehsil - Hardoi 0003,011000,11 MALAYALAM,10,3,7,1,0,1,9,3,6
C0116,09,25,0003,Tehsil - Hardoi 0003,011013, 1 MALAYALAM,10,3,7,1,0,1,9,3,6
C0116,09,25,0003,Tehsil - Hardoi 0003,013000,13 MARATHI,18,9,9,2,1,1,16,8,8
C0116,09,25,0003,Tehsil - Hardoi 0003,013048, 1 MARATHI,18,9,9,2,1,1,16,8,8
C0116,09,25,0003,Tehsil - Hardoi 0003,014000,14 NEPALI,2802,1599,1203,2326,1340,986,476,259,217
C0116,09,25,0003,Tehsil - Hardoi 0003,014009, 1 NEPALI,2802,1599,1203,2326,1340,986,476,259,217
C0116,09,25,0003,Tehsil - Hardoi 0003,015000,15 ORIYA,2,1,1,2,1,1,0,0,0
C0116,09,25,0003,Tehsil - Hardoi 0003,015031, 1 ORIYA,2,1,1,2,1,1,0,0,0
C0116,09,25,0003,Tehsil - Hardoi 0003,016000,16 PUNJABI,739,408,331,608,338,270,131,70,61
C0116,09,25,0003,Tehsil - Hardoi 0003,016018, 1 PUNJABI,732,406,326,608,338,270,124,68,56
C0116,09,25,0003,Tehsil - Hardoi 0003,016999,16 Others,7,2,5,0,0,0,7,2,5
C0116,09,25,0003,Tehsil - Hardoi 0003,019000,19 SINDHI,2,1,1,1,0,1,1,1,0
C0116,09,25,0003,Tehsil - Hardoi 0003,019013, 1 SINDHI,2,1,1,1,0,1,1,1,0
C0116,09,25,0003,Tehsil - Hardoi 0003,020000,20 TAMIL,6,3,3,1,0,1,5,3,2
C0116,09,25,0003,Tehsil - Hardoi 0003,020020, 1 TAMIL,6,3,3,1,0,1,5,3,2
C0116,09,25,0003,Tehsil - Hardoi 0003,021000,21 TELUGU,1,0,1,1,0,1,0,0,0
C0116,09,25,0003,Tehsil - Hardoi 0003,021035, 1 TELUGU,1,0,1,1,0,1,0,0,0
C0116,09,25,0003,Tehsil - Hardoi 0003,022000,22 URDU,20077,10636,9441,5848,3049,2799,14229,7587,6642
C0116,09,25,0003,Tehsil - Hardoi 0003,022014, 1 URDU,20077,10636,9441,5848,3049,2799,14229,7587,6642
C0116,09,25,0003,Tehsil - Hardoi 0003,030000,30 BHILI/BHILODI,6,1,5,6,1,5,0,0,0
C0116,09,25,0003,Tehsil - Hardoi 0003,030027, 1 KOKNA/KOKNI/KUKNA,6,1,5,6,1,5,0,0,0
C0116,09,25,0003,Tehsil - Hardoi 0003,040000,40 ENGLISH,4,3,1,3,2,1,1,1,0
C0116,09,25,0003,Tehsil - Hardoi 0003,040001, 1 ENGLISH,4,3,1,3,2,1,1,1,0
C0116,09,25,0003,Tehsil - Hardoi 0003,123000,123 OTHERS,88,46,42,84,44,40,4,2,2
C0116,09,25,0004,Tehsil - Bilgram 0004,002000,2 BENGALI,21,7,14,12,2,10,9,5,4
C0116,09,25,0004,Tehsil - Bilgram 0004,002004, 1 BENGALI,21,7,14,12,2,10,9,5,4
C0116,09,25,0004,Tehsil - Bilgram 0004,006000,6 HINDI,543998,294272,249726,467090,252965,214125,76908,41307,35601
C0116,09,25,0004,Tehsil - Bilgram 0004,006045, 1 BHOJPURI,18,5,13,11,3,8,7,2,5
C0116,09,25,0004,Tehsil - Bilgram 0004,006060, 2 BUNDELI/BUNDELKHANDI,7,2,5,5,0,5,2,2,0
C0116,09,25,0004,Tehsil - Bilgram 0004,006072, 3 CHHATTISGARHI,62,34,28,62,34,28,0,0,0
C0116,09,25,0004,Tehsil - Bilgram 0004,006095, 4 GARHWALI,2,0,2,1,0,1,1,0,1
C0116,09,25,0004,Tehsil - Bilgram 0004,006117, 5 HARYANVI,1,0,1,1,0,1,0,0,0
C0116,09,25,0004,Tehsil - Bilgram 0004,006118, 6 HINDI,543815,294180,249635,466918,252878,214040,76897,41302,35595
C0116,09,25,0004,Tehsil - Bilgram 0004,006127, 7 JAUNSARI,1,1,0,0,0,0,1,1,0
C0116,09,25,0004,Tehsil - Bilgram 0004,006242, 8 RAJASTHANI,21,11,10,21,11,10,0,0,0
C0116,09,25,0004,Tehsil - Bilgram 0004,006999,6 Others,71,39,32,71,39,32,0,0,0
C0116,09,25,0004,Tehsil - Bilgram 0004,007000,7 KANNADA,1,1,0,1,1,0,0,0,0
C0116,09,25,0004,Tehsil - Bilgram 0004,007999,7 Others,1,1,0,1,1,0,0,0,0
C0116,09,25,0004,Tehsil - Bilgram 0004,013000,13 MARATHI,21,12,9,5,1,4,16,11,5
C0116,09,25,0004,Tehsil - Bilgram 0004,013048, 1 MARATHI,16,11,5,0,0,0,16,11,5
C0116,09,25,0004,Tehsil - Bilgram 0004,013999,13 Others,5,1,4,5,1,4,0,0,0
C0116,09,25,0004,Tehsil - Bilgram 0004,014000,14 NEPALI,771,435,336,518,307,211,253,128,125
C0116,09,25,0004,Tehsil - Bilgram 0004,014009, 1 NEPALI,771,435,336,518,307,211,253,128,125
C0116,09,25,0004,Tehsil - Bilgram 0004,015000,15 ORIYA,4,1,3,4,1,3,0,0,0
C0116,09,25,0004,Tehsil - Bilgram 0004,015031, 1 ORIYA,4,1,3,4,1,3,0,0,0
C0116,09,25,0004,Tehsil - Bilgram 0004,016000,16 PUNJABI,18,9,9,18,9,9,0,0,0
C0116,09,25,0004,Tehsil - Bilgram 0004,016018, 1 PUNJABI,18,9,9,18,9,9,0,0,0
C0116,09,25,0004,Tehsil - Bilgram 0004,022000,22 URDU,24317,12946,11371,5607,3024,2583,18710,9922,8788
C0116,09,25,0004,Tehsil - Bilgram 0004,022014, 1 URDU,24317,12946,11371,5607,3024,2583,18710,9922,8788
C0116,09,25,0004,Tehsil - Bilgram 0004,028000,28 ARABIC/ARBI,3,3,0,0,0,0,3,3,0
C0116,09,25,0004,Tehsil - Bilgram 0004,028001, 1 ARABIC/ARBI,3,3,0,0,0,0,3,3,0
C0116,09,25,0004,Tehsil - Bilgram 0004,040000,40 ENGLISH,8,4,4,6,3,3,2,1,1
C0116,09,25,0004,Tehsil - Bilgram 0004,040001, 1 ENGLISH,8,4,4,6,3,3,2,1,1
C0116,09,25,0004,Tehsil - Bilgram 0004,123000,123 OTHERS,1,1,0,1,1,0,0,0,0
C0116,09,25,0005,Tehsil - Sandila 0005,002000,2 BENGALI,12,5,7,4,2,2,8,3,5
C0116,09,25,0005,Tehsil - Sandila 0005,002004, 1 BENGALI,12,5,7,4,2,2,8,3,5
C0116,09,25,0005,Tehsil - Sandila 0005,005000,5 GUJARATI,1,0,1,0,0,0,1,0,1
C0116,09,25,0005,Tehsil - Sandila 0005,005011, 1 GUJARATI,1,0,1,0,0,0,1,0,1
C0116,09,25,0005,Tehsil - Sandila 0005,006000,6 HINDI,783115,422787,360328,734260,396805,337455,48855,25982,22873
C0116,09,25,0005,Tehsil - Sandila 0005,006008, 1 AWADHI,765,428,337,765,428,337,0,0,0
C0116,09,25,0005,Tehsil - Sandila 0005,006045, 2 BHOJPURI,14,11,3,13,11,2,1,0,1
C0116,09,25,0005,Tehsil - Sandila 0005,006060, 3 BUNDELI/BUNDELKHANDI,9,2,7,6,1,5,3,1,2
C0116,09,25,0005,Tehsil - Sandila 0005,006095, 4 GARHWALI,3,2,1,2,1,1,1,1,0
C0116,09,25,0005,Tehsil - Sandila 0005,006117, 5 HARYANVI,8,6,2,8,6,2,0,0,0
C0116,09,25,0005,Tehsil - Sandila 0005,006118, 6 HINDI,782309,422332,359977,733460,396353,337107,48849,25979,22870
C0116,09,25,0005,Tehsil - Sandila 0005,006127, 7 JAUNSARI,4,3,1,4,3,1,0,0,0
C0116,09,25,0005,Tehsil - Sandila 0005,006162, 8 KUMAUNI,2,2,0,1,1,0,1,1,0
C0116,09,25,0005,Tehsil - Sandila 0005,006999,6 Others,1,1,0,1,1,0,0,0,0
C0116,09,25,0005,Tehsil - Sandila 0005,013000,13 MARATHI,7,5,2,0,0,0,7,5,2
C0116,09,25,0005,Tehsil - Sandila 0005,013048, 1 MARATHI,7,5,2,0,0,0,7,5,2
C0116,09,25,0005,Tehsil - Sandila 0005,014000,14 NEPALI,1338,708,630,1161,613,548,177,95,82
C0116,09,25,0005,Tehsil - Sandila 0005,014009, 1 NEPALI,1338,708,630,1161,613,548,177,95,82
C0116,09,25,0005,Tehsil - Sandila 0005,016000,16 PUNJABI,695,390,305,530,301,229,165,89,76
C0116,09,25,0005,Tehsil - Sandila 0005,016018, 1 PUNJABI,695,390,305,530,301,229,165,89,76
C0116,09,25,0005,Tehsil - Sandila 0005,019000,19 SINDHI,3,2,1,2,1,1,1,1,0
C0116,09,25,0005,Tehsil - Sandila 0005,019013, 1 SINDHI,3,2,1,2,1,1,1,1,0
C0116,09,25,0005,Tehsil - Sandila 0005,020000,20 TAMIL,6,6,0,6,6,0,0,0,0
C0116,09,25,0005,Tehsil - Sandila 0005,020020, 1 TAMIL,6,6,0,6,6,0,0,0,0
C0116,09,25,0005,Tehsil - Sandila 0005,022000,22 URDU,42844,22465,20379,16571,8798,7773,26273,13667,12606
C0116,09,25,0005,Tehsil - Sandila 0005,022014, 1 URDU,42844,22465,20379,16571,8798,7773,26273,13667,12606
C0116,09,25,0005,Tehsil - Sandila 0005,028000,28 ARABIC/ARBI,10,5,5,10,5,5,0,0,0
C0116,09,25,0005,Tehsil - Sandila 0005,028001, 1 ARABIC/ARBI,10,5,5,10,5,5,0,0,0
C0116,09,25,0005,Tehsil - Sandila 0005,040000,40 ENGLISH,4,2,2,3,2,1,1,0,1
C0116,09,25,0005,Tehsil - Sandila 0005,040001, 1 ENGLISH,4,2,2,3,2,1,1,0,1
C0116,09,25,0005,Tehsil - Sandila 0005,098000,98 PERSIAN,1,0,1,1,0,1,0,0,0
C0116,09,25,0005,Tehsil - Sandila 0005,098001, 1 PERSIAN,1,0,1,1,0,1,0,0,0
C0116,09,25,0005,Tehsil - Sandila 0005,123000,123 OTHERS,11,6,5,11,6,5,0,0,0
C0116,09,26,0000,District - Unnao  26,002000,2 BENGALI,207,111,96,62,31,31,145,80,65
C0116,09,26,0000,District - Unnao  26,002004, 1 BENGALI,207,111,96,62,31,31,145,80,65
C0116,09,26,0000,District - Unnao  26,005000,5 GUJARATI,5,2,3,2,0,2,3,2,1
C0116,09,26,0000,District - Unnao  26,005011, 1 GUJARATI,5,2,3,2,0,2,3,2,1
C0116,09,26,0000,District - Unnao  26,006000,6 HINDI,2598116,1369596,1228520,2240972,1180883,1060089,357144,188713,168431
C0116,09,26,0000,District - Unnao  26,006008, 1 AWADHI,43488,22925,20563,39002,20574,18428,4486,2351,2135
C0116,09,26,0000,District - Unnao  26,006045, 2 BHOJPURI,124,73,51,118,70,48,6,3,3
C0116,09,26,0000,District - Unnao  26,006060, 3 BUNDELI/BUNDELKHANDI,52,21,31,14,7,7,38,14,24
C0116,09,26,0000,District - Unnao  26,006072, 4 CHHATTISGARHI,226,112,114,226,112,114,0,0,0
C0116,09,26,0000,District - Unnao  26,006095, 5 GARHWALI,19,10,9,14,5,9,5,5,0
C0116,09,26,0000,District - Unnao  26,006117, 6 HARYANVI,1,1,0,1,1,0,0,0,0
C0116,09,26,0000,District - Unnao  26,006118, 7 HINDI,2553985,1346325,1207660,2201427,1160011,1041416,352558,186314,166244
C0116,09,26,0000,District - Unnao  26,006127, 8 JAUNSARI,15,10,5,15,10,5,0,0,0
C0116,09,26,0000,District - Unnao  26,006148, 9 KHARI BOLI,5,3,2,5,3,2,0,0,0
C0116,09,26,0000,District - Unnao  26,006162, 10 KUMAUNI,2,2,0,2,2,0,0,0,0
C0116,09,26,0000,District - Unnao  26,006192, 11 MARWARI,15,7,8,0,0,0,15,7,8
C0116,09,26,0000,District - Unnao  26,006195, 12 MEWARI,14,4,10,0,0,0,14,4,10
C0116,09,26,0000,District - Unnao  26,006213, 13 PAHARI,1,0,1,1,0,1,0,0,0
C0116,09,26,0000,District - Unnao  26,006242, 14 RAJASTHANI,1,1,0,1,1,0,0,0,0
C0116,09,26,0000,District - Unnao  26,006999,6 Others,168,102,66,146,87,59,22,15,7
C0116,09,26,0000,District - Unnao  26,007000,7 KANNADA,6,5,1,0,0,0,6,5,1
C0116,09,26,0000,District - Unnao  26,007013, 1 KANNADA,6,5,1,0,0,0,6,5,1
C0116,09,26,0000,District - Unnao  26,010000,10 MAITHILI,84,49,35,0,0,0,84,49,35
C0116,09,26,0000,District - Unnao  26,010006, 1 MAITHILI,84,49,35,0,0,0,84,49,35
C0116,09,26,0000,District - Unnao  26,011000,11 MALAYALAM,31,15,16,3,2,1,28,13,15
C0116,09,26,0000,District - Unnao  26,011013, 1 MALAYALAM,31,15,16,3,2,1,28,13,15
C0116,09,26,0000,District - Unnao  26,013000,13 MARATHI,16,10,6,9,5,4,7,5,2
C0116,09,26,0000,District - Unnao  26,013048, 1 MARATHI,16,10,6,9,5,4,7,5,2
C0116,09,26,0000,District - Unnao  26,014000,14 NEPALI,5758,2976,2782,5198,2682,2516,560,294,266
C0116,09,26,0000,District - Unnao  26,014009, 1 NEPALI,5758,2976,2782,5198,2682,2516,560,294,266
C0116,09,26,0000,District - Unnao  26,015000,15 ORIYA,241,114,127,236,112,124,5,2,3
C0116,09,26,0000,District - Unnao  26,015031, 1 ORIYA,241,114,127,236,112,124,5,2,3
C0116,09,26,0000,District - Unnao  26,016000,16 PUNJABI,424,218,206,137,69,68,287,149,138
C0116,09,26,0000,District - Unnao  26,016018, 1 PUNJABI,420,217,203,137,69,68,283,148,135
C0116,09,26,0000,District - Unnao  26,016999,16 Others,4,1,3,0,0,0,4,1,3
C0116,09,26,0000,District - Unnao  26,017000,17 SANSKRIT,29,16,13,20,10,10,9,6,3
C0116,09,26,0000,District - Unnao  26,017002, 1 SANSKRIT,29,16,13,20,10,10,9,6,3
C0116,09,26,0000,District - Unnao  26,019000,19 SINDHI,41,17,24,2,0,2,39,17,22
C0116,09,26,0000,District - Unnao  26,019013, 1 SINDHI,40,16,24,2,0,2,38,16,22
C0116,09,26,0000,District - Unnao  26,019999,19 Others,1,1,0,0,0,0,1,1,0
C0116,09,26,0000,District - Unnao  26,020000,20 TAMIL,14,5,9,6,2,4,8,3,5
C0116,09,26,0000,District - Unnao  26,020020, 1 TAMIL,14,5,9,6,2,4,8,3,5
C0116,09,26,0000,District - Unnao  26,021000,21 TELUGU,1,1,0,1,1,0,0,0,0
C0116,09,26,0000,District - Unnao  26,021035, 1 TELUGU,1,1,0,1,1,0,0,0,0
C0116,09,26,0000,District - Unnao  26,022000,22 URDU,94411,48880,45531,41486,21509,19977,52925,27371,25554
C0116,09,26,0000,District - Unnao  26,022014, 1 URDU,94411,48880,45531,41486,21509,19977,52925,27371,25554
C0116,09,26,0000,District - Unnao  26,028000,28 ARABIC/ARBI,215,111,104,208,110,98,7,1,6
C0116,09,26,0000,District - Unnao  26,028001, 1 ARABIC/ARBI,215,111,104,208,110,98,7,1,6
C0116,09,26,0000,District - Unnao  26,040000,40 ENGLISH,15,9,6,8,7,1,7,2,5
C0116,09,26,0000,District - Unnao  26,040001, 1 ENGLISH,15,9,6,8,7,1,7,2,5
C0116,09,26,0000,District - Unnao  26,061000,61 KOCH,1,1,0,0,0,0,1,1,0
C0116,09,26,0000,District - Unnao  26,061999,61 Others,1,1,0,0,0,0,1,1,0
C0116,09,26,0000,District - Unnao  26,123000,123 OTHERS,709,373,336,431,229,202,278,144,134
C0116,09,26,0001,Tehsil - Safipur 0001,002000,2 BENGALI,11,5,6,0,0,0,11,5,6
C0116,09,26,0001,Tehsil - Safipur 0001,002004, 1 BENGALI,11,5,6,0,0,0,11,5,6
C0116,09,26,0001,Tehsil - Safipur 0001,006000,6 HINDI,573391,306177,267214,508013,271844,236169,65378,34333,31045
C0116,09,26,0001,Tehsil - Safipur 0001,006008, 1 AWADHI,28718,15218,13500,28712,15215,13497,6,3,3
C0116,09,26,0001,Tehsil - Safipur 0001,006045, 2 BHOJPURI,13,6,7,12,6,6,1,0,1
C0116,09,26,0001,Tehsil - Safipur 0001,006060, 3 BUNDELI/BUNDELKHANDI,2,1,1,1,0,1,1,1,0
C0116,09,26,0001,Tehsil - Safipur 0001,006095, 4 GARHWALI,5,3,2,4,2,2,1,1,0
C0116,09,26,0001,Tehsil - Safipur 0001,006118, 5 HINDI,544651,290947,253704,479282,256619,222663,65369,34328,31041
C0116,09,26,0001,Tehsil - Safipur 0001,006127, 6 JAUNSARI,1,1,0,1,1,0,0,0,0
C0116,09,26,0001,Tehsil - Safipur 0001,006162, 7 KUMAUNI,1,1,0,1,1,0,0,0,0
C0116,09,26,0001,Tehsil - Safipur 0001,013000,13 MARATHI,7,4,3,2,1,1,5,3,2
C0116,09,26,0001,Tehsil - Safipur 0001,013048, 1 MARATHI,7,4,3,2,1,1,5,3,2
C0116,09,26,0001,Tehsil - Safipur 0001,014000,14 NEPALI,1404,705,699,1241,629,612,163,76,87
C0116,09,26,0001,Tehsil - Safipur 0001,014009, 1 NEPALI,1404,705,699,1241,629,612,163,76,87
C0116,09,26,0001,Tehsil - Safipur 0001,016000,16 PUNJABI,1,1,0,0,0,0,1,1,0
C0116,09,26,0001,Tehsil - Safipur 0001,016018, 1 PUNJABI,1,1,0,0,0,0,1,1,0
C0116,09,26,0001,Tehsil - Safipur 0001,017000,17 SANSKRIT,14,6,8,14,6,8,0,0,0
C0116,09,26,0001,Tehsil - Safipur 0001,017002, 1 SANSKRIT,14,6,8,14,6,8,0,0,0
C0116,09,26,0001,Tehsil - Safipur 0001,020000,20 TAMIL,3,1,2,3,1,2,0,0,0
C0116,09,26,0001,Tehsil - Safipur 0001,020020, 1 TAMIL,3,1,2,3,1,2,0,0,0
C0116,09,26,0001,Tehsil - Safipur 0001,022000,22 URDU,37408,19273,18135,21774,11195,10579,15634,8078,7556
C0116,09,26,0001,Tehsil - Safipur 0001,022014, 1 URDU,37408,19273,18135,21774,11195,10579,15634,8078,7556
C0116,09,26,0001,Tehsil - Safipur 0001,028000,28 ARABIC/ARBI,51,30,21,51,30,21,0,0,0
C0116,09,26,0001,Tehsil - Safipur 0001,028001, 1 ARABIC/ARBI,51,30,21,51,30,21,0,0,0
C0116,09,26,0001,Tehsil - Safipur 0001,040000,40 ENGLISH,6,4,2,4,3,1,2,1,1
C0116,09,26,0001,Tehsil - Safipur 0001,040001, 1 ENGLISH,6,4,2,4,3,1,2,1,1
C0116,09,26,0001,Tehsil - Safipur 0001,123000,123 OTHERS,142,77,65,94,54,40,48,23,25
C0116,09,26,0002,Tehsil - Hasanganj 0002,002000,2 BENGALI,32,20,12,19,11,8,13,9,4
C0116,09,26,0002,Tehsil - Hasanganj 0002,002004, 1 BENGALI,32,20,12,19,11,8,13,9,4
C0116,09,26,0002,Tehsil - Hasanganj 0002,006000,6 HINDI,617561,327456,290105,571562,303274,268288,45999,24182,21817
C0116,09,26,0002,Tehsil - Hasanganj 0002,006008, 1 AWADHI,10273,5347,4926,10252,5337,4915,21,10,11
C0116,09,26,0002,Tehsil - Hasanganj 0002,006045, 2 BHOJPURI,3,2,1,1,0,1,2,2,0
C0116,09,26,0002,Tehsil - Hasanganj 0002,006060, 3 BUNDELI/BUNDELKHANDI,6,3,3,4,3,1,2,0,2
C0116,09,26,0002,Tehsil - Hasanganj 0002,006072, 4 CHHATTISGARHI,59,28,31,59,28,31,0,0,0
C0116,09,26,0002,Tehsil - Hasanganj 0002,006095, 5 GARHWALI,3,1,2,2,0,2,1,1,0
C0116,09,26,0002,Tehsil - Hasanganj 0002,006118, 6 HINDI,607204,322066,285138,561231,297897,263334,45973,24169,21804
C0116,09,26,0002,Tehsil - Hasanganj 0002,006127, 7 JAUNSARI,6,4,2,6,4,2,0,0,0
C0116,09,26,0002,Tehsil - Hasanganj 0002,006148, 8 KHARI BOLI,5,3,2,5,3,2,0,0,0
C0116,09,26,0002,Tehsil - Hasanganj 0002,006162, 9 KUMAUNI,1,1,0,1,1,0,0,0,0
C0116,09,26,0002,Tehsil - Hasanganj 0002,006242, 10 RAJASTHANI,1,1,0,1,1,0,0,0,0
C0116,09,26,0002,Tehsil - Hasanganj 0002,014000,14 NEPALI,1531,796,735,1486,772,714,45,24,21
C0116,09,26,0002,Tehsil - Hasanganj 0002,014009, 1 NEPALI,1531,796,735,1486,772,714,45,24,21
C0116,09,26,0002,Tehsil - Hasanganj 0002,016000,16 PUNJABI,116,56,60,113,54,59,3,2,1
C0116,09,26,0002,Tehsil - Hasanganj 0002,016018, 1 PUNJABI,116,56,60,113,54,59,3,2,1
C0116,09,26,0002,Tehsil - Hasanganj 0002,019000,19 SINDHI,2,0,2,2,0,2,0,0,0
C0116,09,26,0002,Tehsil - Hasanganj 0002,019013, 1 SINDHI,2,0,2,2,0,2,0,0,0
C0116,09,26,0002,Tehsil - Hasanganj 0002,020000,20 TAMIL,1,1,0,1,1,0,0,0,0
C0116,09,26,0002,Tehsil - Hasanganj 0002,020020, 1 TAMIL,1,1,0,1,1,0,0,0,0
C0116,09,26,0002,Tehsil - Hasanganj 0002,021000,21 TELUGU,1,1,0,1,1,0,0,0,0
C0116,09,26,0002,Tehsil - Hasanganj 0002,021035, 1 TELUGU,1,1,0,1,1,0,0,0,0
C0116,09,26,0002,Tehsil - Hasanganj 0002,022000,22 URDU,15033,7858,7175,10810,5635,5175,4223,2223,2000
C0116,09,26,0002,Tehsil - Hasanganj 0002,022014, 1 URDU,15033,7858,7175,10810,5635,5175,4223,2223,2000
C0116,09,26,0002,Tehsil - Hasanganj 0002,028000,28 ARABIC/ARBI,155,79,76,155,79,76,0,0,0
C0116,09,26,0002,Tehsil - Hasanganj 0002,028001, 1 ARABIC/ARBI,155,79,76,155,79,76,0,0,0
C0116,09,26,0002,Tehsil - Hasanganj 0002,040000,40 ENGLISH,1,1,0,1,1,0,0,0,0
C0116,09,26,0002,Tehsil - Hasanganj 0002,040001, 1 ENGLISH,1,1,0,1,1,0,0,0,0
C0116,09,26,0002,Tehsil - Hasanganj 0002,123000,123 OTHERS,120,63,57,82,41,41,38,22,16
C0116,09,26,0003,Tehsil - Unnao 0003,002000,2 BENGALI,138,74,64,23,11,12,115,63,52
C0116,09,26,0003,Tehsil - Unnao 0003,002004, 1 BENGALI,138,74,64,23,11,12,115,63,52
C0116,09,26,0003,Tehsil - Unnao 0003,005000,5 GUJARATI,3,2,1,0,0,0,3,2,1
C0116,09,26,0003,Tehsil - Unnao 0003,005011, 1 GUJARATI,3,2,1,0,0,0,3,2,1
C0116,09,26,0003,Tehsil - Unnao 0003,006000,6 HINDI,706259,374776,331483,502471,266389,236082,203788,108387,95401
C0116,09,26,0003,Tehsil - Unnao 0003,006008, 1 AWADHI,4460,2338,2122,1,0,1,4459,2338,2121
C0116,09,26,0003,Tehsil - Unnao 0003,006045, 2 BHOJPURI,106,65,41,103,64,39,3,1,2
C0116,09,26,0003,Tehsil - Unnao 0003,006060, 3 BUNDELI/BUNDELKHANDI,37,14,23,3,2,1,34,12,22
C0116,09,26,0003,Tehsil - Unnao 0003,006072, 4 CHHATTISGARHI,31,14,17,31,14,17,0,0,0
C0116,09,26,0003,Tehsil - Unnao 0003,006095, 5 GARHWALI,7,5,2,4,2,2,3,3,0
C0116,09,26,0003,Tehsil - Unnao 0003,006117, 6 HARYANVI,1,1,0,1,1,0,0,0,0
C0116,09,26,0003,Tehsil - Unnao 0003,006118, 7 HINDI,701444,372241,329203,502206,266234,235972,199238,106007,93231
C0116,09,26,0003,Tehsil - Unnao 0003,006127, 8 JAUNSARI,5,3,2,5,3,2,0,0,0
C0116,09,26,0003,Tehsil - Unnao 0003,006192, 9 MARWARI,15,7,8,0,0,0,15,7,8
C0116,09,26,0003,Tehsil - Unnao 0003,006195, 10 MEWARI,14,4,10,0,0,0,14,4,10
C0116,09,26,0003,Tehsil - Unnao 0003,006999,6 Others,139,84,55,117,69,48,22,15,7
C0116,09,26,0003,Tehsil - Unnao 0003,007000,7 KANNADA,6,5,1,0,0,0,6,5,1
C0116,09,26,0003,Tehsil - Unnao 0003,007013, 1 KANNADA,6,5,1,0,0,0,6,5,1
C0116,09,26,0003,Tehsil - Unnao 0003,010000,10 MAITHILI,84,49,35,0,0,0,84,49,35
C0116,09,26,0003,Tehsil - Unnao 0003,010006, 1 MAITHILI,84,49,35,0,0,0,84,49,35
C0116,09,26,0003,Tehsil - Unnao 0003,011000,11 MALAYALAM,31,15,16,3,2,1,28,13,15
C0116,09,26,0003,Tehsil - Unnao 0003,011013, 1 MALAYALAM,31,15,16,3,2,1,28,13,15
C0116,09,26,0003,Tehsil - Unnao 0003,013000,13 MARATHI,4,2,2,2,0,2,2,2,0
C0116,09,26,0003,Tehsil - Unnao 0003,013048, 1 MARATHI,4,2,2,2,0,2,2,2,0
C0116,09,26,0003,Tehsil - Unnao 0003,014000,14 NEPALI,1525,798,727,1234,633,601,291,165,126
C0116,09,26,0003,Tehsil - Unnao 0003,014009, 1 NEPALI,1525,798,727,1234,633,601,291,165,126
C0116,09,26,0003,Tehsil - Unnao 0003,015000,15 ORIYA,33,14,19,28,12,16,5,2,3
C0116,09,26,0003,Tehsil - Unnao 0003,015031, 1 ORIYA,33,14,19,28,12,16,5,2,3
C0116,09,26,0003,Tehsil - Unnao 0003,016000,16 PUNJABI,285,148,137,2,2,0,283,146,137
C0116,09,26,0003,Tehsil - Unnao 0003,016018, 1 PUNJABI,281,147,134,2,2,0,279,145,134
C0116,09,26,0003,Tehsil - Unnao 0003,016999,16 Others,4,1,3,0,0,0,4,1,3
C0116,09,26,0003,Tehsil - Unnao 0003,017000,17 SANSKRIT,8,5,3,0,0,0,8,5,3
C0116,09,26,0003,Tehsil - Unnao 0003,017002, 1 SANSKRIT,8,5,3,0,0,0,8,5,3
C0116,09,26,0003,Tehsil - Unnao 0003,019000,19 SINDHI,39,17,22,0,0,0,39,17,22
C0116,09,26,0003,Tehsil - Unnao 0003,019013, 1 SINDHI,38,16,22,0,0,0,38,16,22
C0116,09,26,0003,Tehsil - Unnao 0003,019999,19 Others,1,1,0,0,0,0,1,1,0
C0116,09,26,0003,Tehsil - Unnao 0003,020000,20 TAMIL,9,3,6,1,0,1,8,3,5
C0116,09,26,0003,Tehsil - Unnao 0003,020020, 1 TAMIL,9,3,6,1,0,1,8,3,5
C0116,09,26,0003,Tehsil - Unnao 0003,022000,22 URDU,32825,17117,15708,5477,2892,2585,27348,14225,13123
C0116,09,26,0003,Tehsil - Unnao 0003,022014, 1 URDU,32825,17117,15708,5477,2892,2585,27348,14225,13123
C0116,09,26,0003,Tehsil - Unnao 0003,028000,28 ARABIC/ARBI,4,1,3,0,0,0,4,1,3
C0116,09,26,0003,Tehsil - Unnao 0003,028001, 1 ARABIC/ARBI,4,1,3,0,0,0,4,1,3
C0116,09,26,0003,Tehsil - Unnao 0003,040000,40 ENGLISH,8,4,4,3,3,0,5,1,4
C0116,09,26,0003,Tehsil - Unnao 0003,040001, 1 ENGLISH,8,4,4,3,3,0,5,1,4
C0116,09,26,0003,Tehsil - Unnao 0003,061000,61 KOCH,1,1,0,0,0,0,1,1,0
C0116,09,26,0003,Tehsil - Unnao 0003,061999,61 Others,1,1,0,0,0,0,1,1,0
C0116,09,26,0003,Tehsil - Unnao 0003,123000,123 OTHERS,188,95,93,21,10,11,167,85,82
C0116,09,26,0004,Tehsil - Purwa 0004,002000,2 BENGALI,16,8,8,13,6,7,3,2,1
C0116,09,26,0004,Tehsil - Purwa 0004,002004, 1 BENGALI,16,8,8,13,6,7,3,2,1
C0116,09,26,0004,Tehsil - Purwa 0004,006000,6 HINDI,389101,202033,187068,359533,186753,172780,29568,15280,14288
C0116,09,26,0004,Tehsil - Purwa 0004,006045, 1 BHOJPURI,1,0,1,1,0,1,0,0,0
C0116,09,26,0004,Tehsil - Purwa 0004,006060, 2 BUNDELI/BUNDELKHANDI,4,2,2,4,2,2,0,0,0
C0116,09,26,0004,Tehsil - Purwa 0004,006072, 3 CHHATTISGARHI,86,42,44,86,42,44,0,0,0
C0116,09,26,0004,Tehsil - Purwa 0004,006095, 4 GARHWALI,2,0,2,2,0,2,0,0,0
C0116,09,26,0004,Tehsil - Purwa 0004,006118, 5 HINDI,389006,201988,187018,359438,186708,172730,29568,15280,14288
C0116,09,26,0004,Tehsil - Purwa 0004,006127, 6 JAUNSARI,1,1,0,1,1,0,0,0,0
C0116,09,26,0004,Tehsil - Purwa 0004,006213, 7 PAHARI,1,0,1,1,0,1,0,0,0
C0116,09,26,0004,Tehsil - Purwa 0004,014000,14 NEPALI,570,308,262,536,288,248,34,20,14
C0116,09,26,0004,Tehsil - Purwa 0004,014009, 1 NEPALI,570,308,262,536,288,248,34,20,14
C0116,09,26,0004,Tehsil - Purwa 0004,016000,16 PUNJABI,21,12,9,21,12,9,0,0,0
C0116,09,26,0004,Tehsil - Purwa 0004,016018, 1 PUNJABI,21,12,9,21,12,9,0,0,0
C0116,09,26,0004,Tehsil - Purwa 0004,017000,17 SANSKRIT,7,5,2,6,4,2,1,1,0
C0116,09,26,0004,Tehsil - Purwa 0004,017002, 1 SANSKRIT,7,5,2,6,4,2,1,1,0
C0116,09,26,0004,Tehsil - Purwa 0004,020000,20 TAMIL,1,0,1,1,0,1,0,0,0
C0116,09,26,0004,Tehsil - Purwa 0004,020020, 1 TAMIL,1,0,1,1,0,1,0,0,0
C0116,09,26,0004,Tehsil - Purwa 0004,022000,22 URDU,8339,4216,4123,2638,1383,1255,5701,2833,2868
C0116,09,26,0004,Tehsil - Purwa 0004,022014, 1 URDU,8339,4216,4123,2638,1383,1255,5701,2833,2868
C0116,09,26,0004,Tehsil - Purwa 0004,028000,28 ARABIC/ARBI,5,1,4,2,1,1,3,0,3
C0116,09,26,0004,Tehsil - Purwa 0004,028001, 1 ARABIC/ARBI,5,1,4,2,1,1,3,0,3
C0116,09,26,0004,Tehsil - Purwa 0004,123000,123 OTHERS,177,99,78,153,86,67,24,13,11
C0116,09,26,0005,Tehsil - Bighapur ** 0005,002000,2 BENGALI,10,4,6,7,3,4,3,1,2
C0116,09,26,0005,Tehsil - Bighapur ** 0005,002004, 1 BENGALI,10,4,6,7,3,4,3,1,2
C0116,09,26,0005,Tehsil - Bighapur ** 0005,005000,5 GUJARATI,2,0,2,2,0,2,0,0,0
C0116,09,26,0005,Tehsil - Bighapur ** 0005,005011, 1 GUJARATI,2,0,2,2,0,2,0,0,0
C0116,09,26,0005,Tehsil - Bighapur ** 0005,006000,6 HINDI,311804,159154,152650,299393,152623,146770,12411,6531,5880
C0116,09,26,0005,Tehsil - Bighapur ** 0005,006008, 1 AWADHI,37,22,15,37,22,15,0,0,0
C0116,09,26,0005,Tehsil - Bighapur ** 0005,006045, 2 BHOJPURI,1,0,1,1,0,1,0,0,0
C0116,09,26,0005,Tehsil - Bighapur ** 0005,006060, 3 BUNDELI/BUNDELKHANDI,3,1,2,2,0,2,1,1,0
C0116,09,26,0005,Tehsil - Bighapur ** 0005,006072, 4 CHHATTISGARHI,50,28,22,50,28,22,0,0,0
C0116,09,26,0005,Tehsil - Bighapur ** 0005,006095, 5 GARHWALI,2,1,1,2,1,1,0,0,0
C0116,09,26,0005,Tehsil - Bighapur ** 0005,006118, 6 HINDI,311680,159083,152597,299270,152553,146717,12410,6530,5880
C0116,09,26,0005,Tehsil - Bighapur ** 0005,006127, 7 JAUNSARI,2,1,1,2,1,1,0,0,0
C0116,09,26,0005,Tehsil - Bighapur ** 0005,006999,6 Others,29,18,11,29,18,11,0,0,0
C0116,09,26,0005,Tehsil - Bighapur ** 0005,013000,13 MARATHI,5,4,1,5,4,1,0,0,0
C0116,09,26,0005,Tehsil - Bighapur ** 0005,013048, 1 MARATHI,5,4,1,5,4,1,0,0,0
C0116,09,26,0005,Tehsil - Bighapur ** 0005,014000,14 NEPALI,728,369,359,701,360,341,27,9,18
C0116,09,26,0005,Tehsil - Bighapur ** 0005,014009, 1 NEPALI,728,369,359,701,360,341,27,9,18
C0116,09,26,0005,Tehsil - Bighapur ** 0005,015000,15 ORIYA,208,100,108,208,100,108,0,0,0
C0116,09,26,0005,Tehsil - Bighapur ** 0005,015031, 1 ORIYA,208,100,108,208,100,108,0,0,0
C0116,09,26,0005,Tehsil - Bighapur ** 0005,016000,16 PUNJABI,1,1,0,1,1,0,0,0,0
C0116,09,26,0005,Tehsil - Bighapur ** 0005,016018, 1 PUNJABI,1,1,0,1,1,0,0,0,0
C0116,09,26,0005,Tehsil - Bighapur ** 0005,022000,22 URDU,806,416,390,787,404,383,19,12,7
C0116,09,26,0005,Tehsil - Bighapur ** 0005,022014, 1 URDU,806,416,390,787,404,383,19,12,7
C0116,09,26,0005,Tehsil - Bighapur ** 0005,123000,123 OTHERS,82,39,43,81,38,43,1,1,0
C0116,09,27,0000,District - Lucknow  27,001000,1 ASSAMESE,3178,1673,1505,8,6,2,3170,1667,1503
C0116,09,27,0000,District - Lucknow  27,001002, 1 ASSAMESE,3178,1673,1505,8,6,2,3170,1667,1503
C0116,09,27,0000,District - Lucknow  27,002000,2 BENGALI,12757,6498,6259,266,143,123,12491,6355,6136
C0116,09,27,0000,District - Lucknow  27,002004, 1 BENGALI,12757,6498,6259,266,143,123,12491,6355,6136
C0116,09,27,0000,District - Lucknow  27,003000,3 BODO,3,3,0,0,0,0,3,3,0
C0116,09,27,0000,District - Lucknow  27,003001, 1 BODO,3,3,0,0,0,0,3,3,0
C0116,09,27,0000,District - Lucknow  27,004000,4 DOGRI,203,130,73,0,0,0,203,130,73
C0116,09,27,0000,District - Lucknow  27,004001, 1 DOGRI,203,130,73,0,0,0,203,130,73
C0116,09,27,0000,District - Lucknow  27,005000,5 GUJARATI,893,454,439,8,6,2,885,448,437
C0116,09,27,0000,District - Lucknow  27,005011, 1 GUJARATI,883,449,434,8,6,2,875,443,432
C0116,09,27,0000,District - Lucknow  27,005012, 2 GUJRAO/GUJRAU,1,1,0,0,0,0,1,1,0
C0116,09,27,0000,District - Lucknow  27,005036, 3 SAURASHTRA/SAURASHTRI,4,2,2,0,0,0,4,2,2
C0116,09,27,0000,District - Lucknow  27,005999,5 Others,5,2,3,0,0,0,5,2,3
C0116,09,27,0000,District - Lucknow  27,006000,6 HINDI,3232761,1714934,1517827,1283001,679561,603440,1949760,1035373,914387
C0116,09,27,0000,District - Lucknow  27,006008, 1 AWADHI,47265,24959,22306,35448,18705,16743,11817,6254,5563
C0116,09,27,0000,District - Lucknow  27,006045, 2 BHOJPURI,3968,2282,1686,132,99,33,3836,2183,1653
C0116,09,27,0000,District - Lucknow  27,006059, 3 BRAJBHASHA,125,75,50,0,0,0,125,75,50
C0116,09,27,0000,District - Lucknow  27,006060, 4 BUNDELI/BUNDELKHANDI,1285,660,625,32,22,10,1253,638,615
C0116,09,27,0000,District - Lucknow  27,006072, 5 CHHATTISGARHI,3929,2038,1891,668,356,312,3261,1682,1579
C0116,09,27,0000,District - Lucknow  27,006095, 6 GARHWALI,1082,585,497,28,19,9,1054,566,488
C0116,09,27,0000,District - Lucknow  27,006117, 7 HARYANVI,116,84,32,30,17,13,86,67,19
C0116,09,27,0000,District - Lucknow  27,006118, 8 HINDI,3169833,1681400,1488433,1246489,660234,586255,1923344,1021166,902178
C0116,09,27,0000,District - Lucknow  27,006127, 9 JAUNSARI,39,25,14,16,10,6,23,15,8
C0116,09,27,0000,District - Lucknow  27,006138, 10 KANGRI,5,3,2,0,0,0,5,3,2
C0116,09,27,0000,District - Lucknow  27,006148, 11 KHARI BOLI,1124,608,516,0,0,0,1124,608,516
C0116,09,27,0000,District - Lucknow  27,006162, 12 KUMAUNI,2523,1363,1160,13,7,6,2510,1356,1154
C0116,09,27,0000,District - Lucknow  27,006179, 13 MAGADHI/MAGAHI,11,7,4,0,0,0,11,7,4
C0116,09,27,0000,District - Lucknow  27,006192, 14 MARWARI,128,71,57,4,2,2,124,69,55
C0116,09,27,0000,District - Lucknow  27,006195, 15 MEWARI,5,3,2,0,0,0,5,3,2
C0116,09,27,0000,District - Lucknow  27,006204, 16 NAGPURIA,2,1,1,0,0,0,2,1,1
C0116,09,27,0000,District - Lucknow  27,006213, 17 PAHARI,246,129,117,1,1,0,245,128,117
C0116,09,27,0000,District - Lucknow  27,006242, 18 RAJASTHANI,184,114,70,23,16,7,161,98,63
C0116,09,27,0000,District - Lucknow  27,006251, 19 SADAN/SADRI,2,1,1,0,0,0,2,1,1
C0116,09,27,0000,District - Lucknow  27,006999,6 Others,889,526,363,117,73,44,772,453,319
C0116,09,27,0000,District - Lucknow  27,007000,7 KANNADA,287,201,86,18,10,8,269,191,78
C0116,09,27,0000,District - Lucknow  27,007013, 1 KANNADA,258,185,73,18,10,8,240,175,65
C0116,09,27,0000,District - Lucknow  27,007999,7 Others,29,16,13,0,0,0,29,16,13
C0116,09,27,0000,District - Lucknow  27,008000,8 KASHMIRI,225,133,92,1,1,0,224,132,92
C0116,09,27,0000,District - Lucknow  27,008002, 1 KASHMIRI,225,133,92,1,1,0,224,132,92
C0116,09,27,0000,District - Lucknow  27,009000,9 KONKANI,51,37,14,4,3,1,47,34,13
C0116,09,27,0000,District - Lucknow  27,009010, 1 KONKANI,40,30,10,4,3,1,36,27,9
C0116,09,27,0000,District - Lucknow  27,009999,9 Others,11,7,4,0,0,0,11,7,4
C0116,09,27,0000,District - Lucknow  27,010000,10 MAITHILI,327,188,139,19,16,3,308,172,136
C0116,09,27,0000,District - Lucknow  27,010006, 1 MAITHILI,327,188,139,19,16,3,308,172,136
C0116,09,27,0000,District - Lucknow  27,011000,11 MALAYALAM,2086,1052,1034,117,59,58,1969,993,976
C0116,09,27,0000,District - Lucknow  27,011013, 1 MALAYALAM,2071,1043,1028,116,58,58,1955,985,970
C0116,09,27,0000,District - Lucknow  27,011999,11 Others,15,9,6,1,1,0,14,8,6
C0116,09,27,0000,District - Lucknow  27,012000,12 MANIPURI,78,63,15,0,0,0,78,63,15
C0116,09,27,0000,District - Lucknow  27,012002, 1 MANIPURI,78,63,15,0,0,0,78,63,15
C0116,09,27,0000,District - Lucknow  27,013000,13 MARATHI,1139,689,450,70,44,26,1069,645,424
C0116,09,27,0000,District - Lucknow  27,013048, 1 MARATHI,1139,689,450,70,44,26,1069,645,424
C0116,09,27,0000,District - Lucknow  27,014000,14 NEPALI,8648,5027,3621,3212,1777,1435,5436,3250,2186
C0116,09,27,0000,District - Lucknow  27,014009, 1 NEPALI,8648,5027,3621,3212,1777,1435,5436,3250,2186
C0116,09,27,0000,District - Lucknow  27,015000,15 ORIYA,887,566,321,140,88,52,747,478,269
C0116,09,27,0000,District - Lucknow  27,015031, 1 ORIYA,885,565,320,140,88,52,745,477,268
C0116,09,27,0000,District - Lucknow  27,015042, 2 SAMBALPURI,2,1,1,0,0,0,2,1,1
C0116,09,27,0000,District - Lucknow  27,016000,16 PUNJABI,21244,10922,10322,833,437,396,20411,10485,9926
C0116,09,27,0000,District - Lucknow  27,016018, 1 PUNJABI,20798,10683,10115,829,435,394,19969,10248,9721
C0116,09,27,0000,District - Lucknow  27,016999,16 Others,446,239,207,4,2,2,442,237,205
C0116,09,27,0000,District - Lucknow  27,017000,17 SANSKRIT,309,176,133,2,1,1,307,175,132
C0116,09,27,0000,District - Lucknow  27,017002, 1 SANSKRIT,309,176,133,2,1,1,307,175,132
C0116,09,27,0000,District - Lucknow  27,018000,18 SANTALI,56,29,27,0,0,0,56,29,27
C0116,09,27,0000,District - Lucknow  27,018013, 1 SANTALI,56,29,27,0,0,0,56,29,27
C0116,09,27,0000,District - Lucknow  27,019000,19 SINDHI,4995,2493,2502,3,3,0,4992,2490,2502
C0116,09,27,0000,District - Lucknow  27,019013, 1 SINDHI,4995,2493,2502,3,3,0,4992,2490,2502
C0116,09,27,0000,District - Lucknow  27,020000,20 TAMIL,1154,746,408,88,59,29,1066,687,379
C0116,09,27,0000,District - Lucknow  27,020020, 1 TAMIL,1139,737,402,87,59,28,1052,678,374
C0116,09,27,0000,District - Lucknow  27,020999,20 Others,15,9,6,1,0,1,14,9,5
C0116,09,27,0000,District - Lucknow  27,021000,21 TELUGU,881,543,338,58,40,18,823,503,320
C0116,09,27,0000,District - Lucknow  27,021035, 1 TELUGU,878,541,337,58,40,18,820,501,319
C0116,09,27,0000,District - Lucknow  27,021999,21 Others,3,2,1,0,0,0,3,2,1
C0116,09,27,0000,District - Lucknow  27,022000,22 URDU,354067,184959,169108,38943,20740,18203,315124,164219,150905
C0116,09,27,0000,District - Lucknow  27,022014, 1 URDU,354067,184959,169108,38943,20740,18203,315124,164219,150905
C0116,09,27,0000,District - Lucknow  27,023000,23 ADI,1,0,1,0,0,0,1,0,1
C0116,09,27,0000,District - Lucknow  27,023999,23 Others,1,0,1,0,0,0,1,0,1
C0116,09,27,0000,District - Lucknow  27,028000,28 ARABIC/ARBI,131,72,59,20,16,4,111,56,55
C0116,09,27,0000,District - Lucknow  27,028001, 1 ARABIC/ARBI,131,72,59,20,16,4,111,56,55
C0116,09,27,0000,District - Lucknow  27,030000,30 BHILI/BHILODI,4,2,2,0,0,0,4,2,2
C0116,09,27,0000,District - Lucknow  27,030027, 1 KOKNA/KOKNI/KUKNA,4,2,2,0,0,0,4,2,2
C0116,09,27,0000,District - Lucknow  27,031000,31 BHOTIA,6,2,4,0,0,0,6,2,4
C0116,09,27,0000,District - Lucknow  27,031001, 1 BHOTIA,6,2,4,0,0,0,6,2,4
C0116,09,27,0000,District - Lucknow  27,040000,40 ENGLISH,843,393,450,27,13,14,816,380,436
C0116,09,27,0000,District - Lucknow  27,040001, 1 ENGLISH,843,393,450,27,13,14,816,380,436
C0116,09,27,0000,District - Lucknow  27,043000,43 GARO,1,1,0,0,0,0,1,1,0
C0116,09,27,0000,District - Lucknow  27,043005, 1 GARO,1,1,0,0,0,0,1,1,0
C0116,09,27,0000,District - Lucknow  27,044000,44 GONDI,3,0,3,0,0,0,3,0,3
C0116,09,27,0000,District - Lucknow  27,044999,44 Others,3,0,3,0,0,0,3,0,3
C0116,09,27,0000,District - Lucknow  27,046000,46 HALAM,3,2,1,0,0,0,3,2,1
C0116,09,27,0000,District - Lucknow  27,046999,46 Others,3,2,1,0,0,0,3,2,1
C0116,09,27,0000,District - Lucknow  27,048000,48 HO,3,0,3,0,0,0,3,0,3
C0116,09,27,0000,District - Lucknow  27,048002, 1 HO,3,0,3,0,0,0,3,0,3
C0116,09,27,0000,District - Lucknow  27,053000,53 KHANDESHI,1,0,1,0,0,0,1,0,1
C0116,09,27,0000,District - Lucknow  27,053005, 1 GUJARI,1,0,1,0,0,0,1,0,1
C0116,09,27,0000,District - Lucknow  27,055000,55 KHASI,1,0,1,0,0,0,1,0,1
C0116,09,27,0000,District - Lucknow  27,055006, 1 KHASI,1,0,1,0,0,0,1,0,1
C0116,09,27,0000,District - Lucknow  27,061000,61 KOCH,1,1,0,0,0,0,1,1,0
C0116,09,27,0000,District - Lucknow  27,061002, 1 KOCH,1,1,0,0,0,0,1,1,0
C0116,09,27,0000,District - Lucknow  27,072000,72 KURUKH/ORAON,31,20,11,2,2,0,29,18,11
C0116,09,27,0000,District - Lucknow  27,072009, 1 KURUKH/ORAON,31,20,11,2,2,0,29,18,11
C0116,09,27,0000,District - Lucknow  27,075000,75 LAHNDA,13,8,5,0,0,0,13,8,5
C0116,09,27,0000,District - Lucknow  27,075012, 1 MULTANI,12,7,5,0,0,0,12,7,5
C0116,09,27,0000,District - Lucknow  27,075999,75 Others,1,1,0,0,0,0,1,1,0
C0116,09,27,0000,District - Lucknow  27,082000,82 LUSHAI/MIZO,5,4,1,0,0,0,5,4,1
C0116,09,27,0000,District - Lucknow  27,082003, 1 LUSHAI/MIZO,5,4,1,0,0,0,5,4,1
C0116,09,27,0000,District - Lucknow  27,086000,86 MIRI/MISHING,4,2,2,0,0,0,4,2,2
C0116,09,27,0000,District - Lucknow  27,086003, 1 MIRI/MISHING,4,2,2,0,0,0,4,2,2
C0116,09,27,0000,District - Lucknow  27,090000,90 MUNDA,43,18,25,0,0,0,43,18,25
C0116,09,27,0000,District - Lucknow  27,090006, 1 MUNDA,23,8,15,0,0,0,23,8,15
C0116,09,27,0000,District - Lucknow  27,090999,90 Others,20,10,10,0,0,0,20,10,10
C0116,09,27,0000,District - Lucknow  27,091000,91 MUNDARI,14,6,8,1,0,1,13,6,7
C0116,09,27,0000,District - Lucknow  27,091004, 1 MUNDARI,14,6,8,1,0,1,13,6,7
C0116,09,27,0000,District - Lucknow  27,098000,98 PERSIAN,3,1,2,0,0,0,3,1,2
C0116,09,27,0000,District - Lucknow  27,098001, 1 PERSIAN,3,1,2,0,0,0,3,1,2
C0116,09,27,0000,District - Lucknow  27,108000,108 SHINA,1,1,0,0,0,0,1,1,0
C0116,09,27,0000,District - Lucknow  27,108005, 1 SHINA,1,1,0,0,0,0,1,1,0
C0116,09,27,0000,District - Lucknow  27,111000,111 TANGKHUL,1,1,0,0,0,0,1,1,0
C0116,09,27,0000,District - Lucknow  27,111005, 1 TANGKHUL,1,1,0,0,0,0,1,1,0
C0116,09,27,0000,District - Lucknow  27,114000,114 TIBETAN,3,0,3,0,0,0,3,0,3
C0116,09,27,0000,District - Lucknow  27,114999,114 Others,3,0,3,0,0,0,3,0,3
C0116,09,27,0000,District - Lucknow  27,115000,115 TRIPURI,3,2,1,0,0,0,3,2,1
C0116,09,27,0000,District - Lucknow  27,115002, 1 KOK BARAK,3,2,1,0,0,0,3,2,1
C0116,09,27,0000,District - Lucknow  27,116000,116 TULU,8,2,6,0,0,0,8,2,6
C0116,09,27,0000,District - Lucknow  27,116009, 1 TULU,7,2,5,0,0,0,7,2,5
C0116,09,27,0000,District - Lucknow  27,116999,116 Others,1,0,1,0,0,0,1,0,1
C0116,09,27,0000,District - Lucknow  27,123000,123 OTHERS,478,263,215,32,19,13,446,244,202
C0116,09,27,0001,Tehsil - Malihabad 0001,002000,2 BENGALI,24,12,12,20,11,9,4,1,3
C0116,09,27,0001,Tehsil - Malihabad 0001,002004, 1 BENGALI,24,12,12,20,11,9,4,1,3
C0116,09,27,0001,Tehsil - Malihabad 0001,006000,6 HINDI,289272,152851,136421,281538,148749,132789,7734,4102,3632
C0116,09,27,0001,Tehsil - Malihabad 0001,006008, 1 AWADHI,25391,13370,12021,25391,13370,12021,0,0,0
C0116,09,27,0001,Tehsil - Malihabad 0001,006045, 2 BHOJPURI,6,4,2,6,4,2,0,0,0
C0116,09,27,0001,Tehsil - Malihabad 0001,006060, 3 BUNDELI/BUNDELKHANDI,2,1,1,2,1,1,0,0,0
C0116,09,27,0001,Tehsil - Malihabad 0001,006095, 4 GARHWALI,9,5,4,9,5,4,0,0,0
C0116,09,27,0001,Tehsil - Malihabad 0001,006118, 5 HINDI,263864,139471,124393,256130,135369,120761,7734,4102,3632
C0116,09,27,0001,Tehsil - Malihabad 0001,011000,11 MALAYALAM,3,1,2,3,1,2,0,0,0
C0116,09,27,0001,Tehsil - Malihabad 0001,011013, 1 MALAYALAM,3,1,2,3,1,2,0,0,0
C0116,09,27,0001,Tehsil - Malihabad 0001,014000,14 NEPALI,732,443,289,729,441,288,3,2,1
C0116,09,27,0001,Tehsil - Malihabad 0001,014009, 1 NEPALI,732,443,289,729,441,288,3,2,1
C0116,09,27,0001,Tehsil - Malihabad 0001,022000,22 URDU,22851,12281,10570,14785,8073,6712,8066,4208,3858
C0116,09,27,0001,Tehsil - Malihabad 0001,022014, 1 URDU,22851,12281,10570,14785,8073,6712,8066,4208,3858
C0116,09,27,0001,Tehsil - Malihabad 0001,040000,40 ENGLISH,2,2,0,1,1,0,1,1,0
C0116,09,27,0001,Tehsil - Malihabad 0001,040001, 1 ENGLISH,2,2,0,1,1,0,1,1,0
C0116,09,27,0001,Tehsil - Malihabad 0001,123000,123 OTHERS,4,2,2,4,2,2,0,0,0
C0116,09,27,0002,Tehsil - Bakshi Ka Talab** 0002,001000,1 ASSAMESE,6,4,2,6,4,2,0,0,0
C0116,09,27,0002,Tehsil - Bakshi Ka Talab** 0002,001002, 1 ASSAMESE,6,4,2,6,4,2,0,0,0
C0116,09,27,0002,Tehsil - Bakshi Ka Talab** 0002,002000,2 BENGALI,79,47,32,76,45,31,3,2,1
C0116,09,27,0002,Tehsil - Bakshi Ka Talab** 0002,002004, 1 BENGALI,79,47,32,76,45,31,3,2,1
C0116,09,27,0002,Tehsil - Bakshi Ka Talab** 0002,005000,5 GUJARATI,5,5,0,5,5,0,0,0,0
C0116,09,27,0002,Tehsil - Bakshi Ka Talab** 0002,005011, 1 GUJARATI,5,5,0,5,5,0,0,0,0
C0116,09,27,0002,Tehsil - Bakshi Ka Talab** 0002,006000,6 HINDI,270410,143673,126737,257804,136924,120880,12606,6749,5857
C0116,09,27,0002,Tehsil - Bakshi Ka Talab** 0002,006008, 1 AWADHI,1199,624,575,1199,624,575,0,0,0
C0116,09,27,0002,Tehsil - Bakshi Ka Talab** 0002,006045, 2 BHOJPURI,3,3,0,3,3,0,0,0,0
C0116,09,27,0002,Tehsil - Bakshi Ka Talab** 0002,006060, 3 BUNDELI/BUNDELKHANDI,10,6,4,9,6,3,1,0,1
C0116,09,27,0002,Tehsil - Bakshi Ka Talab** 0002,006072, 4 CHHATTISGARHI,175,94,81,175,94,81,0,0,0
C0116,09,27,0002,Tehsil - Bakshi Ka Talab** 0002,006118, 5 HINDI,269014,142943,126071,256409,136194,120215,12605,6749,5856
C0116,09,27,0002,Tehsil - Bakshi Ka Talab** 0002,006127, 6 JAUNSARI,5,2,3,5,2,3,0,0,0
C0116,09,27,0002,Tehsil - Bakshi Ka Talab** 0002,006192, 7 MARWARI,2,1,1,2,1,1,0,0,0
C0116,09,27,0002,Tehsil - Bakshi Ka Talab** 0002,006999,6 Others,2,0,2,2,0,2,0,0,0
C0116,09,27,0002,Tehsil - Bakshi Ka Talab** 0002,007000,7 KANNADA,5,5,0,5,5,0,0,0,0
C0116,09,27,0002,Tehsil - Bakshi Ka Talab** 0002,007013, 1 KANNADA,5,5,0,5,5,0,0,0,0
C0116,09,27,0002,Tehsil - Bakshi Ka Talab** 0002,009000,9 KONKANI,4,3,1,4,3,1,0,0,0
C0116,09,27,0002,Tehsil - Bakshi Ka Talab** 0002,009010, 1 KONKANI,4,3,1,4,3,1,0,0,0
C0116,09,27,0002,Tehsil - Bakshi Ka Talab** 0002,010000,10 MAITHILI,2,2,0,2,2,0,0,0,0
C0116,09,27,0002,Tehsil - Bakshi Ka Talab** 0002,010006, 1 MAITHILI,2,2,0,2,2,0,0,0,0
C0116,09,27,0002,Tehsil - Bakshi Ka Talab** 0002,011000,11 MALAYALAM,59,34,25,59,34,25,0,0,0
C0116,09,27,0002,Tehsil - Bakshi Ka Talab** 0002,011013, 1 MALAYALAM,59,34,25,59,34,25,0,0,0
C0116,09,27,0002,Tehsil - Bakshi Ka Talab** 0002,013000,13 MARATHI,33,22,11,33,22,11,0,0,0
C0116,09,27,0002,Tehsil - Bakshi Ka Talab** 0002,013048, 1 MARATHI,33,22,11,33,22,11,0,0,0
C0116,09,27,0002,Tehsil - Bakshi Ka Talab** 0002,014000,14 NEPALI,594,337,257,588,334,254,6,3,3
C0116,09,27,0002,Tehsil - Bakshi Ka Talab** 0002,014009, 1 NEPALI,594,337,257,588,334,254,6,3,3
C0116,09,27,0002,Tehsil - Bakshi Ka Talab** 0002,015000,15 ORIYA,24,16,8,24,16,8,0,0,0
C0116,09,27,0002,Tehsil - Bakshi Ka Talab** 0002,015031, 1 ORIYA,24,16,8,24,16,8,0,0,0
C0116,09,27,0002,Tehsil - Bakshi Ka Talab** 0002,016000,16 PUNJABI,161,95,66,161,95,66,0,0,0
C0116,09,27,0002,Tehsil - Bakshi Ka Talab** 0002,016018, 1 PUNJABI,161,95,66,161,95,66,0,0,0
C0116,09,27,0002,Tehsil - Bakshi Ka Talab** 0002,019000,19 SINDHI,1,1,0,1,1,0,0,0,0
C0116,09,27,0002,Tehsil - Bakshi Ka Talab** 0002,019013, 1 SINDHI,1,1,0,1,1,0,0,0,0
C0116,09,27,0002,Tehsil - Bakshi Ka Talab** 0002,020000,20 TAMIL,57,37,20,57,37,20,0,0,0
C0116,09,27,0002,Tehsil - Bakshi Ka Talab** 0002,020020, 1 TAMIL,57,37,20,57,37,20,0,0,0
C0116,09,27,0002,Tehsil - Bakshi Ka Talab** 0002,021000,21 TELUGU,28,21,7,28,21,7,0,0,0
C0116,09,27,0002,Tehsil - Bakshi Ka Talab** 0002,021035, 1 TELUGU,28,21,7,28,21,7,0,0,0
C0116,09,27,0002,Tehsil - Bakshi Ka Talab** 0002,022000,22 URDU,4655,2475,2180,4055,2159,1896,600,316,284
C0116,09,27,0002,Tehsil - Bakshi Ka Talab** 0002,022014, 1 URDU,4655,2475,2180,4055,2159,1896,600,316,284
C0116,09,27,0002,Tehsil - Bakshi Ka Talab** 0002,028000,28 ARABIC/ARBI,4,3,1,4,3,1,0,0,0
C0116,09,27,0002,Tehsil - Bakshi Ka Talab** 0002,028001, 1 ARABIC/ARBI,4,3,1,4,3,1,0,0,0
C0116,09,27,0002,Tehsil - Bakshi Ka Talab** 0002,040000,40 ENGLISH,1,1,0,1,1,0,0,0,0
C0116,09,27,0002,Tehsil - Bakshi Ka Talab** 0002,040001, 1 ENGLISH,1,1,0,1,1,0,0,0,0
C0116,09,27,0002,Tehsil - Bakshi Ka Talab** 0002,123000,123 OTHERS,6,4,2,5,3,2,1,1,0
C0116,09,27,0003,Tehsil - Lucknow 0003,001000,1 ASSAMESE,3172,1669,1503,2,2,0,3170,1667,1503
C0116,09,27,0003,Tehsil - Lucknow 0003,001002, 1 ASSAMESE,3172,1669,1503,2,2,0,3170,1667,1503
C0116,09,27,0003,Tehsil - Lucknow 0003,002000,2 BENGALI,12643,6436,6207,159,84,75,12484,6352,6132
C0116,09,27,0003,Tehsil - Lucknow 0003,002004, 1 BENGALI,12643,6436,6207,159,84,75,12484,6352,6132
C0116,09,27,0003,Tehsil - Lucknow 0003,003000,3 BODO,3,3,0,0,0,0,3,3,0
C0116,09,27,0003,Tehsil - Lucknow 0003,003001, 1 BODO,3,3,0,0,0,0,3,3,0
C0116,09,27,0003,Tehsil - Lucknow 0003,004000,4 DOGRI,203,130,73,0,0,0,203,130,73
C0116,09,27,0003,Tehsil - Lucknow 0003,004001, 1 DOGRI,203,130,73,0,0,0,203,130,73
C0116,09,27,0003,Tehsil - Lucknow 0003,005000,5 GUJARATI,888,449,439,3,1,2,885,448,437
C0116,09,27,0003,Tehsil - Lucknow 0003,005011, 1 GUJARATI,878,444,434,3,1,2,875,443,432
C0116,09,27,0003,Tehsil - Lucknow 0003,005012, 2 GUJRAO/GUJRAU,1,1,0,0,0,0,1,1,0
C0116,09,27,0003,Tehsil - Lucknow 0003,005036, 3 SAURASHTRA/SAURASHTRI,4,2,2,0,0,0,4,2,2
C0116,09,27,0003,Tehsil - Lucknow 0003,005999,5 Others,5,2,3,0,0,0,5,2,3
C0116,09,27,0003,Tehsil - Lucknow 0003,006000,6 HINDI,2276237,1209747,1066490,371909,198285,173624,1904328,1011462,892866
C0116,09,27,0003,Tehsil - Lucknow 0003,006008, 1 AWADHI,12076,6384,5692,265,134,131,11811,6250,5561
C0116,09,27,0003,Tehsil - Lucknow 0003,006045, 2 BHOJPURI,3946,2268,1678,111,86,25,3835,2182,1653
C0116,09,27,0003,Tehsil - Lucknow 0003,006059, 3 BRAJBHASHA,125,75,50,0,0,0,125,75,50
C0116,09,27,0003,Tehsil - Lucknow 0003,006060, 4 BUNDELI/BUNDELKHANDI,1270,651,619,18,13,5,1252,638,614
C0116,09,27,0003,Tehsil - Lucknow 0003,006072, 5 CHHATTISGARHI,3438,1785,1653,177,103,74,3261,1682,1579
C0116,09,27,0003,Tehsil - Lucknow 0003,006095, 6 GARHWALI,1071,578,493,17,12,5,1054,566,488
C0116,09,27,0003,Tehsil - Lucknow 0003,006117, 7 HARYANVI,88,69,19,2,2,0,86,67,19
C0116,09,27,0003,Tehsil - Lucknow 0003,006118, 8 HINDI,2249209,1195177,1054032,371289,197917,173372,1877920,997260,880660
C0116,09,27,0003,Tehsil - Lucknow 0003,006127, 9 JAUNSARI,27,18,9,4,3,1,23,15,8
C0116,09,27,0003,Tehsil - Lucknow 0003,006138, 10 KANGRI,5,3,2,0,0,0,5,3,2
C0116,09,27,0003,Tehsil - Lucknow 0003,006148, 11 KHARI BOLI,1124,608,516,0,0,0,1124,608,516
C0116,09,27,0003,Tehsil - Lucknow 0003,006162, 12 KUMAUNI,2523,1363,1160,13,7,6,2510,1356,1154
C0116,09,27,0003,Tehsil - Lucknow 0003,006179, 13 MAGADHI/MAGAHI,11,7,4,0,0,0,11,7,4
C0116,09,27,0003,Tehsil - Lucknow 0003,006192, 14 MARWARI,126,70,56,2,1,1,124,69,55
C0116,09,27,0003,Tehsil - Lucknow 0003,006195, 15 MEWARI,5,3,2,0,0,0,5,3,2
C0116,09,27,0003,Tehsil - Lucknow 0003,006204, 16 NAGPURIA,2,1,1,0,0,0,2,1,1
C0116,09,27,0003,Tehsil - Lucknow 0003,006213, 17 PAHARI,246,129,117,1,1,0,245,128,117
C0116,09,27,0003,Tehsil - Lucknow 0003,006242, 18 RAJASTHANI,167,102,65,6,4,2,161,98,63
C0116,09,27,0003,Tehsil - Lucknow 0003,006251, 19 SADAN/SADRI,2,1,1,0,0,0,2,1,1
C0116,09,27,0003,Tehsil - Lucknow 0003,006999,6 Others,776,455,321,4,2,2,772,453,319
C0116,09,27,0003,Tehsil - Lucknow 0003,007000,7 KANNADA,274,195,79,5,4,1,269,191,78
C0116,09,27,0003,Tehsil - Lucknow 0003,007013, 1 KANNADA,245,179,66,5,4,1,240,175,65
C0116,09,27,0003,Tehsil - Lucknow 0003,007999,7 Others,29,16,13,0,0,0,29,16,13
C0116,09,27,0003,Tehsil - Lucknow 0003,008000,8 KASHMIRI,225,133,92,1,1,0,224,132,92
C0116,09,27,0003,Tehsil - Lucknow 0003,008002, 1 KASHMIRI,225,133,92,1,1,0,224,132,92
C0116,09,27,0003,Tehsil - Lucknow 0003,009000,9 KONKANI,47,34,13,0,0,0,47,34,13
C0116,09,27,0003,Tehsil - Lucknow 0003,009010, 1 KONKANI,36,27,9,0,0,0,36,27,9
C0116,09,27,0003,Tehsil - Lucknow 0003,009999,9 Others,11,7,4,0,0,0,11,7,4
C0116,09,27,0003,Tehsil - Lucknow 0003,010000,10 MAITHILI,325,186,139,17,14,3,308,172,136
C0116,09,27,0003,Tehsil - Lucknow 0003,010006, 1 MAITHILI,325,186,139,17,14,3,308,172,136
C0116,09,27,0003,Tehsil - Lucknow 0003,011000,11 MALAYALAM,2001,1017,984,32,24,8,1969,993,976
C0116,09,27,0003,Tehsil - Lucknow 0003,011013, 1 MALAYALAM,1986,1008,978,31,23,8,1955,985,970
C0116,09,27,0003,Tehsil - Lucknow 0003,011999,11 Others,15,9,6,1,1,0,14,8,6
C0116,09,27,0003,Tehsil - Lucknow 0003,012000,12 MANIPURI,78,63,15,0,0,0,78,63,15
C0116,09,27,0003,Tehsil - Lucknow 0003,012002, 1 MANIPURI,78,63,15,0,0,0,78,63,15
C0116,09,27,0003,Tehsil - Lucknow 0003,013000,13 MARATHI,1103,666,437,34,21,13,1069,645,424
C0116,09,27,0003,Tehsil - Lucknow 0003,013048, 1 MARATHI,1103,666,437,34,21,13,1069,645,424
C0116,09,27,0003,Tehsil - Lucknow 0003,014000,14 NEPALI,6354,3733,2621,958,501,457,5396,3232,2164
C0116,09,27,0003,Tehsil - Lucknow 0003,014009, 1 NEPALI,6354,3733,2621,958,501,457,5396,3232,2164
C0116,09,27,0003,Tehsil - Lucknow 0003,015000,15 ORIYA,797,516,281,50,38,12,747,478,269
C0116,09,27,0003,Tehsil - Lucknow 0003,015031, 1 ORIYA,795,515,280,50,38,12,745,477,268
C0116,09,27,0003,Tehsil - Lucknow 0003,015042, 2 SAMBALPURI,2,1,1,0,0,0,2,1,1
C0116,09,27,0003,Tehsil - Lucknow 0003,016000,16 PUNJABI,20914,10740,10174,510,261,249,20404,10479,9925
C0116,09,27,0003,Tehsil - Lucknow 0003,016018, 1 PUNJABI,20468,10501,9967,506,259,247,19962,10242,9720
C0116,09,27,0003,Tehsil - Lucknow 0003,016999,16 Others,446,239,207,4,2,2,442,237,205
C0116,09,27,0003,Tehsil - Lucknow 0003,017000,17 SANSKRIT,307,175,132,0,0,0,307,175,132
C0116,09,27,0003,Tehsil - Lucknow 0003,017002, 1 SANSKRIT,307,175,132,0,0,0,307,175,132
C0116,09,27,0003,Tehsil - Lucknow 0003,018000,18 SANTALI,56,29,27,0,0,0,56,29,27
C0116,09,27,0003,Tehsil - Lucknow 0003,018013, 1 SANTALI,56,29,27,0,0,0,56,29,27
C0116,09,27,0003,Tehsil - Lucknow 0003,019000,19 SINDHI,4992,2490,2502,0,0,0,4992,2490,2502
C0116,09,27,0003,Tehsil - Lucknow 0003,019013, 1 SINDHI,4992,2490,2502,0,0,0,4992,2490,2502
C0116,09,27,0003,Tehsil - Lucknow 0003,020000,20 TAMIL,1096,709,387,30,22,8,1066,687,379
C0116,09,27,0003,Tehsil - Lucknow 0003,020020, 1 TAMIL,1082,700,382,30,22,8,1052,678,374
C0116,09,27,0003,Tehsil - Lucknow 0003,020999,20 Others,14,9,5,0,0,0,14,9,5
C0116,09,27,0003,Tehsil - Lucknow 0003,021000,21 TELUGU,853,522,331,30,19,11,823,503,320
C0116,09,27,0003,Tehsil - Lucknow 0003,021035, 1 TELUGU,850,520,330,30,19,11,820,501,319
C0116,09,27,0003,Tehsil - Lucknow 0003,021999,21 Others,3,2,1,0,0,0,3,2,1
C0116,09,27,0003,Tehsil - Lucknow 0003,022000,22 URDU,318008,165723,152285,15988,8369,7619,302020,157354,144666
C0116,09,27,0003,Tehsil - Lucknow 0003,022014, 1 URDU,318008,165723,152285,15988,8369,7619,302020,157354,144666
C0116,09,27,0003,Tehsil - Lucknow 0003,023000,23 ADI,1,0,1,0,0,0,1,0,1
C0116,09,27,0003,Tehsil - Lucknow 0003,023999,23 Others,1,0,1,0,0,0,1,0,1
C0116,09,27,0003,Tehsil - Lucknow 0003,028000,28 ARABIC/ARBI,112,57,55,1,1,0,111,56,55
C0116,09,27,0003,Tehsil - Lucknow 0003,028001, 1 ARABIC/ARBI,112,57,55,1,1,0,111,56,55
C0116,09,27,0003,Tehsil - Lucknow 0003,030000,30 BHILI/BHILODI,4,2,2,0,0,0,4,2,2
C0116,09,27,0003,Tehsil - Lucknow 0003,030027, 1 KOKNA/KOKNI/KUKNA,4,2,2,0,0,0,4,2,2
C0116,09,27,0003,Tehsil - Lucknow 0003,031000,31 BHOTIA,6,2,4,0,0,0,6,2,4
C0116,09,27,0003,Tehsil - Lucknow 0003,031001, 1 BHOTIA,6,2,4,0,0,0,6,2,4
C0116,09,27,0003,Tehsil - Lucknow 0003,040000,40 ENGLISH,827,384,443,12,5,7,815,379,436
C0116,09,27,0003,Tehsil - Lucknow 0003,040001, 1 ENGLISH,827,384,443,12,5,7,815,379,436
C0116,09,27,0003,Tehsil - Lucknow 0003,043000,43 GARO,1,1,0,0,0,0,1,1,0
C0116,09,27,0003,Tehsil - Lucknow 0003,043005, 1 GARO,1,1,0,0,0,0,1,1,0
C0116,09,27,0003,Tehsil - Lucknow 0003,044000,44 GONDI,3,0,3,0,0,0,3,0,3
C0116,09,27,0003,Tehsil - Lucknow 0003,044999,44 Others,3,0,3,0,0,0,3,0,3
C0116,09,27,0003,Tehsil - Lucknow 0003,046000,46 HALAM,3,2,1,0,0,0,3,2,1
C0116,09,27,0003,Tehsil - Lucknow 0003,046999,46 Others,3,2,1,0,0,0,3,2,1
C0116,09,27,0003,Tehsil - Lucknow 0003,048000,48 HO,3,0,3,0,0,0,3,0,3
C0116,09,27,0003,Tehsil - Lucknow 0003,048002, 1 HO,3,0,3,0,0,0,3,0,3
C0116,09,27,0003,Tehsil - Lucknow 0003,053000,53 KHANDESHI,1,0,1,0,0,0,1,0,1
C0116,09,27,0003,Tehsil - Lucknow 0003,053005, 1 GUJARI,1,0,1,0,0,0,1,0,1
C0116,09,27,0003,Tehsil - Lucknow 0003,055000,55 KHASI,1,0,1,0,0,0,1,0,1
C0116,09,27,0003,Tehsil - Lucknow 0003,055006, 1 KHASI,1,0,1,0,0,0,1,0,1
C0116,09,27,0003,Tehsil - Lucknow 0003,061000,61 KOCH,1,1,0,0,0,0,1,1,0
C0116,09,27,0003,Tehsil - Lucknow 0003,061002, 1 KOCH,1,1,0,0,0,0,1,1,0
C0116,09,27,0003,Tehsil - Lucknow 0003,072000,72 KURUKH/ORAON,29,18,11,0,0,0,29,18,11
C0116,09,27,0003,Tehsil - Lucknow 0003,072009, 1 KURUKH/ORAON,29,18,11,0,0,0,29,18,11
C0116,09,27,0003,Tehsil - Lucknow 0003,075000,75 LAHNDA,13,8,5,0,0,0,13,8,5
C0116,09,27,0003,Tehsil - Lucknow 0003,075012, 1 MULTANI,12,7,5,0,0,0,12,7,5
C0116,09,27,0003,Tehsil - Lucknow 0003,075999,75 Others,1,1,0,0,0,0,1,1,0
C0116,09,27,0003,Tehsil - Lucknow 0003,082000,82 LUSHAI/MIZO,5,4,1,0,0,0,5,4,1
C0116,09,27,0003,Tehsil - Lucknow 0003,082003, 1 LUSHAI/MIZO,5,4,1,0,0,0,5,4,1
C0116,09,27,0003,Tehsil - Lucknow 0003,086000,86 MIRI/MISHING,4,2,2,0,0,0,4,2,2
C0116,09,27,0003,Tehsil - Lucknow 0003,086003, 1 MIRI/MISHING,4,2,2,0,0,0,4,2,2
C0116,09,27,0003,Tehsil - Lucknow 0003,090000,90 MUNDA,43,18,25,0,0,0,43,18,25
C0116,09,27,0003,Tehsil - Lucknow 0003,090006, 1 MUNDA,23,8,15,0,0,0,23,8,15
C0116,09,27,0003,Tehsil - Lucknow 0003,090999,90 Others,20,10,10,0,0,0,20,10,10
C0116,09,27,0003,Tehsil - Lucknow 0003,091000,91 MUNDARI,13,6,7,0,0,0,13,6,7
C0116,09,27,0003,Tehsil - Lucknow 0003,091004, 1 MUNDARI,13,6,7,0,0,0,13,6,7
C0116,09,27,0003,Tehsil - Lucknow 0003,098000,98 PERSIAN,3,1,2,0,0,0,3,1,2
C0116,09,27,0003,Tehsil - Lucknow 0003,098001, 1 PERSIAN,3,1,2,0,0,0,3,1,2
C0116,09,27,0003,Tehsil - Lucknow 0003,108000,108 SHINA,1,1,0,0,0,0,1,1,0
C0116,09,27,0003,Tehsil - Lucknow 0003,108005, 1 SHINA,1,1,0,0,0,0,1,1,0
C0116,09,27,0003,Tehsil - Lucknow 0003,111000,111 TANGKHUL,1,1,0,0,0,0,1,1,0
C0116,09,27,0003,Tehsil - Lucknow 0003,111005, 1 TANGKHUL,1,1,0,0,0,0,1,1,0
C0116,09,27,0003,Tehsil - Lucknow 0003,114000,114 TIBETAN,3,0,3,0,0,0,3,0,3
C0116,09,27,0003,Tehsil - Lucknow 0003,114999,114 Others,3,0,3,0,0,0,3,0,3
C0116,09,27,0003,Tehsil - Lucknow 0003,115000,115 TRIPURI,3,2,1,0,0,0,3,2,1
C0116,09,27,0003,Tehsil - Lucknow 0003,115002, 1 KOK BARAK,3,2,1,0,0,0,3,2,1
C0116,09,27,0003,Tehsil - Lucknow 0003,116000,116 TULU,8,2,6,0,0,0,8,2,6
C0116,09,27,0003,Tehsil - Lucknow 0003,116009, 1 TULU,7,2,5,0,0,0,7,2,5
C0116,09,27,0003,Tehsil - Lucknow 0003,116999,116 Others,1,0,1,0,0,0,1,0,1
C0116,09,27,0003,Tehsil - Lucknow 0003,123000,123 OTHERS,451,248,203,6,5,1,445,243,202
C0116,09,27,0004,Tehsil - Mohanlalganj 0004,002000,2 BENGALI,11,3,8,11,3,8,0,0,0
C0116,09,27,0004,Tehsil - Mohanlalganj 0004,002004, 1 BENGALI,11,3,8,11,3,8,0,0,0
C0116,09,27,0004,Tehsil - Mohanlalganj 0004,006000,6 HINDI,396842,208663,188179,371750,195603,176147,25092,13060,12032
C0116,09,27,0004,Tehsil - Mohanlalganj 0004,006008, 1 AWADHI,8599,4581,4018,8593,4577,4016,6,4,2
C0116,09,27,0004,Tehsil - Mohanlalganj 0004,006045, 2 BHOJPURI,13,7,6,12,6,6,1,1,0
C0116,09,27,0004,Tehsil - Mohanlalganj 0004,006060, 3 BUNDELI/BUNDELKHANDI,3,2,1,3,2,1,0,0,0
C0116,09,27,0004,Tehsil - Mohanlalganj 0004,006072, 4 CHHATTISGARHI,316,159,157,316,159,157,0,0,0
C0116,09,27,0004,Tehsil - Mohanlalganj 0004,006095, 5 GARHWALI,2,2,0,2,2,0,0,0,0
C0116,09,27,0004,Tehsil - Mohanlalganj 0004,006117, 6 HARYANVI,28,15,13,28,15,13,0,0,0
C0116,09,27,0004,Tehsil - Mohanlalganj 0004,006118, 7 HINDI,387746,203809,183937,362661,190754,171907,25085,13055,12030
C0116,09,27,0004,Tehsil - Mohanlalganj 0004,006127, 8 JAUNSARI,7,5,2,7,5,2,0,0,0
C0116,09,27,0004,Tehsil - Mohanlalganj 0004,006242, 9 RAJASTHANI,17,12,5,17,12,5,0,0,0
C0116,09,27,0004,Tehsil - Mohanlalganj 0004,006999,6 Others,111,71,40,111,71,40,0,0,0
C0116,09,27,0004,Tehsil - Mohanlalganj 0004,007000,7 KANNADA,8,1,7,8,1,7,0,0,0
C0116,09,27,0004,Tehsil - Mohanlalganj 0004,007013, 1 KANNADA,8,1,7,8,1,7,0,0,0
C0116,09,27,0004,Tehsil - Mohanlalganj 0004,011000,11 MALAYALAM,23,0,23,23,0,23,0,0,0
C0116,09,27,0004,Tehsil - Mohanlalganj 0004,011013, 1 MALAYALAM,23,0,23,23,0,23,0,0,0
C0116,09,27,0004,Tehsil - Mohanlalganj 0004,013000,13 MARATHI,3,1,2,3,1,2,0,0,0
C0116,09,27,0004,Tehsil - Mohanlalganj 0004,013048, 1 MARATHI,3,1,2,3,1,2,0,0,0
C0116,09,27,0004,Tehsil - Mohanlalganj 0004,014000,14 NEPALI,968,514,454,937,501,436,31,13,18
C0116,09,27,0004,Tehsil - Mohanlalganj 0004,014009, 1 NEPALI,968,514,454,937,501,436,31,13,18
C0116,09,27,0004,Tehsil - Mohanlalganj 0004,015000,15 ORIYA,66,34,32,66,34,32,0,0,0
C0116,09,27,0004,Tehsil - Mohanlalganj 0004,015031, 1 ORIYA,66,34,32,66,34,32,0,0,0
C0116,09,27,0004,Tehsil - Mohanlalganj 0004,016000,16 PUNJABI,169,87,82,162,81,81,7,6,1
C0116,09,27,0004,Tehsil - Mohanlalganj 0004,016018, 1 PUNJABI,169,87,82,162,81,81,7,6,1
C0116,09,27,0004,Tehsil - Mohanlalganj 0004,017000,17 SANSKRIT,2,1,1,2,1,1,0,0,0
C0116,09,27,0004,Tehsil - Mohanlalganj 0004,017002, 1 SANSKRIT,2,1,1,2,1,1,0,0,0
C0116,09,27,0004,Tehsil - Mohanlalganj 0004,019000,19 SINDHI,2,2,0,2,2,0,0,0,0
C0116,09,27,0004,Tehsil - Mohanlalganj 0004,019013, 1 SINDHI,2,2,0,2,2,0,0,0,0
C0116,09,27,0004,Tehsil - Mohanlalganj 0004,020000,20 TAMIL,1,0,1,1,0,1,0,0,0
C0116,09,27,0004,Tehsil - Mohanlalganj 0004,020999,20 Others,1,0,1,1,0,1,0,0,0
C0116,09,27,0004,Tehsil - Mohanlalganj 0004,022000,22 URDU,8553,4480,4073,4115,2139,1976,4438,2341,2097
C0116,09,27,0004,Tehsil - Mohanlalganj 0004,022014, 1 URDU,8553,4480,4073,4115,2139,1976,4438,2341,2097
C0116,09,27,0004,Tehsil - Mohanlalganj 0004,028000,28 ARABIC/ARBI,15,12,3,15,12,3,0,0,0
C0116,09,27,0004,Tehsil - Mohanlalganj 0004,028001, 1 ARABIC/ARBI,15,12,3,15,12,3,0,0,0
C0116,09,27,0004,Tehsil - Mohanlalganj 0004,040000,40 ENGLISH,13,6,7,13,6,7,0,0,0
C0116,09,27,0004,Tehsil - Mohanlalganj 0004,040001, 1 ENGLISH,13,6,7,13,6,7,0,0,0
C0116,09,27,0004,Tehsil - Mohanlalganj 0004,072000,72 KURUKH/ORAON,2,2,0,2,2,0,0,0,0
C0116,09,27,0004,Tehsil - Mohanlalganj 0004,072009, 1 KURUKH/ORAON,2,2,0,2,2,0,0,0,0
C0116,09,27,0004,Tehsil - Mohanlalganj 0004,091000,91 MUNDARI,1,0,1,1,0,1,0,0,0
C0116,09,27,0004,Tehsil - Mohanlalganj 0004,091004, 1 MUNDARI,1,0,1,1,0,1,0,0,0
C0116,09,27,0004,Tehsil - Mohanlalganj 0004,123000,123 OTHERS,17,9,8,17,9,8,0,0,0
C0116,09,28,0000,District - Rae Bareli  28,001000,1 ASSAMESE,1,1,0,1,1,0,0,0,0
C0116,09,28,0000,District - Rae Bareli  28,001002, 1 ASSAMESE,1,1,0,1,1,0,0,0,0
C0116,09,28,0000,District - Rae Bareli  28,002000,2 BENGALI,608,319,289,314,171,143,294,148,146
C0116,09,28,0000,District - Rae Bareli  28,002004, 1 BENGALI,608,319,289,314,171,143,294,148,146
C0116,09,28,0000,District - Rae Bareli  28,004000,4 DOGRI,2,2,0,2,2,0,0,0,0
C0116,09,28,0000,District - Rae Bareli  28,004001, 1 DOGRI,2,2,0,2,2,0,0,0,0
C0116,09,28,0000,District - Rae Bareli  28,005000,5 GUJARATI,21,12,9,21,12,9,0,0,0
C0116,09,28,0000,District - Rae Bareli  28,005011, 1 GUJARATI,21,12,9,21,12,9,0,0,0
C0116,09,28,0000,District - Rae Bareli  28,006000,6 HINDI,2775955,1422765,1353190,2551658,1304823,1246835,224297,117942,106355
C0116,09,28,0000,District - Rae Bareli  28,006008, 1 AWADHI,120785,61897,58888,120520,61763,58757,265,134,131
C0116,09,28,0000,District - Rae Bareli  28,006045, 2 BHOJPURI,88,43,45,64,26,38,24,17,7
C0116,09,28,0000,District - Rae Bareli  28,006060, 3 BUNDELI/BUNDELKHANDI,123,65,58,82,45,37,41,20,21
C0116,09,28,0000,District - Rae Bareli  28,006072, 4 CHHATTISGARHI,1306,665,641,1306,665,641,0,0,0
C0116,09,28,0000,District - Rae Bareli  28,006095, 5 GARHWALI,65,31,34,39,17,22,26,14,12
C0116,09,28,0000,District - Rae Bareli  28,006117, 6 HARYANVI,3,3,0,3,3,0,0,0,0
C0116,09,28,0000,District - Rae Bareli  28,006118, 7 HINDI,2653383,1359951,1293432,2429507,1242230,1187277,223876,117721,106155
C0116,09,28,0000,District - Rae Bareli  28,006127, 8 JAUNSARI,13,11,2,11,9,2,2,2,0
C0116,09,28,0000,District - Rae Bareli  28,006138, 9 KANGRI,5,2,3,0,0,0,5,2,3
C0116,09,28,0000,District - Rae Bareli  28,006162, 10 KUMAUNI,16,10,6,3,3,0,13,7,6
C0116,09,28,0000,District - Rae Bareli  28,006242, 11 RAJASTHANI,40,22,18,1,1,0,39,21,18
C0116,09,28,0000,District - Rae Bareli  28,006999,6 Others,128,65,63,122,61,61,6,4,2
C0116,09,28,0000,District - Rae Bareli  28,007000,7 KANNADA,9,7,2,5,4,1,4,3,1
C0116,09,28,0000,District - Rae Bareli  28,007013, 1 KANNADA,9,7,2,5,4,1,4,3,1
C0116,09,28,0000,District - Rae Bareli  28,010000,10 MAITHILI,3,1,2,3,1,2,0,0,0
C0116,09,28,0000,District - Rae Bareli  28,010006, 1 MAITHILI,3,1,2,3,1,2,0,0,0
C0116,09,28,0000,District - Rae Bareli  28,011000,11 MALAYALAM,245,141,104,150,94,56,95,47,48
C0116,09,28,0000,District - Rae Bareli  28,011013, 1 MALAYALAM,243,140,103,148,93,55,95,47,48
C0116,09,28,0000,District - Rae Bareli  28,011999,11 Others,2,1,1,2,1,1,0,0,0
C0116,09,28,0000,District - Rae Bareli  28,013000,13 MARATHI,55,32,23,12,11,1,43,21,22
C0116,09,28,0000,District - Rae Bareli  28,013048, 1 MARATHI,55,32,23,12,11,1,43,21,22
C0116,09,28,0000,District - Rae Bareli  28,014000,14 NEPALI,6308,3162,3146,5644,2834,2810,664,328,336
C0116,09,28,0000,District - Rae Bareli  28,014009, 1 NEPALI,6308,3162,3146,5644,2834,2810,664,328,336
C0116,09,28,0000,District - Rae Bareli  28,015000,15 ORIYA,306,154,152,250,131,119,56,23,33
C0116,09,28,0000,District - Rae Bareli  28,015031, 1 ORIYA,306,154,152,250,131,119,56,23,33
C0116,09,28,0000,District - Rae Bareli  28,016000,16 PUNJABI,1082,562,520,53,32,21,1029,530,499
C0116,09,28,0000,District - Rae Bareli  28,016018, 1 PUNJABI,1037,540,497,53,32,21,984,508,476
C0116,09,28,0000,District - Rae Bareli  28,016999,16 Others,45,22,23,0,0,0,45,22,23
C0116,09,28,0000,District - Rae Bareli  28,017000,17 SANSKRIT,2,0,2,2,0,2,0,0,0
C0116,09,28,0000,District - Rae Bareli  28,017002, 1 SANSKRIT,2,0,2,2,0,2,0,0,0
C0116,09,28,0000,District - Rae Bareli  28,018000,18 SANTALI,1,1,0,1,1,0,0,0,0
C0116,09,28,0000,District - Rae Bareli  28,018999,18 Others,1,1,0,1,1,0,0,0,0
C0116,09,28,0000,District - Rae Bareli  28,019000,19 SINDHI,229,114,115,1,1,0,228,113,115
C0116,09,28,0000,District - Rae Bareli  28,019013, 1 SINDHI,229,114,115,1,1,0,228,113,115
C0116,09,28,0000,District - Rae Bareli  28,020000,20 TAMIL,48,25,23,32,17,15,16,8,8
C0116,09,28,0000,District - Rae Bareli  28,020020, 1 TAMIL,48,25,23,32,17,15,16,8,8
C0116,09,28,0000,District - Rae Bareli  28,021000,21 TELUGU,62,36,26,39,24,15,23,12,11
C0116,09,28,0000,District - Rae Bareli  28,021035, 1 TELUGU,62,36,26,39,24,15,23,12,11
C0116,09,28,0000,District - Rae Bareli  28,022000,22 URDU,86236,44288,41948,39051,20353,18698,47185,23935,23250
C0116,09,28,0000,District - Rae Bareli  28,022014, 1 URDU,86236,44288,41948,39051,20353,18698,47185,23935,23250
C0116,09,28,0000,District - Rae Bareli  28,028000,28 ARABIC/ARBI,32,16,16,32,16,16,0,0,0
C0116,09,28,0000,District - Rae Bareli  28,028001, 1 ARABIC/ARBI,32,16,16,32,16,16,0,0,0
C0116,09,28,0000,District - Rae Bareli  28,040000,40 ENGLISH,45,26,19,22,16,6,23,10,13
C0116,09,28,0000,District - Rae Bareli  28,040001, 1 ENGLISH,45,26,19,22,16,6,23,10,13
C0116,09,28,0000,District - Rae Bareli  28,044000,44 GONDI,4,1,3,0,0,0,4,1,3
C0116,09,28,0000,District - Rae Bareli  28,044999,44 Others,4,1,3,0,0,0,4,1,3
C0116,09,28,0000,District - Rae Bareli  28,123000,123 OTHERS,1081,565,516,1044,546,498,37,19,18
C0116,09,28,0001,Tehsil - Maharajganj 0001,002000,2 BENGALI,18,5,13,16,4,12,2,1,1
C0116,09,28,0001,Tehsil - Maharajganj 0001,002004, 1 BENGALI,18,5,13,16,4,12,2,1,1
C0116,09,28,0001,Tehsil - Maharajganj 0001,006000,6 HINDI,360526,187395,173131,343359,178478,164881,17167,8917,8250
C0116,09,28,0001,Tehsil - Maharajganj 0001,006008, 1 AWADHI,133,67,66,133,67,66,0,0,0
C0116,09,28,0001,Tehsil - Maharajganj 0001,006045, 2 BHOJPURI,2,2,0,2,2,0,0,0,0
C0116,09,28,0001,Tehsil - Maharajganj 0001,006060, 3 BUNDELI/BUNDELKHANDI,6,3,3,4,3,1,2,0,2
C0116,09,28,0001,Tehsil - Maharajganj 0001,006072, 4 CHHATTISGARHI,73,41,32,73,41,32,0,0,0
C0116,09,28,0001,Tehsil - Maharajganj 0001,006095, 5 GARHWALI,1,0,1,1,0,1,0,0,0
C0116,09,28,0001,Tehsil - Maharajganj 0001,006118, 6 HINDI,360304,187279,173025,343144,178363,164781,17160,8916,8244
C0116,09,28,0001,Tehsil - Maharajganj 0001,006127, 7 JAUNSARI,2,2,0,2,2,0,0,0,0
C0116,09,28,0001,Tehsil - Maharajganj 0001,006242, 8 RAJASTHANI,5,1,4,0,0,0,5,1,4
C0116,09,28,0001,Tehsil - Maharajganj 0001,010000,10 MAITHILI,3,1,2,3,1,2,0,0,0
C0116,09,28,0001,Tehsil - Maharajganj 0001,010006, 1 MAITHILI,3,1,2,3,1,2,0,0,0
C0116,09,28,0001,Tehsil - Maharajganj 0001,011000,11 MALAYALAM,5,3,2,5,3,2,0,0,0
C0116,09,28,0001,Tehsil - Maharajganj 0001,011013, 1 MALAYALAM,5,3,2,5,3,2,0,0,0
C0116,09,28,0001,Tehsil - Maharajganj 0001,014000,14 NEPALI,790,415,375,758,398,360,32,17,15
C0116,09,28,0001,Tehsil - Maharajganj 0001,014009, 1 NEPALI,790,415,375,758,398,360,32,17,15
C0116,09,28,0001,Tehsil - Maharajganj 0001,015000,15 ORIYA,24,13,11,24,13,11,0,0,0
C0116,09,28,0001,Tehsil - Maharajganj 0001,015031, 1 ORIYA,24,13,11,24,13,11,0,0,0
C0116,09,28,0001,Tehsil - Maharajganj 0001,016000,16 PUNJABI,10,5,5,4,2,2,6,3,3
C0116,09,28,0001,Tehsil - Maharajganj 0001,016018, 1 PUNJABI,10,5,5,4,2,2,6,3,3
C0116,09,28,0001,Tehsil - Maharajganj 0001,022000,22 URDU,3430,1788,1642,2742,1432,1310,688,356,332
C0116,09,28,0001,Tehsil - Maharajganj 0001,022014, 1 URDU,3430,1788,1642,2742,1432,1310,688,356,332
C0116,09,28,0001,Tehsil - Maharajganj 0001,028000,28 ARABIC/ARBI,31,16,15,31,16,15,0,0,0
C0116,09,28,0001,Tehsil - Maharajganj 0001,028001, 1 ARABIC/ARBI,31,16,15,31,16,15,0,0,0
C0116,09,28,0001,Tehsil - Maharajganj 0001,123000,123 OTHERS,107,55,52,94,50,44,13,5,8
C0116,09,28,0002,Tehsil - Tiloi 0002,002000,2 BENGALI,138,81,57,138,81,57,0,0,0
C0116,09,28,0002,Tehsil - Tiloi 0002,002004, 1 BENGALI,138,81,57,138,81,57,0,0,0
C0116,09,28,0002,Tehsil - Tiloi 0002,006000,6 HINDI,377660,193528,184132,364355,186525,177830,13305,7003,6302
C0116,09,28,0002,Tehsil - Tiloi 0002,006008, 1 AWADHI,70919,36539,34380,70919,36539,34380,0,0,0
C0116,09,28,0002,Tehsil - Tiloi 0002,006045, 2 BHOJPURI,6,5,1,6,5,1,0,0,0
C0116,09,28,0002,Tehsil - Tiloi 0002,006060, 3 BUNDELI/BUNDELKHANDI,50,27,23,50,27,23,0,0,0
C0116,09,28,0002,Tehsil - Tiloi 0002,006072, 4 CHHATTISGARHI,109,56,53,109,56,53,0,0,0
C0116,09,28,0002,Tehsil - Tiloi 0002,006095, 5 GARHWALI,2,1,1,2,1,1,0,0,0
C0116,09,28,0002,Tehsil - Tiloi 0002,006118, 6 HINDI,306563,156893,149670,293268,149896,143372,13295,6997,6298
C0116,09,28,0002,Tehsil - Tiloi 0002,006242, 7 RAJASTHANI,11,7,4,1,1,0,10,6,4
C0116,09,28,0002,Tehsil - Tiloi 0002,011000,11 MALAYALAM,25,11,14,25,11,14,0,0,0
C0116,09,28,0002,Tehsil - Tiloi 0002,011013, 1 MALAYALAM,25,11,14,25,11,14,0,0,0
C0116,09,28,0002,Tehsil - Tiloi 0002,013000,13 MARATHI,1,1,0,1,1,0,0,0,0
C0116,09,28,0002,Tehsil - Tiloi 0002,013048, 1 MARATHI,1,1,0,1,1,0,0,0,0
C0116,09,28,0002,Tehsil - Tiloi 0002,014000,14 NEPALI,744,360,384,737,354,383,7,6,1
C0116,09,28,0002,Tehsil - Tiloi 0002,014009, 1 NEPALI,744,360,384,737,354,383,7,6,1
C0116,09,28,0002,Tehsil - Tiloi 0002,015000,15 ORIYA,19,14,5,19,14,5,0,0,0
C0116,09,28,0002,Tehsil - Tiloi 0002,015031, 1 ORIYA,19,14,5,19,14,5,0,0,0
C0116,09,28,0002,Tehsil - Tiloi 0002,016000,16 PUNJABI,5,3,2,5,3,2,0,0,0
C0116,09,28,0002,Tehsil - Tiloi 0002,016018, 1 PUNJABI,5,3,2,5,3,2,0,0,0
C0116,09,28,0002,Tehsil - Tiloi 0002,020000,20 TAMIL,1,0,1,1,0,1,0,0,0
C0116,09,28,0002,Tehsil - Tiloi 0002,020020, 1 TAMIL,1,0,1,1,0,1,0,0,0
C0116,09,28,0002,Tehsil - Tiloi 0002,022000,22 URDU,25480,13130,12350,14435,7477,6958,11045,5653,5392
C0116,09,28,0002,Tehsil - Tiloi 0002,022014, 1 URDU,25480,13130,12350,14435,7477,6958,11045,5653,5392
C0116,09,28,0002,Tehsil - Tiloi 0002,040000,40 ENGLISH,5,3,2,4,3,1,1,0,1
C0116,09,28,0002,Tehsil - Tiloi 0002,040001, 1 ENGLISH,5,3,2,4,3,1,1,0,1
C0116,09,28,0002,Tehsil - Tiloi 0002,123000,123 OTHERS,110,53,57,105,50,55,5,3,2
C0116,09,28,0003,Tehsil - Rae Bareli 0003,002000,2 BENGALI,276,139,137,12,6,6,264,133,131
C0116,09,28,0003,Tehsil - Rae Bareli 0003,002004, 1 BENGALI,276,139,137,12,6,6,264,133,131
C0116,09,28,0003,Tehsil - Rae Bareli 0003,005000,5 GUJARATI,12,6,6,12,6,6,0,0,0
C0116,09,28,0003,Tehsil - Rae Bareli 0003,005011, 1 GUJARATI,12,6,6,12,6,6,0,0,0
C0116,09,28,0003,Tehsil - Rae Bareli 0003,006000,6 HINDI,683559,354241,329318,539409,278125,261284,144150,76116,68034
C0116,09,28,0003,Tehsil - Rae Bareli 0003,006008, 1 AWADHI,13963,7113,6850,13948,7106,6842,15,7,8
C0116,09,28,0003,Tehsil - Rae Bareli 0003,006045, 2 BHOJPURI,29,18,11,5,1,4,24,17,7
C0116,09,28,0003,Tehsil - Rae Bareli 0003,006060, 3 BUNDELI/BUNDELKHANDI,37,19,18,4,2,2,33,17,16
C0116,09,28,0003,Tehsil - Rae Bareli 0003,006072, 4 CHHATTISGARHI,260,128,132,260,128,132,0,0,0
C0116,09,28,0003,Tehsil - Rae Bareli 0003,006095, 5 GARHWALI,30,16,14,4,2,2,26,14,12
C0116,09,28,0003,Tehsil - Rae Bareli 0003,006118, 6 HINDI,669158,346900,322258,525156,270868,254288,144002,76032,67970
C0116,09,28,0003,Tehsil - Rae Bareli 0003,006127, 7 JAUNSARI,6,6,0,4,4,0,2,2,0
C0116,09,28,0003,Tehsil - Rae Bareli 0003,006138, 8 KANGRI,5,2,3,0,0,0,5,2,3
C0116,09,28,0003,Tehsil - Rae Bareli 0003,006162, 9 KUMAUNI,13,7,6,0,0,0,13,7,6
C0116,09,28,0003,Tehsil - Rae Bareli 0003,006242, 10 RAJASTHANI,24,14,10,0,0,0,24,14,10
C0116,09,28,0003,Tehsil - Rae Bareli 0003,006999,6 Others,34,18,16,28,14,14,6,4,2
C0116,09,28,0003,Tehsil - Rae Bareli 0003,007000,7 KANNADA,4,3,1,0,0,0,4,3,1
C0116,09,28,0003,Tehsil - Rae Bareli 0003,007013, 1 KANNADA,4,3,1,0,0,0,4,3,1
C0116,09,28,0003,Tehsil - Rae Bareli 0003,011000,11 MALAYALAM,92,47,45,11,6,5,81,41,40
C0116,09,28,0003,Tehsil - Rae Bareli 0003,011013, 1 MALAYALAM,92,47,45,11,6,5,81,41,40
C0116,09,28,0003,Tehsil - Rae Bareli 0003,013000,13 MARATHI,18,9,9,0,0,0,18,9,9
C0116,09,28,0003,Tehsil - Rae Bareli 0003,013048, 1 MARATHI,18,9,9,0,0,0,18,9,9
C0116,09,28,0003,Tehsil - Rae Bareli 0003,014000,14 NEPALI,1623,823,800,1186,605,581,437,218,219
C0116,09,28,0003,Tehsil - Rae Bareli 0003,014009, 1 NEPALI,1623,823,800,1186,605,581,437,218,219
C0116,09,28,0003,Tehsil - Rae Bareli 0003,015000,15 ORIYA,244,118,126,188,95,93,56,23,33
C0116,09,28,0003,Tehsil - Rae Bareli 0003,015031, 1 ORIYA,244,118,126,188,95,93,56,23,33
C0116,09,28,0003,Tehsil - Rae Bareli 0003,016000,16 PUNJABI,861,447,414,2,1,1,859,446,413
C0116,09,28,0003,Tehsil - Rae Bareli 0003,016018, 1 PUNJABI,846,440,406,2,1,1,844,439,405
C0116,09,28,0003,Tehsil - Rae Bareli 0003,016999,16 Others,15,7,8,0,0,0,15,7,8
C0116,09,28,0003,Tehsil - Rae Bareli 0003,019000,19 SINDHI,229,114,115,1,1,0,228,113,115
C0116,09,28,0003,Tehsil - Rae Bareli 0003,019013, 1 SINDHI,229,114,115,1,1,0,228,113,115
C0116,09,28,0003,Tehsil - Rae Bareli 0003,020000,20 TAMIL,15,8,7,0,0,0,15,8,7
C0116,09,28,0003,Tehsil - Rae Bareli 0003,020020, 1 TAMIL,15,8,7,0,0,0,15,8,7
C0116,09,28,0003,Tehsil - Rae Bareli 0003,021000,21 TELUGU,23,12,11,0,0,0,23,12,11
C0116,09,28,0003,Tehsil - Rae Bareli 0003,021035, 1 TELUGU,23,12,11,0,0,0,23,12,11
C0116,09,28,0003,Tehsil - Rae Bareli 0003,022000,22 URDU,27496,14287,13209,4338,2516,1822,23158,11771,11387
C0116,09,28,0003,Tehsil - Rae Bareli 0003,022014, 1 URDU,27496,14287,13209,4338,2516,1822,23158,11771,11387
C0116,09,28,0003,Tehsil - Rae Bareli 0003,040000,40 ENGLISH,21,7,14,4,1,3,17,6,11
C0116,09,28,0003,Tehsil - Rae Bareli 0003,040001, 1 ENGLISH,21,7,14,4,1,3,17,6,11
C0116,09,28,0003,Tehsil - Rae Bareli 0003,044000,44 GONDI,4,1,3,0,0,0,4,1,3
C0116,09,28,0003,Tehsil - Rae Bareli 0003,044999,44 Others,4,1,3,0,0,0,4,1,3
C0116,09,28,0003,Tehsil - Rae Bareli 0003,123000,123 OTHERS,313,175,138,294,164,130,19,11,8
C0116,09,28,0004,Tehsil - Lalganj 0004,002000,2 BENGALI,28,10,18,20,6,14,8,4,4
C0116,09,28,0004,Tehsil - Lalganj 0004,002004, 1 BENGALI,28,10,18,20,6,14,8,4,4
C0116,09,28,0004,Tehsil - Lalganj 0004,006000,6 HINDI,448756,226968,221788,427975,216126,211849,20781,10842,9939
C0116,09,28,0004,Tehsil - Lalganj 0004,006008, 1 AWADHI,31,19,12,31,19,12,0,0,0
C0116,09,28,0004,Tehsil - Lalganj 0004,006060, 2 BUNDELI/BUNDELKHANDI,7,3,4,5,3,2,2,0,2
C0116,09,28,0004,Tehsil - Lalganj 0004,006072, 3 CHHATTISGARHI,49,26,23,49,26,23,0,0,0
C0116,09,28,0004,Tehsil - Lalganj 0004,006118, 4 HINDI,448593,226882,221711,427814,216040,211774,20779,10842,9937
C0116,09,28,0004,Tehsil - Lalganj 0004,006127, 5 JAUNSARI,1,1,0,1,1,0,0,0,0
C0116,09,28,0004,Tehsil - Lalganj 0004,006999,6 Others,75,37,38,75,37,38,0,0,0
C0116,09,28,0004,Tehsil - Lalganj 0004,011000,11 MALAYALAM,9,4,5,6,2,4,3,2,1
C0116,09,28,0004,Tehsil - Lalganj 0004,011013, 1 MALAYALAM,9,4,5,6,2,4,3,2,1
C0116,09,28,0004,Tehsil - Lalganj 0004,013000,13 MARATHI,1,1,0,1,1,0,0,0,0
C0116,09,28,0004,Tehsil - Lalganj 0004,013048, 1 MARATHI,1,1,0,1,1,0,0,0,0
C0116,09,28,0004,Tehsil - Lalganj 0004,014000,14 NEPALI,1267,623,644,1116,551,565,151,72,79
C0116,09,28,0004,Tehsil - Lalganj 0004,014009, 1 NEPALI,1267,623,644,1116,551,565,151,72,79
C0116,09,28,0004,Tehsil - Lalganj 0004,016000,16 PUNJABI,5,2,3,0,0,0,5,2,3
C0116,09,28,0004,Tehsil - Lalganj 0004,016018, 1 PUNJABI,5,2,3,0,0,0,5,2,3
C0116,09,28,0004,Tehsil - Lalganj 0004,017000,17 SANSKRIT,2,0,2,2,0,2,0,0,0
C0116,09,28,0004,Tehsil - Lalganj 0004,017002, 1 SANSKRIT,2,0,2,2,0,2,0,0,0
C0116,09,28,0004,Tehsil - Lalganj 0004,018000,18 SANTALI,1,1,0,1,1,0,0,0,0
C0116,09,28,0004,Tehsil - Lalganj 0004,018999,18 Others,1,1,0,1,1,0,0,0,0
C0116,09,28,0004,Tehsil - Lalganj 0004,020000,20 TAMIL,1,0,1,1,0,1,0,0,0
C0116,09,28,0004,Tehsil - Lalganj 0004,020020, 1 TAMIL,1,0,1,1,0,1,0,0,0
C0116,09,28,0004,Tehsil - Lalganj 0004,022000,22 URDU,1127,564,563,938,468,470,189,96,93
C0116,09,28,0004,Tehsil - Lalganj 0004,022014, 1 URDU,1127,564,563,938,468,470,189,96,93
C0116,09,28,0004,Tehsil - Lalganj 0004,028000,28 ARABIC/ARBI,1,0,1,1,0,1,0,0,0
C0116,09,28,0004,Tehsil - Lalganj 0004,028001, 1 ARABIC/ARBI,1,0,1,1,0,1,0,0,0
C0116,09,28,0004,Tehsil - Lalganj 0004,040000,40 ENGLISH,9,6,3,4,2,2,5,4,1
C0116,09,28,0004,Tehsil - Lalganj 0004,040001, 1 ENGLISH,9,6,3,4,2,2,5,4,1
C0116,09,28,0004,Tehsil - Lalganj 0004,123000,123 OTHERS,160,80,80,160,80,80,0,0,0
C0116,09,28,0005,Tehsil - Dalmau 0005,002000,2 BENGALI,12,4,8,6,2,4,6,2,4
C0116,09,28,0005,Tehsil - Dalmau 0005,002004, 1 BENGALI,12,4,8,6,2,4,6,2,4
C0116,09,28,0005,Tehsil - Dalmau 0005,006000,6 HINDI,247801,125429,122372,239643,121133,118510,8158,4296,3862
C0116,09,28,0005,Tehsil - Dalmau 0005,006045, 1 BHOJPURI,36,12,24,36,12,24,0,0,0
C0116,09,28,0005,Tehsil - Dalmau 0005,006072, 2 CHHATTISGARHI,143,65,78,143,65,78,0,0,0
C0116,09,28,0005,Tehsil - Dalmau 0005,006095, 3 GARHWALI,3,2,1,3,2,1,0,0,0
C0116,09,28,0005,Tehsil - Dalmau 0005,006118, 4 HINDI,247616,125348,122268,239458,121052,118406,8158,4296,3862
C0116,09,28,0005,Tehsil - Dalmau 0005,006127, 5 JAUNSARI,1,0,1,1,0,1,0,0,0
C0116,09,28,0005,Tehsil - Dalmau 0005,006999,6 Others,2,2,0,2,2,0,0,0,0
C0116,09,28,0005,Tehsil - Dalmau 0005,011000,11 MALAYALAM,5,0,5,0,0,0,5,0,5
C0116,09,28,0005,Tehsil - Dalmau 0005,011013, 1 MALAYALAM,5,0,5,0,0,0,5,0,5
C0116,09,28,0005,Tehsil - Dalmau 0005,014000,14 NEPALI,280,151,129,262,145,117,18,6,12
C0116,09,28,0005,Tehsil - Dalmau 0005,014009, 1 NEPALI,280,151,129,262,145,117,18,6,12
C0116,09,28,0005,Tehsil - Dalmau 0005,016000,16 PUNJABI,16,8,8,0,0,0,16,8,8
C0116,09,28,0005,Tehsil - Dalmau 0005,016999,16 Others,16,8,8,0,0,0,16,8,8
C0116,09,28,0005,Tehsil - Dalmau 0005,022000,22 URDU,2294,1192,1102,1461,783,678,833,409,424
C0116,09,28,0005,Tehsil - Dalmau 0005,022014, 1 URDU,2294,1192,1102,1461,783,678,833,409,424
C0116,09,28,0005,Tehsil - Dalmau 0005,123000,123 OTHERS,218,105,113,218,105,113,0,0,0
C0116,09,28,0006,Tehsil - Unchahar ** 0006,001000,1 ASSAMESE,1,1,0,1,1,0,0,0,0
C0116,09,28,0006,Tehsil - Unchahar ** 0006,001002, 1 ASSAMESE,1,1,0,1,1,0,0,0,0
C0116,09,28,0006,Tehsil - Unchahar ** 0006,002000,2 BENGALI,99,58,41,91,54,37,8,4,4
C0116,09,28,0006,Tehsil - Unchahar ** 0006,002004, 1 BENGALI,99,58,41,91,54,37,8,4,4
C0116,09,28,0006,Tehsil - Unchahar ** 0006,004000,4 DOGRI,2,2,0,2,2,0,0,0,0
C0116,09,28,0006,Tehsil - Unchahar ** 0006,004001, 1 DOGRI,2,2,0,2,2,0,0,0,0
C0116,09,28,0006,Tehsil - Unchahar ** 0006,005000,5 GUJARATI,9,6,3,9,6,3,0,0,0
C0116,09,28,0006,Tehsil - Unchahar ** 0006,005011, 1 GUJARATI,9,6,3,9,6,3,0,0,0
C0116,09,28,0006,Tehsil - Unchahar ** 0006,006000,6 HINDI,268188,136833,131355,261158,133180,127978,7030,3653,3377
C0116,09,28,0006,Tehsil - Unchahar ** 0006,006008, 1 AWADHI,3,2,1,3,2,1,0,0,0
C0116,09,28,0006,Tehsil - Unchahar ** 0006,006045, 2 BHOJPURI,12,6,6,12,6,6,0,0,0
C0116,09,28,0006,Tehsil - Unchahar ** 0006,006060, 3 BUNDELI/BUNDELKHANDI,21,12,9,17,9,8,4,3,1
C0116,09,28,0006,Tehsil - Unchahar ** 0006,006072, 4 CHHATTISGARHI,108,52,56,108,52,56,0,0,0
C0116,09,28,0006,Tehsil - Unchahar ** 0006,006095, 5 GARHWALI,28,12,16,28,12,16,0,0,0
C0116,09,28,0006,Tehsil - Unchahar ** 0006,006117, 6 HARYANVI,1,1,0,1,1,0,0,0,0
C0116,09,28,0006,Tehsil - Unchahar ** 0006,006118, 7 HINDI,268011,136745,131266,260985,133095,127890,7026,3650,3376
C0116,09,28,0006,Tehsil - Unchahar ** 0006,006127, 8 JAUNSARI,2,1,1,2,1,1,0,0,0
C0116,09,28,0006,Tehsil - Unchahar ** 0006,006162, 9 KUMAUNI,2,2,0,2,2,0,0,0,0
C0116,09,28,0006,Tehsil - Unchahar ** 0006,007000,7 KANNADA,5,4,1,5,4,1,0,0,0
C0116,09,28,0006,Tehsil - Unchahar ** 0006,007013, 1 KANNADA,5,4,1,5,4,1,0,0,0
C0116,09,28,0006,Tehsil - Unchahar ** 0006,011000,11 MALAYALAM,106,76,30,100,72,28,6,4,2
C0116,09,28,0006,Tehsil - Unchahar ** 0006,011013, 1 MALAYALAM,104,75,29,98,71,27,6,4,2
C0116,09,28,0006,Tehsil - Unchahar ** 0006,011999,11 Others,2,1,1,2,1,1,0,0,0
C0116,09,28,0006,Tehsil - Unchahar ** 0006,013000,13 MARATHI,31,18,13,9,8,1,22,10,12
C0116,09,28,0006,Tehsil - Unchahar ** 0006,013048, 1 MARATHI,31,18,13,9,8,1,22,10,12
C0116,09,28,0006,Tehsil - Unchahar ** 0006,014000,14 NEPALI,498,257,241,491,252,239,7,5,2
C0116,09,28,0006,Tehsil - Unchahar ** 0006,014009, 1 NEPALI,498,257,241,491,252,239,7,5,2
C0116,09,28,0006,Tehsil - Unchahar ** 0006,015000,15 ORIYA,19,9,10,19,9,10,0,0,0
C0116,09,28,0006,Tehsil - Unchahar ** 0006,015031, 1 ORIYA,19,9,10,19,9,10,0,0,0
C0116,09,28,0006,Tehsil - Unchahar ** 0006,016000,16 PUNJABI,51,31,20,41,26,15,10,5,5
C0116,09,28,0006,Tehsil - Unchahar ** 0006,016018, 1 PUNJABI,41,26,15,41,26,15,0,0,0
C0116,09,28,0006,Tehsil - Unchahar ** 0006,016999,16 Others,10,5,5,0,0,0,10,5,5
C0116,09,28,0006,Tehsil - Unchahar ** 0006,020000,20 TAMIL,29,16,13,29,16,13,0,0,0
C0116,09,28,0006,Tehsil - Unchahar ** 0006,020020, 1 TAMIL,29,16,13,29,16,13,0,0,0
C0116,09,28,0006,Tehsil - Unchahar ** 0006,021000,21 TELUGU,39,24,15,39,24,15,0,0,0
C0116,09,28,0006,Tehsil - Unchahar ** 0006,021035, 1 TELUGU,39,24,15,39,24,15,0,0,0
C0116,09,28,0006,Tehsil - Unchahar ** 0006,022000,22 URDU,2761,1368,1393,556,270,286,2205,1098,1107
C0116,09,28,0006,Tehsil - Unchahar ** 0006,022014, 1 URDU,2761,1368,1393,556,270,286,2205,1098,1107
C0116,09,28,0006,Tehsil - Unchahar ** 0006,040000,40 ENGLISH,3,3,0,3,3,0,0,0,0
C0116,09,28,0006,Tehsil - Unchahar ** 0006,040001, 1 ENGLISH,3,3,0,3,3,0,0,0,0
C0116,09,28,0006,Tehsil - Unchahar ** 0006,123000,123 OTHERS,160,88,72,160,88,72,0,0,0
C0116,09,28,0007,Tehsil - Salon 0007,002000,2 BENGALI,37,22,15,31,18,13,6,4,2
C0116,09,28,0007,Tehsil - Salon 0007,002004, 1 BENGALI,37,22,15,31,18,13,6,4,2
C0116,09,28,0007,Tehsil - Salon 0007,006000,6 HINDI,389465,198371,191094,375759,191256,184503,13706,7115,6591
C0116,09,28,0007,Tehsil - Salon 0007,006008, 1 AWADHI,35736,18157,17579,35486,18030,17456,250,127,123
C0116,09,28,0007,Tehsil - Salon 0007,006045, 2 BHOJPURI,3,0,3,3,0,3,0,0,0
C0116,09,28,0007,Tehsil - Salon 0007,006060, 3 BUNDELI/BUNDELKHANDI,2,1,1,2,1,1,0,0,0
C0116,09,28,0007,Tehsil - Salon 0007,006072, 4 CHHATTISGARHI,564,297,267,564,297,267,0,0,0
C0116,09,28,0007,Tehsil - Salon 0007,006095, 5 GARHWALI,1,0,1,1,0,1,0,0,0
C0116,09,28,0007,Tehsil - Salon 0007,006117, 6 HARYANVI,2,2,0,2,2,0,0,0,0
C0116,09,28,0007,Tehsil - Salon 0007,006118, 7 HINDI,353138,179904,173234,339682,172916,166766,13456,6988,6468
C0116,09,28,0007,Tehsil - Salon 0007,006127, 8 JAUNSARI,1,1,0,1,1,0,0,0,0
C0116,09,28,0007,Tehsil - Salon 0007,006162, 9 KUMAUNI,1,1,0,1,1,0,0,0,0
C0116,09,28,0007,Tehsil - Salon 0007,006999,6 Others,17,8,9,17,8,9,0,0,0
C0116,09,28,0007,Tehsil - Salon 0007,011000,11 MALAYALAM,3,0,3,3,0,3,0,0,0
C0116,09,28,0007,Tehsil - Salon 0007,011013, 1 MALAYALAM,3,0,3,3,0,3,0,0,0
C0116,09,28,0007,Tehsil - Salon 0007,013000,13 MARATHI,4,3,1,1,1,0,3,2,1
C0116,09,28,0007,Tehsil - Salon 0007,013048, 1 MARATHI,4,3,1,1,1,0,3,2,1
C0116,09,28,0007,Tehsil - Salon 0007,014000,14 NEPALI,1106,533,573,1094,529,565,12,4,8
C0116,09,28,0007,Tehsil - Salon 0007,014009, 1 NEPALI,1106,533,573,1094,529,565,12,4,8
C0116,09,28,0007,Tehsil - Salon 0007,016000,16 PUNJABI,134,66,68,1,0,1,133,66,67
C0116,09,28,0007,Tehsil - Salon 0007,016018, 1 PUNJABI,130,64,66,1,0,1,129,64,65
C0116,09,28,0007,Tehsil - Salon 0007,016999,16 Others,4,2,2,0,0,0,4,2,2
C0116,09,28,0007,Tehsil - Salon 0007,020000,20 TAMIL,2,1,1,1,1,0,1,0,1
C0116,09,28,0007,Tehsil - Salon 0007,020020, 1 TAMIL,2,1,1,1,1,0,1,0,1
C0116,09,28,0007,Tehsil - Salon 0007,022000,22 URDU,23648,11959,11689,14581,7407,7174,9067,4552,4515
C0116,09,28,0007,Tehsil - Salon 0007,022014, 1 URDU,23648,11959,11689,14581,7407,7174,9067,4552,4515
C0116,09,28,0007,Tehsil - Salon 0007,040000,40 ENGLISH,7,7,0,7,7,0,0,0,0
C0116,09,28,0007,Tehsil - Salon 0007,040001, 1 ENGLISH,7,7,0,7,7,0,0,0,0
C0116,09,28,0007,Tehsil - Salon 0007,123000,123 OTHERS,13,9,4,13,9,4,0,0,0
C0116,09,29,0000,District - Farrukhabad  29,001000,1 ASSAMESE,17,12,5,2,1,1,15,11,4
C0116,09,29,0000,District - Farrukhabad  29,001002, 1 ASSAMESE,17,12,5,2,1,1,15,11,4
C0116,09,29,0000,District - Farrukhabad  29,002000,2 BENGALI,175,57,118,79,7,72,96,50,46
C0116,09,29,0000,District - Farrukhabad  29,002004, 1 BENGALI,175,57,118,79,7,72,96,50,46
C0116,09,29,0000,District - Farrukhabad  29,004000,4 DOGRI,12,7,5,0,0,0,12,7,5
C0116,09,29,0000,District - Farrukhabad  29,004001, 1 DOGRI,12,7,5,0,0,0,12,7,5
C0116,09,29,0000,District - Farrukhabad  29,005000,5 GUJARATI,13,4,9,4,0,4,9,4,5
C0116,09,29,0000,District - Farrukhabad  29,005011, 1 GUJARATI,13,4,9,4,0,4,9,4,5
C0116,09,29,0000,District - Farrukhabad  29,006000,6 HINDI,1453735,788494,665241,1166465,634867,531598,287270,153627,133643
C0116,09,29,0000,District - Farrukhabad  29,006045, 1 BHOJPURI,293,171,122,235,136,99,58,35,23
C0116,09,29,0000,District - Farrukhabad  29,006059, 2 BRAJBHASHA,4,0,4,4,0,4,0,0,0
C0116,09,29,0000,District - Farrukhabad  29,006060, 3 BUNDELI/BUNDELKHANDI,51,8,43,38,3,35,13,5,8
C0116,09,29,0000,District - Farrukhabad  29,006095, 4 GARHWALI,30,12,18,14,4,10,16,8,8
C0116,09,29,0000,District - Farrukhabad  29,006117, 5 HARYANVI,1,0,1,0,0,0,1,0,1
C0116,09,29,0000,District - Farrukhabad  29,006118, 6 HINDI,1453062,788160,664902,1165957,634615,531342,287105,153545,133560
C0116,09,29,0000,District - Farrukhabad  29,006127, 7 JAUNSARI,6,4,2,5,4,1,1,0,1
C0116,09,29,0000,District - Farrukhabad  29,006162, 8 KUMAUNI,8,3,5,3,0,3,5,3,2
C0116,09,29,0000,District - Farrukhabad  29,006192, 9 MARWARI,6,3,3,0,0,0,6,3,3
C0116,09,29,0000,District - Farrukhabad  29,006242, 10 RAJASTHANI,63,27,36,0,0,0,63,27,36
C0116,09,29,0000,District - Farrukhabad  29,006999,6 Others,211,106,105,209,105,104,2,1,1
C0116,09,29,0000,District - Farrukhabad  29,007000,7 KANNADA,4,3,1,0,0,0,4,3,1
C0116,09,29,0000,District - Farrukhabad  29,007013, 1 KANNADA,2,2,0,0,0,0,2,2,0
C0116,09,29,0000,District - Farrukhabad  29,007999,7 Others,2,1,1,0,0,0,2,1,1
C0116,09,29,0000,District - Farrukhabad  29,008000,8 KASHMIRI,1,1,0,0,0,0,1,1,0
C0116,09,29,0000,District - Farrukhabad  29,008002, 1 KASHMIRI,1,1,0,0,0,0,1,1,0
C0116,09,29,0000,District - Farrukhabad  29,010000,10 MAITHILI,15,8,7,0,0,0,15,8,7
C0116,09,29,0000,District - Farrukhabad  29,010006, 1 MAITHILI,15,8,7,0,0,0,15,8,7
C0116,09,29,0000,District - Farrukhabad  29,011000,11 MALAYALAM,55,29,26,2,0,2,53,29,24
C0116,09,29,0000,District - Farrukhabad  29,011013, 1 MALAYALAM,55,29,26,2,0,2,53,29,24
C0116,09,29,0000,District - Farrukhabad  29,013000,13 MARATHI,60,33,27,8,4,4,52,29,23
C0116,09,29,0000,District - Farrukhabad  29,013048, 1 MARATHI,60,33,27,8,4,4,52,29,23
C0116,09,29,0000,District - Farrukhabad  29,014000,14 NEPALI,1924,1052,872,1589,875,714,335,177,158
C0116,09,29,0000,District - Farrukhabad  29,014009, 1 NEPALI,1924,1052,872,1589,875,714,335,177,158
C0116,09,29,0000,District - Farrukhabad  29,015000,15 ORIYA,67,22,45,31,5,26,36,17,19
C0116,09,29,0000,District - Farrukhabad  29,015031, 1 ORIYA,67,22,45,31,5,26,36,17,19
C0116,09,29,0000,District - Farrukhabad  29,016000,16 PUNJABI,1653,1290,363,81,45,36,1572,1245,327
C0116,09,29,0000,District - Farrukhabad  29,016018, 1 PUNJABI,1629,1271,358,64,31,33,1565,1240,325
C0116,09,29,0000,District - Farrukhabad  29,016999,16 Others,24,19,5,17,14,3,7,5,2
C0116,09,29,0000,District - Farrukhabad  29,019000,19 SINDHI,70,43,27,0,0,0,70,43,27
C0116,09,29,0000,District - Farrukhabad  29,019013, 1 SINDHI,70,43,27,0,0,0,70,43,27
C0116,09,29,0000,District - Farrukhabad  29,020000,20 TAMIL,23,13,10,1,1,0,22,12,10
C0116,09,29,0000,District - Farrukhabad  29,020020, 1 TAMIL,22,12,10,1,1,0,21,11,10
C0116,09,29,0000,District - Farrukhabad  29,020999,20 Others,1,1,0,0,0,0,1,1,0
C0116,09,29,0000,District - Farrukhabad  29,021000,21 TELUGU,43,7,36,0,0,0,43,7,36
C0116,09,29,0000,District - Farrukhabad  29,021035, 1 TELUGU,43,7,36,0,0,0,43,7,36
C0116,09,29,0000,District - Farrukhabad  29,022000,22 URDU,112452,58678,53774,60573,31763,28810,51879,26915,24964
C0116,09,29,0000,District - Farrukhabad  29,022014, 1 URDU,112448,58674,53774,60569,31759,28810,51879,26915,24964
C0116,09,29,0000,District - Farrukhabad  29,022999,22 Others,4,4,0,4,4,0,0,0,0
C0116,09,29,0000,District - Farrukhabad  29,028000,28 ARABIC/ARBI,3,1,2,0,0,0,3,1,2
C0116,09,29,0000,District - Farrukhabad  29,028001, 1 ARABIC/ARBI,3,1,2,0,0,0,3,1,2
C0116,09,29,0000,District - Farrukhabad  29,040000,40 ENGLISH,23,14,9,5,5,0,18,9,9
C0116,09,29,0000,District - Farrukhabad  29,040001, 1 ENGLISH,23,14,9,5,5,0,18,9,9
C0116,09,29,0000,District - Farrukhabad  29,110000,110 TAMANG,2,1,1,0,0,0,2,1,1
C0116,09,29,0000,District - Farrukhabad  29,110001, 1 TAMANG,2,1,1,0,0,0,2,1,1
C0116,09,29,0000,District - Farrukhabad  29,123000,123 OTHERS,61,31,30,24,13,11,37,18,19
C0116,09,29,0001,Tehsil - Kaimganj 0001,001000,1 ASSAMESE,2,1,1,2,1,1,0,0,0
C0116,09,29,0001,Tehsil - Kaimganj 0001,001002, 1 ASSAMESE,2,1,1,2,1,1,0,0,0
C0116,09,29,0001,Tehsil - Kaimganj 0001,002000,2 BENGALI,56,6,50,44,4,40,12,2,10
C0116,09,29,0001,Tehsil - Kaimganj 0001,002004, 1 BENGALI,56,6,50,44,4,40,12,2,10
C0116,09,29,0001,Tehsil - Kaimganj 0001,005000,5 GUJARATI,3,0,3,3,0,3,0,0,0
C0116,09,29,0001,Tehsil - Kaimganj 0001,005011, 1 GUJARATI,3,0,3,3,0,3,0,0,0
C0116,09,29,0001,Tehsil - Kaimganj 0001,006000,6 HINDI,514179,279719,234460,466625,254337,212288,47554,25382,22172
C0116,09,29,0001,Tehsil - Kaimganj 0001,006045, 1 BHOJPURI,224,132,92,209,122,87,15,10,5
C0116,09,29,0001,Tehsil - Kaimganj 0001,006060, 2 BUNDELI/BUNDELKHANDI,24,1,23,18,0,18,6,1,5
C0116,09,29,0001,Tehsil - Kaimganj 0001,006095, 3 GARHWALI,6,2,4,6,2,4,0,0,0
C0116,09,29,0001,Tehsil - Kaimganj 0001,006118, 4 HINDI,513772,279517,234255,466288,254166,212122,47484,25351,22133
C0116,09,29,0001,Tehsil - Kaimganj 0001,006127, 5 JAUNSARI,1,0,1,1,0,1,0,0,0
C0116,09,29,0001,Tehsil - Kaimganj 0001,006162, 6 KUMAUNI,3,0,3,3,0,3,0,0,0
C0116,09,29,0001,Tehsil - Kaimganj 0001,006242, 7 RAJASTHANI,49,20,29,0,0,0,49,20,29
C0116,09,29,0001,Tehsil - Kaimganj 0001,006999,6 Others,100,47,53,100,47,53,0,0,0
C0116,09,29,0001,Tehsil - Kaimganj 0001,007000,7 KANNADA,1,0,1,0,0,0,1,0,1
C0116,09,29,0001,Tehsil - Kaimganj 0001,007999,7 Others,1,0,1,0,0,0,1,0,1
C0116,09,29,0001,Tehsil - Kaimganj 0001,010000,10 MAITHILI,2,0,2,0,0,0,2,0,2
C0116,09,29,0001,Tehsil - Kaimganj 0001,010006, 1 MAITHILI,2,0,2,0,0,0,2,0,2
C0116,09,29,0001,Tehsil - Kaimganj 0001,011000,11 MALAYALAM,6,2,4,0,0,0,6,2,4
C0116,09,29,0001,Tehsil - Kaimganj 0001,011013, 1 MALAYALAM,6,2,4,0,0,0,6,2,4
C0116,09,29,0001,Tehsil - Kaimganj 0001,013000,13 MARATHI,3,0,3,1,0,1,2,0,2
C0116,09,29,0001,Tehsil - Kaimganj 0001,013048, 1 MARATHI,3,0,3,1,0,1,2,0,2
C0116,09,29,0001,Tehsil - Kaimganj 0001,014000,14 NEPALI,734,407,327,706,389,317,28,18,10
C0116,09,29,0001,Tehsil - Kaimganj 0001,014009, 1 NEPALI,734,407,327,706,389,317,28,18,10
C0116,09,29,0001,Tehsil - Kaimganj 0001,015000,15 ORIYA,40,8,32,27,5,22,13,3,10
C0116,09,29,0001,Tehsil - Kaimganj 0001,015031, 1 ORIYA,40,8,32,27,5,22,13,3,10
C0116,09,29,0001,Tehsil - Kaimganj 0001,016000,16 PUNJABI,26,13,13,26,13,13,0,0,0
C0116,09,29,0001,Tehsil - Kaimganj 0001,016018, 1 PUNJABI,26,13,13,26,13,13,0,0,0
C0116,09,29,0001,Tehsil - Kaimganj 0001,021000,21 TELUGU,29,0,29,0,0,0,29,0,29
C0116,09,29,0001,Tehsil - Kaimganj 0001,021035, 1 TELUGU,29,0,29,0,0,0,29,0,29
C0116,09,29,0001,Tehsil - Kaimganj 0001,022000,22 URDU,37439,19666,17773,21789,11491,10298,15650,8175,7475
C0116,09,29,0001,Tehsil - Kaimganj 0001,022014, 1 URDU,37439,19666,17773,21789,11491,10298,15650,8175,7475
C0116,09,29,0001,Tehsil - Kaimganj 0001,123000,123 OTHERS,15,8,7,9,5,4,6,3,3
C0116,09,29,0002,Tehsil - Amritpur ** 0002,002000,2 BENGALI,6,1,5,6,1,5,0,0,0
C0116,09,29,0002,Tehsil - Amritpur ** 0002,002004, 1 BENGALI,6,1,5,6,1,5,0,0,0
C0116,09,29,0002,Tehsil - Amritpur ** 0002,006000,6 HINDI,148233,81812,66421,148233,81812,66421,0,0,0
C0116,09,29,0002,Tehsil - Amritpur ** 0002,006045, 1 BHOJPURI,4,3,1,4,3,1,0,0,0
C0116,09,29,0002,Tehsil - Amritpur ** 0002,006060, 2 BUNDELI/BUNDELKHANDI,3,1,2,3,1,2,0,0,0
C0116,09,29,0002,Tehsil - Amritpur ** 0002,006095, 3 GARHWALI,3,1,2,3,1,2,0,0,0
C0116,09,29,0002,Tehsil - Amritpur ** 0002,006118, 4 HINDI,148221,81805,66416,148221,81805,66416,0,0,0
C0116,09,29,0002,Tehsil - Amritpur ** 0002,006127, 5 JAUNSARI,2,2,0,2,2,0,0,0,0
C0116,09,29,0002,Tehsil - Amritpur ** 0002,014000,14 NEPALI,264,149,115,264,149,115,0,0,0
C0116,09,29,0002,Tehsil - Amritpur ** 0002,014009, 1 NEPALI,264,149,115,264,149,115,0,0,0
C0116,09,29,0002,Tehsil - Amritpur ** 0002,015000,15 ORIYA,3,0,3,3,0,3,0,0,0
C0116,09,29,0002,Tehsil - Amritpur ** 0002,015031, 1 ORIYA,3,0,3,3,0,3,0,0,0
C0116,09,29,0002,Tehsil - Amritpur ** 0002,020000,20 TAMIL,1,1,0,1,1,0,0,0,0
C0116,09,29,0002,Tehsil - Amritpur ** 0002,020020, 1 TAMIL,1,1,0,1,1,0,0,0,0
C0116,09,29,0002,Tehsil - Amritpur ** 0002,022000,22 URDU,2479,1325,1154,2479,1325,1154,0,0,0
C0116,09,29,0002,Tehsil - Amritpur ** 0002,022014, 1 URDU,2479,1325,1154,2479,1325,1154,0,0,0
C0116,09,29,0002,Tehsil - Amritpur ** 0002,040000,40 ENGLISH,2,2,0,2,2,0,0,0,0
C0116,09,29,0002,Tehsil - Amritpur ** 0002,040001, 1 ENGLISH,2,2,0,2,2,0,0,0,0
C0116,09,29,0003,Tehsil - Farrukhabad 0003,001000,1 ASSAMESE,15,11,4,0,0,0,15,11,4
C0116,09,29,0003,Tehsil - Farrukhabad 0003,001002, 1 ASSAMESE,15,11,4,0,0,0,15,11,4
C0116,09,29,0003,Tehsil - Farrukhabad 0003,002000,2 BENGALI,113,50,63,29,2,27,84,48,36
C0116,09,29,0003,Tehsil - Farrukhabad 0003,002004, 1 BENGALI,113,50,63,29,2,27,84,48,36
C0116,09,29,0003,Tehsil - Farrukhabad 0003,004000,4 DOGRI,12,7,5,0,0,0,12,7,5
C0116,09,29,0003,Tehsil - Farrukhabad 0003,004001, 1 DOGRI,12,7,5,0,0,0,12,7,5
C0116,09,29,0003,Tehsil - Farrukhabad 0003,005000,5 GUJARATI,10,4,6,1,0,1,9,4,5
C0116,09,29,0003,Tehsil - Farrukhabad 0003,005011, 1 GUJARATI,10,4,6,1,0,1,9,4,5
C0116,09,29,0003,Tehsil - Farrukhabad 0003,006000,6 HINDI,791323,426963,364360,551607,298718,252889,239716,128245,111471
C0116,09,29,0003,Tehsil - Farrukhabad 0003,006045, 1 BHOJPURI,65,36,29,22,11,11,43,25,18
C0116,09,29,0003,Tehsil - Farrukhabad 0003,006059, 2 BRAJBHASHA,4,0,4,4,0,4,0,0,0
C0116,09,29,0003,Tehsil - Farrukhabad 0003,006060, 3 BUNDELI/BUNDELKHANDI,24,6,18,17,2,15,7,4,3
C0116,09,29,0003,Tehsil - Farrukhabad 0003,006095, 4 GARHWALI,21,9,12,5,1,4,16,8,8
C0116,09,29,0003,Tehsil - Farrukhabad 0003,006117, 5 HARYANVI,1,0,1,0,0,0,1,0,1
C0116,09,29,0003,Tehsil - Farrukhabad 0003,006118, 6 HINDI,791069,426838,364231,551448,298644,252804,239621,128194,111427
C0116,09,29,0003,Tehsil - Farrukhabad 0003,006127, 7 JAUNSARI,3,2,1,2,2,0,1,0,1
C0116,09,29,0003,Tehsil - Farrukhabad 0003,006162, 8 KUMAUNI,5,3,2,0,0,0,5,3,2
C0116,09,29,0003,Tehsil - Farrukhabad 0003,006192, 9 MARWARI,6,3,3,0,0,0,6,3,3
C0116,09,29,0003,Tehsil - Farrukhabad 0003,006242, 10 RAJASTHANI,14,7,7,0,0,0,14,7,7
C0116,09,29,0003,Tehsil - Farrukhabad 0003,006999,6 Others,111,59,52,109,58,51,2,1,1
C0116,09,29,0003,Tehsil - Farrukhabad 0003,007000,7 KANNADA,3,3,0,0,0,0,3,3,0
C0116,09,29,0003,Tehsil - Farrukhabad 0003,007013, 1 KANNADA,2,2,0,0,0,0,2,2,0
C0116,09,29,0003,Tehsil - Farrukhabad 0003,007999,7 Others,1,1,0,0,0,0,1,1,0
C0116,09,29,0003,Tehsil - Farrukhabad 0003,008000,8 KASHMIRI,1,1,0,0,0,0,1,1,0
C0116,09,29,0003,Tehsil - Farrukhabad 0003,008002, 1 KASHMIRI,1,1,0,0,0,0,1,1,0
C0116,09,29,0003,Tehsil - Farrukhabad 0003,010000,10 MAITHILI,13,8,5,0,0,0,13,8,5
C0116,09,29,0003,Tehsil - Farrukhabad 0003,010006, 1 MAITHILI,13,8,5,0,0,0,13,8,5
C0116,09,29,0003,Tehsil - Farrukhabad 0003,011000,11 MALAYALAM,49,27,22,2,0,2,47,27,20
C0116,09,29,0003,Tehsil - Farrukhabad 0003,011013, 1 MALAYALAM,49,27,22,2,0,2,47,27,20
C0116,09,29,0003,Tehsil - Farrukhabad 0003,013000,13 MARATHI,57,33,24,7,4,3,50,29,21
C0116,09,29,0003,Tehsil - Farrukhabad 0003,013048, 1 MARATHI,57,33,24,7,4,3,50,29,21
C0116,09,29,0003,Tehsil - Farrukhabad 0003,014000,14 NEPALI,926,496,430,619,337,282,307,159,148
C0116,09,29,0003,Tehsil - Farrukhabad 0003,014009, 1 NEPALI,926,496,430,619,337,282,307,159,148
C0116,09,29,0003,Tehsil - Farrukhabad 0003,015000,15 ORIYA,24,14,10,1,0,1,23,14,9
C0116,09,29,0003,Tehsil - Farrukhabad 0003,015031, 1 ORIYA,24,14,10,1,0,1,23,14,9
C0116,09,29,0003,Tehsil - Farrukhabad 0003,016000,16 PUNJABI,1627,1277,350,55,32,23,1572,1245,327
C0116,09,29,0003,Tehsil - Farrukhabad 0003,016018, 1 PUNJABI,1603,1258,345,38,18,20,1565,1240,325
C0116,09,29,0003,Tehsil - Farrukhabad 0003,016999,16 Others,24,19,5,17,14,3,7,5,2
C0116,09,29,0003,Tehsil - Farrukhabad 0003,019000,19 SINDHI,70,43,27,0,0,0,70,43,27
C0116,09,29,0003,Tehsil - Farrukhabad 0003,019013, 1 SINDHI,70,43,27,0,0,0,70,43,27
C0116,09,29,0003,Tehsil - Farrukhabad 0003,020000,20 TAMIL,22,12,10,0,0,0,22,12,10
C0116,09,29,0003,Tehsil - Farrukhabad 0003,020020, 1 TAMIL,21,11,10,0,0,0,21,11,10
C0116,09,29,0003,Tehsil - Farrukhabad 0003,020999,20 Others,1,1,0,0,0,0,1,1,0
C0116,09,29,0003,Tehsil - Farrukhabad 0003,021000,21 TELUGU,14,7,7,0,0,0,14,7,7
C0116,09,29,0003,Tehsil - Farrukhabad 0003,021035, 1 TELUGU,14,7,7,0,0,0,14,7,7
C0116,09,29,0003,Tehsil - Farrukhabad 0003,022000,22 URDU,72534,37687,34847,36305,18947,17358,36229,18740,17489
C0116,09,29,0003,Tehsil - Farrukhabad 0003,022014, 1 URDU,72530,37683,34847,36301,18943,17358,36229,18740,17489
C0116,09,29,0003,Tehsil - Farrukhabad 0003,022999,22 Others,4,4,0,4,4,0,0,0,0
C0116,09,29,0003,Tehsil - Farrukhabad 0003,028000,28 ARABIC/ARBI,3,1,2,0,0,0,3,1,2
C0116,09,29,0003,Tehsil - Farrukhabad 0003,028001, 1 ARABIC/ARBI,3,1,2,0,0,0,3,1,2
C0116,09,29,0003,Tehsil - Farrukhabad 0003,040000,40 ENGLISH,21,12,9,3,3,0,18,9,9
C0116,09,29,0003,Tehsil - Farrukhabad 0003,040001, 1 ENGLISH,21,12,9,3,3,0,18,9,9
C0116,09,29,0003,Tehsil - Farrukhabad 0003,110000,110 TAMANG,2,1,1,0,0,0,2,1,1
C0116,09,29,0003,Tehsil - Farrukhabad 0003,110001, 1 TAMANG,2,1,1,0,0,0,2,1,1
C0116,09,29,0003,Tehsil - Farrukhabad 0003,123000,123 OTHERS,46,23,23,15,8,7,31,15,16
C0116,09,30,0000,District - Kannauj *  30,001000,1 ASSAMESE,1,0,1,1,0,1,0,0,0
C0116,09,30,0000,District - Kannauj *  30,001002, 1 ASSAMESE,1,0,1,1,0,1,0,0,0
C0116,09,30,0000,District - Kannauj *  30,002000,2 BENGALI,50,30,20,15,6,9,35,24,11
C0116,09,30,0000,District - Kannauj *  30,002004, 1 BENGALI,50,30,20,15,6,9,35,24,11
C0116,09,30,0000,District - Kannauj *  30,005000,5 GUJARATI,17,7,10,1,0,1,16,7,9
C0116,09,30,0000,District - Kannauj *  30,005011, 1 GUJARATI,17,7,10,1,0,1,16,7,9
C0116,09,30,0000,District - Kannauj *  30,006000,6 HINDI,1285145,689592,595553,1109142,596516,512626,176003,93076,82927
C0116,09,30,0000,District - Kannauj *  30,006045, 1 BHOJPURI,32,25,7,24,18,6,8,7,1
C0116,09,30,0000,District - Kannauj *  30,006060, 2 BUNDELI/BUNDELKHANDI,137,66,71,13,1,12,124,65,59
C0116,09,30,0000,District - Kannauj *  30,006072, 3 CHHATTISGARHI,2,2,0,0,0,0,2,2,0
C0116,09,30,0000,District - Kannauj *  30,006095, 4 GARHWALI,9,5,4,3,2,1,6,3,3
C0116,09,30,0000,District - Kannauj *  30,006118, 5 HINDI,1283526,688717,594809,1107696,595732,511964,175830,92985,82845
C0116,09,30,0000,District - Kannauj *  30,006127, 6 JAUNSARI,5,4,1,3,2,1,2,2,0
C0116,09,30,0000,District - Kannauj *  30,006148, 7 KHARI BOLI,727,381,346,727,381,346,0,0,0
C0116,09,30,0000,District - Kannauj *  30,006162, 8 KUMAUNI,8,6,2,8,6,2,0,0,0
C0116,09,30,0000,District - Kannauj *  30,006192, 9 MARWARI,8,4,4,8,4,4,0,0,0
C0116,09,30,0000,District - Kannauj *  30,006195, 10 MEWARI,23,11,12,23,11,12,0,0,0
C0116,09,30,0000,District - Kannauj *  30,006242, 11 RAJASTHANI,29,10,19,1,0,1,28,10,18
C0116,09,30,0000,District - Kannauj *  30,006999,6 Others,639,361,278,636,359,277,3,2,1
C0116,09,30,0000,District - Kannauj *  30,007000,7 KANNADA,1,1,0,0,0,0,1,1,0
C0116,09,30,0000,District - Kannauj *  30,007013, 1 KANNADA,1,1,0,0,0,0,1,1,0
C0116,09,30,0000,District - Kannauj *  30,011000,11 MALAYALAM,7,2,5,0,0,0,7,2,5
C0116,09,30,0000,District - Kannauj *  30,011013, 1 MALAYALAM,7,2,5,0,0,0,7,2,5
C0116,09,30,0000,District - Kannauj *  30,013000,13 MARATHI,13,9,4,1,1,0,12,8,4
C0116,09,30,0000,District - Kannauj *  30,013048, 1 MARATHI,13,9,4,1,1,0,12,8,4
C0116,09,30,0000,District - Kannauj *  30,014000,14 NEPALI,1337,743,594,1148,649,499,189,94,95
C0116,09,30,0000,District - Kannauj *  30,014009, 1 NEPALI,1337,743,594,1148,649,499,189,94,95
C0116,09,30,0000,District - Kannauj *  30,015000,15 ORIYA,5,0,5,4,0,4,1,0,1
C0116,09,30,0000,District - Kannauj *  30,015031, 1 ORIYA,5,0,5,4,0,4,1,0,1
C0116,09,30,0000,District - Kannauj *  30,016000,16 PUNJABI,114,74,40,39,33,6,75,41,34
C0116,09,30,0000,District - Kannauj *  30,016018, 1 PUNJABI,114,74,40,39,33,6,75,41,34
C0116,09,30,0000,District - Kannauj *  30,019000,19 SINDHI,8,8,0,0,0,0,8,8,0
C0116,09,30,0000,District - Kannauj *  30,019013, 1 SINDHI,8,8,0,0,0,0,8,8,0
C0116,09,30,0000,District - Kannauj *  30,020000,20 TAMIL,3,1,2,0,0,0,3,1,2
C0116,09,30,0000,District - Kannauj *  30,020020, 1 TAMIL,3,1,2,0,0,0,3,1,2
C0116,09,30,0000,District - Kannauj *  30,021000,21 TELUGU,6,3,3,0,0,0,6,3,3
C0116,09,30,0000,District - Kannauj *  30,021035, 1 TELUGU,6,3,3,0,0,0,6,3,3
C0116,09,30,0000,District - Kannauj *  30,022000,22 URDU,102145,53662,48483,46533,24510,22023,55612,29152,26460
C0116,09,30,0000,District - Kannauj *  30,022014, 1 URDU,102145,53662,48483,46533,24510,22023,55612,29152,26460
C0116,09,30,0000,District - Kannauj *  30,028000,28 ARABIC/ARBI,3,1,2,1,0,1,2,1,1
C0116,09,30,0000,District - Kannauj *  30,028001, 1 ARABIC/ARBI,3,1,2,1,0,1,2,1,1
C0116,09,30,0000,District - Kannauj *  30,040000,40 ENGLISH,15,12,3,15,12,3,0,0,0
C0116,09,30,0000,District - Kannauj *  30,040001, 1 ENGLISH,15,12,3,15,12,3,0,0,0
C0116,09,30,0000,District - Kannauj *  30,123000,123 OTHERS,53,25,28,51,24,27,2,1,1
C0116,09,30,0001,Tehsil - Chhibramau 0001,001000,1 ASSAMESE,1,0,1,1,0,1,0,0,0
C0116,09,30,0001,Tehsil - Chhibramau 0001,001002, 1 ASSAMESE,1,0,1,1,0,1,0,0,0
C0116,09,30,0001,Tehsil - Chhibramau 0001,002000,2 BENGALI,18,11,7,2,0,2,16,11,5
C0116,09,30,0001,Tehsil - Chhibramau 0001,002004, 1 BENGALI,18,11,7,2,0,2,16,11,5
C0116,09,30,0001,Tehsil - Chhibramau 0001,005000,5 GUJARATI,10,6,4,0,0,0,10,6,4
C0116,09,30,0001,Tehsil - Chhibramau 0001,005011, 1 GUJARATI,10,6,4,0,0,0,10,6,4
C0116,09,30,0001,Tehsil - Chhibramau 0001,006000,6 HINDI,587984,315122,272862,482240,259313,222927,105744,55809,49935
C0116,09,30,0001,Tehsil - Chhibramau 0001,006045, 1 BHOJPURI,14,11,3,8,6,2,6,5,1
C0116,09,30,0001,Tehsil - Chhibramau 0001,006060, 2 BUNDELI/BUNDELKHANDI,124,60,64,6,0,6,118,60,58
C0116,09,30,0001,Tehsil - Chhibramau 0001,006072, 3 CHHATTISGARHI,2,2,0,0,0,0,2,2,0
C0116,09,30,0001,Tehsil - Chhibramau 0001,006095, 4 GARHWALI,4,1,3,1,0,1,3,1,2
C0116,09,30,0001,Tehsil - Chhibramau 0001,006118, 5 HINDI,587492,314853,272639,481883,259117,222766,105609,55736,49873
C0116,09,30,0001,Tehsil - Chhibramau 0001,006127, 6 JAUNSARI,3,3,0,1,1,0,2,2,0
C0116,09,30,0001,Tehsil - Chhibramau 0001,006192, 7 MARWARI,8,4,4,8,4,4,0,0,0
C0116,09,30,0001,Tehsil - Chhibramau 0001,006195, 8 MEWARI,4,3,1,4,3,1,0,0,0
C0116,09,30,0001,Tehsil - Chhibramau 0001,006242, 9 RAJASTHANI,2,1,1,1,0,1,1,1,0
C0116,09,30,0001,Tehsil - Chhibramau 0001,006999,6 Others,331,184,147,328,182,146,3,2,1
C0116,09,30,0001,Tehsil - Chhibramau 0001,007000,7 KANNADA,1,1,0,0,0,0,1,1,0
C0116,09,30,0001,Tehsil - Chhibramau 0001,007013, 1 KANNADA,1,1,0,0,0,0,1,1,0
C0116,09,30,0001,Tehsil - Chhibramau 0001,011000,11 MALAYALAM,7,2,5,0,0,0,7,2,5
C0116,09,30,0001,Tehsil - Chhibramau 0001,011013, 1 MALAYALAM,7,2,5,0,0,0,7,2,5
C0116,09,30,0001,Tehsil - Chhibramau 0001,014000,14 NEPALI,537,299,238,444,255,189,93,44,49
C0116,09,30,0001,Tehsil - Chhibramau 0001,014009, 1 NEPALI,537,299,238,444,255,189,93,44,49
C0116,09,30,0001,Tehsil - Chhibramau 0001,015000,15 ORIYA,3,0,3,2,0,2,1,0,1
C0116,09,30,0001,Tehsil - Chhibramau 0001,015031, 1 ORIYA,3,0,3,2,0,2,1,0,1
C0116,09,30,0001,Tehsil - Chhibramau 0001,016000,16 PUNJABI,37,18,19,12,6,6,25,12,13
C0116,09,30,0001,Tehsil - Chhibramau 0001,016018, 1 PUNJABI,37,18,19,12,6,6,25,12,13
C0116,09,30,0001,Tehsil - Chhibramau 0001,019000,19 SINDHI,8,8,0,0,0,0,8,8,0
C0116,09,30,0001,Tehsil - Chhibramau 0001,019013, 1 SINDHI,8,8,0,0,0,0,8,8,0
C0116,09,30,0001,Tehsil - Chhibramau 0001,022000,22 URDU,51584,27066,24518,17479,9163,8316,34105,17903,16202
C0116,09,30,0001,Tehsil - Chhibramau 0001,022014, 1 URDU,51584,27066,24518,17479,9163,8316,34105,17903,16202
C0116,09,30,0001,Tehsil - Chhibramau 0001,028000,28 ARABIC/ARBI,2,1,1,0,0,0,2,1,1
C0116,09,30,0001,Tehsil - Chhibramau 0001,028001, 1 ARABIC/ARBI,2,1,1,0,0,0,2,1,1
C0116,09,30,0001,Tehsil - Chhibramau 0001,040000,40 ENGLISH,8,6,2,8,6,2,0,0,0
C0116,09,30,0001,Tehsil - Chhibramau 0001,040001, 1 ENGLISH,8,6,2,8,6,2,0,0,0
C0116,09,30,0001,Tehsil - Chhibramau 0001,123000,123 OTHERS,23,11,12,21,10,11,2,1,1
C0116,09,30,0002,Tehsil - Kannauj 0002,002000,2 BENGALI,24,13,11,10,4,6,14,9,5
C0116,09,30,0002,Tehsil - Kannauj 0002,002004, 1 BENGALI,24,13,11,10,4,6,14,9,5
C0116,09,30,0002,Tehsil - Kannauj 0002,005000,5 GUJARATI,1,0,1,1,0,1,0,0,0
C0116,09,30,0002,Tehsil - Kannauj 0002,005011, 1 GUJARATI,1,0,1,1,0,1,0,0,0
C0116,09,30,0002,Tehsil - Kannauj 0002,006000,6 HINDI,331324,177423,153901,280046,150155,129891,51278,27268,24010
C0116,09,30,0002,Tehsil - Kannauj 0002,006045, 1 BHOJPURI,6,6,0,5,5,0,1,1,0
C0116,09,30,0002,Tehsil - Kannauj 0002,006060, 2 BUNDELI/BUNDELKHANDI,11,5,6,5,0,5,6,5,1
C0116,09,30,0002,Tehsil - Kannauj 0002,006095, 3 GARHWALI,5,4,1,2,2,0,3,2,1
C0116,09,30,0002,Tehsil - Kannauj 0002,006118, 4 HINDI,330987,177226,153761,279719,149966,129753,51268,27260,24008
C0116,09,30,0002,Tehsil - Kannauj 0002,006162, 5 KUMAUNI,7,5,2,7,5,2,0,0,0
C0116,09,30,0002,Tehsil - Kannauj 0002,006999,6 Others,308,177,131,308,177,131,0,0,0
C0116,09,30,0002,Tehsil - Kannauj 0002,013000,13 MARATHI,3,3,0,1,1,0,2,2,0
C0116,09,30,0002,Tehsil - Kannauj 0002,013048, 1 MARATHI,3,3,0,1,1,0,2,2,0
C0116,09,30,0002,Tehsil - Kannauj 0002,014000,14 NEPALI,417,239,178,340,198,142,77,41,36
C0116,09,30,0002,Tehsil - Kannauj 0002,014009, 1 NEPALI,417,239,178,340,198,142,77,41,36
C0116,09,30,0002,Tehsil - Kannauj 0002,015000,15 ORIYA,2,0,2,2,0,2,0,0,0
C0116,09,30,0002,Tehsil - Kannauj 0002,015031, 1 ORIYA,2,0,2,2,0,2,0,0,0
C0116,09,30,0002,Tehsil - Kannauj 0002,016000,16 PUNJABI,27,17,10,0,0,0,27,17,10
C0116,09,30,0002,Tehsil - Kannauj 0002,016018, 1 PUNJABI,27,17,10,0,0,0,27,17,10
C0116,09,30,0002,Tehsil - Kannauj 0002,020000,20 TAMIL,3,1,2,0,0,0,3,1,2
C0116,09,30,0002,Tehsil - Kannauj 0002,020020, 1 TAMIL,3,1,2,0,0,0,3,1,2
C0116,09,30,0002,Tehsil - Kannauj 0002,021000,21 TELUGU,6,3,3,0,0,0,6,3,3
C0116,09,30,0002,Tehsil - Kannauj 0002,021035, 1 TELUGU,6,3,3,0,0,0,6,3,3
C0116,09,30,0002,Tehsil - Kannauj 0002,022000,22 URDU,44529,23396,21133,24209,12786,11423,20320,10610,9710
C0116,09,30,0002,Tehsil - Kannauj 0002,022014, 1 URDU,44529,23396,21133,24209,12786,11423,20320,10610,9710
C0116,09,30,0002,Tehsil - Kannauj 0002,040000,40 ENGLISH,3,2,1,3,2,1,0,0,0
C0116,09,30,0002,Tehsil - Kannauj 0002,040001, 1 ENGLISH,3,2,1,3,2,1,0,0,0
C0116,09,30,0002,Tehsil - Kannauj 0002,123000,123 OTHERS,20,10,10,20,10,10,0,0,0
C0116,09,30,0003,Tehsil - Tirwa ** 0003,002000,2 BENGALI,8,6,2,3,2,1,5,4,1
C0116,09,30,0003,Tehsil - Tirwa ** 0003,002004, 1 BENGALI,8,6,2,3,2,1,5,4,1
C0116,09,30,0003,Tehsil - Tirwa ** 0003,005000,5 GUJARATI,6,1,5,0,0,0,6,1,5
C0116,09,30,0003,Tehsil - Tirwa ** 0003,005011, 1 GUJARATI,6,1,5,0,0,0,6,1,5
C0116,09,30,0003,Tehsil - Tirwa ** 0003,006000,6 HINDI,365837,197047,168790,346856,187048,159808,18981,9999,8982
C0116,09,30,0003,Tehsil - Tirwa ** 0003,006045, 1 BHOJPURI,12,8,4,11,7,4,1,1,0
C0116,09,30,0003,Tehsil - Tirwa ** 0003,006060, 2 BUNDELI/BUNDELKHANDI,2,1,1,2,1,1,0,0,0
C0116,09,30,0003,Tehsil - Tirwa ** 0003,006118, 3 HINDI,365047,196638,168409,346094,186649,159445,18953,9989,8964
C0116,09,30,0003,Tehsil - Tirwa ** 0003,006127, 4 JAUNSARI,2,1,1,2,1,1,0,0,0
C0116,09,30,0003,Tehsil - Tirwa ** 0003,006148, 5 KHARI BOLI,727,381,346,727,381,346,0,0,0
C0116,09,30,0003,Tehsil - Tirwa ** 0003,006162, 6 KUMAUNI,1,1,0,1,1,0,0,0,0
C0116,09,30,0003,Tehsil - Tirwa ** 0003,006195, 7 MEWARI,19,8,11,19,8,11,0,0,0
C0116,09,30,0003,Tehsil - Tirwa ** 0003,006242, 8 RAJASTHANI,27,9,18,0,0,0,27,9,18
C0116,09,30,0003,Tehsil - Tirwa ** 0003,013000,13 MARATHI,10,6,4,0,0,0,10,6,4
C0116,09,30,0003,Tehsil - Tirwa ** 0003,013048, 1 MARATHI,10,6,4,0,0,0,10,6,4
C0116,09,30,0003,Tehsil - Tirwa ** 0003,014000,14 NEPALI,383,205,178,364,196,168,19,9,10
C0116,09,30,0003,Tehsil - Tirwa ** 0003,014009, 1 NEPALI,383,205,178,364,196,168,19,9,10
C0116,09,30,0003,Tehsil - Tirwa ** 0003,016000,16 PUNJABI,50,39,11,27,27,0,23,12,11
C0116,09,30,0003,Tehsil - Tirwa ** 0003,016018, 1 PUNJABI,50,39,11,27,27,0,23,12,11
C0116,09,30,0003,Tehsil - Tirwa ** 0003,022000,22 URDU,6032,3200,2832,4845,2561,2284,1187,639,548
C0116,09,30,0003,Tehsil - Tirwa ** 0003,022014, 1 URDU,6032,3200,2832,4845,2561,2284,1187,639,548
C0116,09,30,0003,Tehsil - Tirwa ** 0003,028000,28 ARABIC/ARBI,1,0,1,1,0,1,0,0,0
C0116,09,30,0003,Tehsil - Tirwa ** 0003,028001, 1 ARABIC/ARBI,1,0,1,1,0,1,0,0,0
C0116,09,30,0003,Tehsil - Tirwa ** 0003,040000,40 ENGLISH,4,4,0,4,4,0,0,0,0
C0116,09,30,0003,Tehsil - Tirwa ** 0003,040001, 1 ENGLISH,4,4,0,4,4,0,0,0,0
C0116,09,30,0003,Tehsil - Tirwa ** 0003,123000,123 OTHERS,10,4,6,10,4,6,0,0,0
C0116,09,31,0000,District - Etawah  31,002000,2 BENGALI,59,22,37,17,4,13,42,18,24
C0116,09,31,0000,District - Etawah  31,002004, 1 BENGALI,59,22,37,17,4,13,42,18,24
C0116,09,31,0000,District - Etawah  31,006000,6 HINDI,1291145,695759,595386,1022816,553277,469539,268329,142482,125847
C0116,09,31,0000,District - Etawah  31,006008, 1 AWADHI,2,2,0,0,0,0,2,2,0
C0116,09,31,0000,District - Etawah  31,006045, 2 BHOJPURI,32,19,13,27,17,10,5,2,3
C0116,09,31,0000,District - Etawah  31,006059, 3 BRAJBHASHA,132,64,68,132,64,68,0,0,0
C0116,09,31,0000,District - Etawah  31,006060, 4 BUNDELI/BUNDELKHANDI,85,41,44,73,35,38,12,6,6
C0116,09,31,0000,District - Etawah  31,006072, 5 CHHATTISGARHI,45,22,23,0,0,0,45,22,23
C0116,09,31,0000,District - Etawah  31,006095, 6 GARHWALI,10,7,3,10,7,3,0,0,0
C0116,09,31,0000,District - Etawah  31,006118, 7 HINDI,1290525,695428,595097,1022545,553135,469410,267980,142293,125687
C0116,09,31,0000,District - Etawah  31,006127, 8 JAUNSARI,25,16,9,23,15,8,2,1,1
C0116,09,31,0000,District - Etawah  31,006192, 9 MARWARI,125,67,58,4,2,2,121,65,56
C0116,09,31,0000,District - Etawah  31,006242, 10 RAJASTHANI,91,50,41,0,0,0,91,50,41
C0116,09,31,0000,District - Etawah  31,006999,6 Others,73,43,30,2,2,0,71,41,30
C0116,09,31,0000,District - Etawah  31,010000,10 MAITHILI,1,0,1,0,0,0,1,0,1
C0116,09,31,0000,District - Etawah  31,010006, 1 MAITHILI,1,0,1,0,0,0,1,0,1
C0116,09,31,0000,District - Etawah  31,011000,11 MALAYALAM,39,23,16,0,0,0,39,23,16
C0116,09,31,0000,District - Etawah  31,011013, 1 MALAYALAM,39,23,16,0,0,0,39,23,16
C0116,09,31,0000,District - Etawah  31,013000,13 MARATHI,44,23,21,1,0,1,43,23,20
C0116,09,31,0000,District - Etawah  31,013048, 1 MARATHI,44,23,21,1,0,1,43,23,20
C0116,09,31,0000,District - Etawah  31,014000,14 NEPALI,3419,1768,1651,2902,1495,1407,517,273,244
C0116,09,31,0000,District - Etawah  31,014009, 1 NEPALI,3419,1768,1651,2902,1495,1407,517,273,244
C0116,09,31,0000,District - Etawah  31,016000,16 PUNJABI,411,208,203,94,47,47,317,161,156
C0116,09,31,0000,District - Etawah  31,016018, 1 PUNJABI,370,186,184,94,47,47,276,139,137
C0116,09,31,0000,District - Etawah  31,016999,16 Others,41,22,19,0,0,0,41,22,19
C0116,09,31,0000,District - Etawah  31,017000,17 SANSKRIT,1,1,0,1,1,0,0,0,0
C0116,09,31,0000,District - Etawah  31,017002, 1 SANSKRIT,1,1,0,1,1,0,0,0,0
C0116,09,31,0000,District - Etawah  31,019000,19 SINDHI,243,121,122,1,1,0,242,120,122
C0116,09,31,0000,District - Etawah  31,019013, 1 SINDHI,243,121,122,1,1,0,242,120,122
C0116,09,31,0000,District - Etawah  31,020000,20 TAMIL,143,78,65,22,13,9,121,65,56
C0116,09,31,0000,District - Etawah  31,020020, 1 TAMIL,143,78,65,22,13,9,121,65,56
C0116,09,31,0000,District - Etawah  31,022000,22 URDU,43196,22651,20545,4853,2552,2301,38343,20099,18244
C0116,09,31,0000,District - Etawah  31,022014, 1 URDU,43196,22651,20545,4853,2552,2301,38343,20099,18244
C0116,09,31,0000,District - Etawah  31,028000,28 ARABIC/ARBI,13,7,6,13,7,6,0,0,0
C0116,09,31,0000,District - Etawah  31,028001, 1 ARABIC/ARBI,13,7,6,13,7,6,0,0,0
C0116,09,31,0000,District - Etawah  31,040000,40 ENGLISH,12,9,3,5,3,2,7,6,1
C0116,09,31,0000,District - Etawah  31,040001, 1 ENGLISH,12,9,3,5,3,2,7,6,1
C0116,09,31,0000,District - Etawah  31,090000,90 MUNDA,64,39,25,64,39,25,0,0,0
C0116,09,31,0000,District - Etawah  31,090999,90 Others,64,39,25,64,39,25,0,0,0
C0116,09,31,0000,District - Etawah  31,123000,123 OTHERS,81,40,41,0,0,0,81,40,41
C0116,09,31,0001,Tehsil - Jaswantnagar ** 0001,002000,2 BENGALI,15,5,10,6,1,5,9,4,5
C0116,09,31,0001,Tehsil - Jaswantnagar ** 0001,002004, 1 BENGALI,15,5,10,6,1,5,9,4,5
C0116,09,31,0001,Tehsil - Jaswantnagar ** 0001,006000,6 HINDI,179960,96482,83478,158000,84782,73218,21960,11700,10260
C0116,09,31,0001,Tehsil - Jaswantnagar ** 0001,006045, 1 BHOJPURI,5,2,3,5,2,3,0,0,0
C0116,09,31,0001,Tehsil - Jaswantnagar ** 0001,006059, 2 BRAJBHASHA,132,64,68,132,64,68,0,0,0
C0116,09,31,0001,Tehsil - Jaswantnagar ** 0001,006060, 3 BUNDELI/BUNDELKHANDI,2,1,1,2,1,1,0,0,0
C0116,09,31,0001,Tehsil - Jaswantnagar ** 0001,006072, 4 CHHATTISGARHI,45,22,23,0,0,0,45,22,23
C0116,09,31,0001,Tehsil - Jaswantnagar ** 0001,006095, 5 GARHWALI,3,1,2,3,1,2,0,0,0
C0116,09,31,0001,Tehsil - Jaswantnagar ** 0001,006118, 6 HINDI,179636,96321,83315,157858,84714,73144,21778,11607,10171
C0116,09,31,0001,Tehsil - Jaswantnagar ** 0001,006127, 7 JAUNSARI,1,0,1,0,0,0,1,0,1
C0116,09,31,0001,Tehsil - Jaswantnagar ** 0001,006192, 8 MARWARI,83,42,41,0,0,0,83,42,41
C0116,09,31,0001,Tehsil - Jaswantnagar ** 0001,006999,6 Others,53,29,24,0,0,0,53,29,24
C0116,09,31,0001,Tehsil - Jaswantnagar ** 0001,013000,13 MARATHI,33,16,17,0,0,0,33,16,17
C0116,09,31,0001,Tehsil - Jaswantnagar ** 0001,013048, 1 MARATHI,33,16,17,0,0,0,33,16,17
C0116,09,31,0001,Tehsil - Jaswantnagar ** 0001,014000,14 NEPALI,236,137,99,205,122,83,31,15,16
C0116,09,31,0001,Tehsil - Jaswantnagar ** 0001,014009, 1 NEPALI,236,137,99,205,122,83,31,15,16
C0116,09,31,0001,Tehsil - Jaswantnagar ** 0001,016000,16 PUNJABI,1,0,1,1,0,1,0,0,0
C0116,09,31,0001,Tehsil - Jaswantnagar ** 0001,016018, 1 PUNJABI,1,0,1,1,0,1,0,0,0
C0116,09,31,0001,Tehsil - Jaswantnagar ** 0001,019000,19 SINDHI,1,0,1,0,0,0,1,0,1
C0116,09,31,0001,Tehsil - Jaswantnagar ** 0001,019013, 1 SINDHI,1,0,1,0,0,0,1,0,1
C0116,09,31,0001,Tehsil - Jaswantnagar ** 0001,022000,22 URDU,3989,2098,1891,690,354,336,3299,1744,1555
C0116,09,31,0001,Tehsil - Jaswantnagar ** 0001,022014, 1 URDU,3989,2098,1891,690,354,336,3299,1744,1555
C0116,09,31,0001,Tehsil - Jaswantnagar ** 0001,090000,90 MUNDA,64,39,25,64,39,25,0,0,0
C0116,09,31,0001,Tehsil - Jaswantnagar ** 0001,090999,90 Others,64,39,25,64,39,25,0,0,0
C0116,09,31,0002,Tehsil - Saifai ** 0002,002000,2 BENGALI,2,0,2,2,0,2,0,0,0
C0116,09,31,0002,Tehsil - Saifai ** 0002,002004, 1 BENGALI,2,0,2,2,0,2,0,0,0
C0116,09,31,0002,Tehsil - Saifai ** 0002,006000,6 HINDI,78303,42358,35945,78303,42358,35945,0,0,0
C0116,09,31,0002,Tehsil - Saifai ** 0002,006045, 1 BHOJPURI,1,0,1,1,0,1,0,0,0
C0116,09,31,0002,Tehsil - Saifai ** 0002,006118, 2 HINDI,78294,42350,35944,78294,42350,35944,0,0,0
C0116,09,31,0002,Tehsil - Saifai ** 0002,006127, 3 JAUNSARI,6,6,0,6,6,0,0,0,0
C0116,09,31,0002,Tehsil - Saifai ** 0002,006999,6 Others,2,2,0,2,2,0,0,0,0
C0116,09,31,0002,Tehsil - Saifai ** 0002,014000,14 NEPALI,319,176,143,319,176,143,0,0,0
C0116,09,31,0002,Tehsil - Saifai ** 0002,014009, 1 NEPALI,319,176,143,319,176,143,0,0,0
C0116,09,31,0002,Tehsil - Saifai ** 0002,016000,16 PUNJABI,48,25,23,48,25,23,0,0,0
C0116,09,31,0002,Tehsil - Saifai ** 0002,016018, 1 PUNJABI,48,25,23,48,25,23,0,0,0
C0116,09,31,0002,Tehsil - Saifai ** 0002,022000,22 URDU,349,177,172,349,177,172,0,0,0
C0116,09,31,0002,Tehsil - Saifai ** 0002,022014, 1 URDU,349,177,172,349,177,172,0,0,0
C0116,09,31,0002,Tehsil - Saifai ** 0002,040000,40 ENGLISH,2,2,0,2,2,0,0,0,0
C0116,09,31,0002,Tehsil - Saifai ** 0002,040001, 1 ENGLISH,2,2,0,2,2,0,0,0,0
C0116,09,31,0003,Tehsil - Etawah 0003,002000,2 BENGALI,28,11,17,8,3,5,20,8,12
C0116,09,31,0003,Tehsil - Etawah 0003,002004, 1 BENGALI,28,11,17,8,3,5,20,8,12
C0116,09,31,0003,Tehsil - Etawah 0003,006000,6 HINDI,455950,245206,210744,270169,146325,123844,185781,98881,86900
C0116,09,31,0003,Tehsil - Etawah 0003,006045, 1 BHOJPURI,14,10,4,10,8,2,4,2,2
C0116,09,31,0003,Tehsil - Etawah 0003,006060, 2 BUNDELI/BUNDELKHANDI,79,39,40,70,34,36,9,5,4
C0116,09,31,0003,Tehsil - Etawah 0003,006095, 3 GARHWALI,1,1,0,1,1,0,0,0,0
C0116,09,31,0003,Tehsil - Etawah 0003,006118, 4 HINDI,455703,245069,210634,270070,146273,123797,185633,98796,86837
C0116,09,31,0003,Tehsil - Etawah 0003,006127, 5 JAUNSARI,14,7,7,14,7,7,0,0,0
C0116,09,31,0003,Tehsil - Etawah 0003,006192, 6 MARWARI,42,25,17,4,2,2,38,23,15
C0116,09,31,0003,Tehsil - Etawah 0003,006242, 7 RAJASTHANI,80,44,36,0,0,0,80,44,36
C0116,09,31,0003,Tehsil - Etawah 0003,006999,6 Others,17,11,6,0,0,0,17,11,6
C0116,09,31,0003,Tehsil - Etawah 0003,010000,10 MAITHILI,1,0,1,0,0,0,1,0,1
C0116,09,31,0003,Tehsil - Etawah 0003,010006, 1 MAITHILI,1,0,1,0,0,0,1,0,1
C0116,09,31,0003,Tehsil - Etawah 0003,011000,11 MALAYALAM,39,23,16,0,0,0,39,23,16
C0116,09,31,0003,Tehsil - Etawah 0003,011013, 1 MALAYALAM,39,23,16,0,0,0,39,23,16
C0116,09,31,0003,Tehsil - Etawah 0003,013000,13 MARATHI,11,7,4,1,0,1,10,7,3
C0116,09,31,0003,Tehsil - Etawah 0003,013048, 1 MARATHI,11,7,4,1,0,1,10,7,3
C0116,09,31,0003,Tehsil - Etawah 0003,014000,14 NEPALI,2093,1076,1017,1697,857,840,396,219,177
C0116,09,31,0003,Tehsil - Etawah 0003,014009, 1 NEPALI,2093,1076,1017,1697,857,840,396,219,177
C0116,09,31,0003,Tehsil - Etawah 0003,016000,16 PUNJABI,273,143,130,45,22,23,228,121,107
C0116,09,31,0003,Tehsil - Etawah 0003,016018, 1 PUNJABI,232,121,111,45,22,23,187,99,88
C0116,09,31,0003,Tehsil - Etawah 0003,016999,16 Others,41,22,19,0,0,0,41,22,19
C0116,09,31,0003,Tehsil - Etawah 0003,017000,17 SANSKRIT,1,1,0,1,1,0,0,0,0
C0116,09,31,0003,Tehsil - Etawah 0003,017002, 1 SANSKRIT,1,1,0,1,1,0,0,0,0
C0116,09,31,0003,Tehsil - Etawah 0003,019000,19 SINDHI,38,23,15,1,1,0,37,22,15
C0116,09,31,0003,Tehsil - Etawah 0003,019013, 1 SINDHI,38,23,15,1,1,0,37,22,15
C0116,09,31,0003,Tehsil - Etawah 0003,020000,20 TAMIL,142,77,65,21,12,9,121,65,56
C0116,09,31,0003,Tehsil - Etawah 0003,020020, 1 TAMIL,142,77,65,21,12,9,121,65,56
C0116,09,31,0003,Tehsil - Etawah 0003,022000,22 URDU,35965,18839,17126,2188,1145,1043,33777,17694,16083
C0116,09,31,0003,Tehsil - Etawah 0003,022014, 1 URDU,35965,18839,17126,2188,1145,1043,33777,17694,16083
C0116,09,31,0003,Tehsil - Etawah 0003,028000,28 ARABIC/ARBI,5,2,3,5,2,3,0,0,0
C0116,09,31,0003,Tehsil - Etawah 0003,028001, 1 ARABIC/ARBI,5,2,3,5,2,3,0,0,0
C0116,09,31,0003,Tehsil - Etawah 0003,040000,40 ENGLISH,9,7,2,3,1,2,6,6,0
C0116,09,31,0003,Tehsil - Etawah 0003,040001, 1 ENGLISH,9,7,2,3,1,2,6,6,0
C0116,09,31,0003,Tehsil - Etawah 0003,123000,123 OTHERS,2,1,1,0,0,0,2,1,1
C0116,09,31,0004,Tehsil - Bharthana 0004,002000,2 BENGALI,13,6,7,0,0,0,13,6,7
C0116,09,31,0004,Tehsil - Bharthana 0004,002004, 1 BENGALI,13,6,7,0,0,0,13,6,7
C0116,09,31,0004,Tehsil - Bharthana 0004,006000,6 HINDI,447674,240959,206715,387086,209058,178028,60588,31901,28687
C0116,09,31,0004,Tehsil - Bharthana 0004,006008, 1 AWADHI,2,2,0,0,0,0,2,2,0
C0116,09,31,0004,Tehsil - Bharthana 0004,006045, 2 BHOJPURI,2,1,1,1,1,0,1,0,1
C0116,09,31,0004,Tehsil - Bharthana 0004,006060, 3 BUNDELI/BUNDELKHANDI,3,1,2,0,0,0,3,1,2
C0116,09,31,0004,Tehsil - Bharthana 0004,006095, 4 GARHWALI,3,2,1,3,2,1,0,0,0
C0116,09,31,0004,Tehsil - Bharthana 0004,006118, 5 HINDI,447648,240943,206705,387079,209053,178026,60569,31890,28679
C0116,09,31,0004,Tehsil - Bharthana 0004,006127, 6 JAUNSARI,4,3,1,3,2,1,1,1,0
C0116,09,31,0004,Tehsil - Bharthana 0004,006242, 7 RAJASTHANI,11,6,5,0,0,0,11,6,5
C0116,09,31,0004,Tehsil - Bharthana 0004,006999,6 Others,1,1,0,0,0,0,1,1,0
C0116,09,31,0004,Tehsil - Bharthana 0004,014000,14 NEPALI,679,333,346,589,294,295,90,39,51
C0116,09,31,0004,Tehsil - Bharthana 0004,014009, 1 NEPALI,679,333,346,589,294,295,90,39,51
C0116,09,31,0004,Tehsil - Bharthana 0004,016000,16 PUNJABI,89,40,49,0,0,0,89,40,49
C0116,09,31,0004,Tehsil - Bharthana 0004,016018, 1 PUNJABI,89,40,49,0,0,0,89,40,49
C0116,09,31,0004,Tehsil - Bharthana 0004,019000,19 SINDHI,204,98,106,0,0,0,204,98,106
C0116,09,31,0004,Tehsil - Bharthana 0004,019013, 1 SINDHI,204,98,106,0,0,0,204,98,106
C0116,09,31,0004,Tehsil - Bharthana 0004,020000,20 TAMIL,1,1,0,1,1,0,0,0,0
C0116,09,31,0004,Tehsil - Bharthana 0004,020020, 1 TAMIL,1,1,0,1,1,0,0,0,0
C0116,09,31,0004,Tehsil - Bharthana 0004,022000,22 URDU,2533,1339,1194,1266,678,588,1267,661,606
C0116,09,31,0004,Tehsil - Bharthana 0004,022014, 1 URDU,2533,1339,1194,1266,678,588,1267,661,606
C0116,09,31,0004,Tehsil - Bharthana 0004,028000,28 ARABIC/ARBI,8,5,3,8,5,3,0,0,0
C0116,09,31,0004,Tehsil - Bharthana 0004,028001, 1 ARABIC/ARBI,8,5,3,8,5,3,0,0,0
C0116,09,31,0004,Tehsil - Bharthana 0004,040000,40 ENGLISH,1,0,1,0,0,0,1,0,1
C0116,09,31,0004,Tehsil - Bharthana 0004,040001, 1 ENGLISH,1,0,1,0,0,0,1,0,1
C0116,09,31,0004,Tehsil - Bharthana 0004,123000,123 OTHERS,79,39,40,0,0,0,79,39,40
C0116,09,31,0005,Tehsil - Chakarnagar ** 0005,002000,2 BENGALI,1,0,1,1,0,1,0,0,0
C0116,09,31,0005,Tehsil - Chakarnagar ** 0005,002004, 1 BENGALI,1,0,1,1,0,1,0,0,0
C0116,09,31,0005,Tehsil - Chakarnagar ** 0005,006000,6 HINDI,129258,70754,58504,129258,70754,58504,0,0,0
C0116,09,31,0005,Tehsil - Chakarnagar ** 0005,006045, 1 BHOJPURI,10,6,4,10,6,4,0,0,0
C0116,09,31,0005,Tehsil - Chakarnagar ** 0005,006060, 2 BUNDELI/BUNDELKHANDI,1,0,1,1,0,1,0,0,0
C0116,09,31,0005,Tehsil - Chakarnagar ** 0005,006095, 3 GARHWALI,3,3,0,3,3,0,0,0,0
C0116,09,31,0005,Tehsil - Chakarnagar ** 0005,006118, 4 HINDI,129244,70745,58499,129244,70745,58499,0,0,0
C0116,09,31,0005,Tehsil - Chakarnagar ** 0005,014000,14 NEPALI,92,46,46,92,46,46,0,0,0
C0116,09,31,0005,Tehsil - Chakarnagar ** 0005,014009, 1 NEPALI,92,46,46,92,46,46,0,0,0
C0116,09,31,0005,Tehsil - Chakarnagar ** 0005,022000,22 URDU,360,198,162,360,198,162,0,0,0
C0116,09,31,0005,Tehsil - Chakarnagar ** 0005,022014, 1 URDU,360,198,162,360,198,162,0,0,0
C0116,09,32,0000,District - Auraiya *  32,001000,1 ASSAMESE,26,15,11,26,15,11,0,0,0
C0116,09,32,0000,District - Auraiya *  32,001002, 1 ASSAMESE,26,15,11,26,15,11,0,0,0
C0116,09,32,0000,District - Auraiya *  32,002000,2 BENGALI,264,128,136,237,116,121,27,12,15
C0116,09,32,0000,District - Auraiya *  32,002004, 1 BENGALI,264,128,136,237,116,121,27,12,15
C0116,09,32,0000,District - Auraiya *  32,004000,4 DOGRI,3,2,1,3,2,1,0,0,0
C0116,09,32,0000,District - Auraiya *  32,004001, 1 DOGRI,3,2,1,3,2,1,0,0,0
C0116,09,32,0000,District - Auraiya *  32,005000,5 GUJARATI,10,3,7,8,3,5,2,0,2
C0116,09,32,0000,District - Auraiya *  32,005011, 1 GUJARATI,10,3,7,8,3,5,2,0,2
C0116,09,32,0000,District - Auraiya *  32,006000,6 HINDI,1145242,617196,528046,989694,534715,454979,155548,82481,73067
C0116,09,32,0000,District - Auraiya *  32,006045, 1 BHOJPURI,13,5,8,9,3,6,4,2,2
C0116,09,32,0000,District - Auraiya *  32,006060, 2 BUNDELI/BUNDELKHANDI,34,13,21,25,10,15,9,3,6
C0116,09,32,0000,District - Auraiya *  32,006072, 3 CHHATTISGARHI,31,16,15,31,16,15,0,0,0
C0116,09,32,0000,District - Auraiya *  32,006095, 4 GARHWALI,20,9,11,20,9,11,0,0,0
C0116,09,32,0000,District - Auraiya *  32,006118, 5 HINDI,1145035,617099,527936,989515,534631,454884,155520,82468,73052
C0116,09,32,0000,District - Auraiya *  32,006127, 6 JAUNSARI,10,5,5,10,5,5,0,0,0
C0116,09,32,0000,District - Auraiya *  32,006162, 7 KUMAUNI,3,1,2,3,1,2,0,0,0
C0116,09,32,0000,District - Auraiya *  32,006192, 8 MARWARI,36,17,19,36,17,19,0,0,0
C0116,09,32,0000,District - Auraiya *  32,006195, 9 MEWARI,20,11,9,20,11,9,0,0,0
C0116,09,32,0000,District - Auraiya *  32,006213, 10 PAHARI,7,4,3,7,4,3,0,0,0
C0116,09,32,0000,District - Auraiya *  32,006242, 11 RAJASTHANI,29,13,16,15,6,9,14,7,7
C0116,09,32,0000,District - Auraiya *  32,006999,6 Others,4,3,1,3,2,1,1,1,0
C0116,09,32,0000,District - Auraiya *  32,007000,7 KANNADA,9,5,4,9,5,4,0,0,0
C0116,09,32,0000,District - Auraiya *  32,007013, 1 KANNADA,9,5,4,9,5,4,0,0,0
C0116,09,32,0000,District - Auraiya *  32,008000,8 KASHMIRI,5,2,3,5,2,3,0,0,0
C0116,09,32,0000,District - Auraiya *  32,008002, 1 KASHMIRI,5,2,3,5,2,3,0,0,0
C0116,09,32,0000,District - Auraiya *  32,009000,9 KONKANI,4,2,2,4,2,2,0,0,0
C0116,09,32,0000,District - Auraiya *  32,009010, 1 KONKANI,4,2,2,4,2,2,0,0,0
C0116,09,32,0000,District - Auraiya *  32,010000,10 MAITHILI,2,1,1,2,1,1,0,0,0
C0116,09,32,0000,District - Auraiya *  32,010006, 1 MAITHILI,2,1,1,2,1,1,0,0,0
C0116,09,32,0000,District - Auraiya *  32,011000,11 MALAYALAM,105,55,50,100,54,46,5,1,4
C0116,09,32,0000,District - Auraiya *  32,011013, 1 MALAYALAM,105,55,50,100,54,46,5,1,4
C0116,09,32,0000,District - Auraiya *  32,013000,13 MARATHI,61,31,30,55,26,29,6,5,1
C0116,09,32,0000,District - Auraiya *  32,013048, 1 MARATHI,61,31,30,55,26,29,6,5,1
C0116,09,32,0000,District - Auraiya *  32,014000,14 NEPALI,4034,2327,1707,3311,1924,1387,723,403,320
C0116,09,32,0000,District - Auraiya *  32,014009, 1 NEPALI,4034,2327,1707,3311,1924,1387,723,403,320
C0116,09,32,0000,District - Auraiya *  32,015000,15 ORIYA,33,18,15,33,18,15,0,0,0
C0116,09,32,0000,District - Auraiya *  32,015031, 1 ORIYA,33,18,15,33,18,15,0,0,0
C0116,09,32,0000,District - Auraiya *  32,016000,16 PUNJABI,255,123,132,106,50,56,149,73,76
C0116,09,32,0000,District - Auraiya *  32,016018, 1 PUNJABI,255,123,132,106,50,56,149,73,76
C0116,09,32,0000,District - Auraiya *  32,020000,20 TAMIL,110,61,49,110,61,49,0,0,0
C0116,09,32,0000,District - Auraiya *  32,020020, 1 TAMIL,110,61,49,110,61,49,0,0,0
C0116,09,32,0000,District - Auraiya *  32,021000,21 TELUGU,120,58,62,119,57,62,1,1,0
C0116,09,32,0000,District - Auraiya *  32,021035, 1 TELUGU,120,58,62,119,57,62,1,1,0
C0116,09,32,0000,District - Auraiya *  32,022000,22 URDU,29627,15692,13935,17139,9055,8084,12488,6637,5851
C0116,09,32,0000,District - Auraiya *  32,022014, 1 URDU,29627,15692,13935,17139,9055,8084,12488,6637,5851
C0116,09,32,0000,District - Auraiya *  32,028000,28 ARABIC/ARBI,1,0,1,1,0,1,0,0,0
C0116,09,32,0000,District - Auraiya *  32,028001, 1 ARABIC/ARBI,1,0,1,1,0,1,0,0,0
C0116,09,32,0000,District - Auraiya *  32,040000,40 ENGLISH,36,22,14,34,22,12,2,0,2
C0116,09,32,0000,District - Auraiya *  32,040001, 1 ENGLISH,36,22,14,34,22,12,2,0,2
C0116,09,32,0000,District - Auraiya *  32,055000,55 KHASI,2,1,1,2,1,1,0,0,0
C0116,09,32,0000,District - Auraiya *  32,055006, 1 KHASI,2,1,1,2,1,1,0,0,0
C0116,09,32,0000,District - Auraiya *  32,123000,123 OTHERS,44,20,24,28,13,15,16,7,9
C0116,09,32,0001,Tehsil - Bidhuna 0001,002000,2 BENGALI,34,5,29,29,4,25,5,1,4
C0116,09,32,0001,Tehsil - Bidhuna 0001,002004, 1 BENGALI,34,5,29,29,4,25,5,1,4
C0116,09,32,0001,Tehsil - Bidhuna 0001,005000,5 GUJARATI,1,0,1,1,0,1,0,0,0
C0116,09,32,0001,Tehsil - Bidhuna 0001,005011, 1 GUJARATI,1,0,1,1,0,1,0,0,0
C0116,09,32,0001,Tehsil - Bidhuna 0001,006000,6 HINDI,577312,309913,267399,544906,292798,252108,32406,17115,15291
C0116,09,32,0001,Tehsil - Bidhuna 0001,006045, 1 BHOJPURI,2,1,1,1,0,1,1,1,0
C0116,09,32,0001,Tehsil - Bidhuna 0001,006060, 2 BUNDELI/BUNDELKHANDI,7,2,5,5,1,4,2,1,1
C0116,09,32,0001,Tehsil - Bidhuna 0001,006095, 3 GARHWALI,10,5,5,10,5,5,0,0,0
C0116,09,32,0001,Tehsil - Bidhuna 0001,006118, 4 HINDI,577249,309884,267365,544846,292771,252075,32403,17113,15290
C0116,09,32,0001,Tehsil - Bidhuna 0001,006127, 5 JAUNSARI,3,2,1,3,2,1,0,0,0
C0116,09,32,0001,Tehsil - Bidhuna 0001,006192, 6 MARWARI,36,17,19,36,17,19,0,0,0
C0116,09,32,0001,Tehsil - Bidhuna 0001,006195, 7 MEWARI,2,1,1,2,1,1,0,0,0
C0116,09,32,0001,Tehsil - Bidhuna 0001,006242, 8 RAJASTHANI,3,1,2,3,1,2,0,0,0
C0116,09,32,0001,Tehsil - Bidhuna 0001,013000,13 MARATHI,2,0,2,2,0,2,0,0,0
C0116,09,32,0001,Tehsil - Bidhuna 0001,013048, 1 MARATHI,2,0,2,2,0,2,0,0,0
C0116,09,32,0001,Tehsil - Bidhuna 0001,014000,14 NEPALI,1750,983,767,1560,883,677,190,100,90
C0116,09,32,0001,Tehsil - Bidhuna 0001,014009, 1 NEPALI,1750,983,767,1560,883,677,190,100,90
C0116,09,32,0001,Tehsil - Bidhuna 0001,015000,15 ORIYA,1,0,1,1,0,1,0,0,0
C0116,09,32,0001,Tehsil - Bidhuna 0001,015031, 1 ORIYA,1,0,1,1,0,1,0,0,0
C0116,09,32,0001,Tehsil - Bidhuna 0001,016000,16 PUNJABI,14,8,6,0,0,0,14,8,6
C0116,09,32,0001,Tehsil - Bidhuna 0001,016018, 1 PUNJABI,14,8,6,0,0,0,14,8,6
C0116,09,32,0001,Tehsil - Bidhuna 0001,020000,20 TAMIL,2,1,1,2,1,1,0,0,0
C0116,09,32,0001,Tehsil - Bidhuna 0001,020020, 1 TAMIL,2,1,1,2,1,1,0,0,0
C0116,09,32,0001,Tehsil - Bidhuna 0001,021000,21 TELUGU,2,0,2,2,0,2,0,0,0
C0116,09,32,0001,Tehsil - Bidhuna 0001,021035, 1 TELUGU,2,0,2,2,0,2,0,0,0
C0116,09,32,0001,Tehsil - Bidhuna 0001,022000,22 URDU,3105,1601,1504,2575,1326,1249,530,275,255
C0116,09,32,0001,Tehsil - Bidhuna 0001,022014, 1 URDU,3105,1601,1504,2575,1326,1249,530,275,255
C0116,09,32,0001,Tehsil - Bidhuna 0001,028000,28 ARABIC/ARBI,1,0,1,1,0,1,0,0,0
C0116,09,32,0001,Tehsil - Bidhuna 0001,028001, 1 ARABIC/ARBI,1,0,1,1,0,1,0,0,0
C0116,09,32,0001,Tehsil - Bidhuna 0001,040000,40 ENGLISH,5,3,2,4,3,1,1,0,1
C0116,09,32,0001,Tehsil - Bidhuna 0001,040001, 1 ENGLISH,5,3,2,4,3,1,1,0,1
C0116,09,32,0001,Tehsil - Bidhuna 0001,123000,123 OTHERS,16,7,9,12,5,7,4,2,2
C0116,09,32,0002,Tehsil - Auraiya 0002,001000,1 ASSAMESE,26,15,11,26,15,11,0,0,0
C0116,09,32,0002,Tehsil - Auraiya 0002,001002, 1 ASSAMESE,26,15,11,26,15,11,0,0,0
C0116,09,32,0002,Tehsil - Auraiya 0002,002000,2 BENGALI,230,123,107,208,112,96,22,11,11
C0116,09,32,0002,Tehsil - Auraiya 0002,002004, 1 BENGALI,230,123,107,208,112,96,22,11,11
C0116,09,32,0002,Tehsil - Auraiya 0002,004000,4 DOGRI,3,2,1,3,2,1,0,0,0
C0116,09,32,0002,Tehsil - Auraiya 0002,004001, 1 DOGRI,3,2,1,3,2,1,0,0,0
C0116,09,32,0002,Tehsil - Auraiya 0002,005000,5 GUJARATI,9,3,6,7,3,4,2,0,2
C0116,09,32,0002,Tehsil - Auraiya 0002,005011, 1 GUJARATI,9,3,6,7,3,4,2,0,2
C0116,09,32,0002,Tehsil - Auraiya 0002,006000,6 HINDI,567930,307283,260647,444788,241917,202871,123142,65366,57776
C0116,09,32,0002,Tehsil - Auraiya 0002,006045, 1 BHOJPURI,11,4,7,8,3,5,3,1,2
C0116,09,32,0002,Tehsil - Auraiya 0002,006060, 2 BUNDELI/BUNDELKHANDI,27,11,16,20,9,11,7,2,5
C0116,09,32,0002,Tehsil - Auraiya 0002,006072, 3 CHHATTISGARHI,31,16,15,31,16,15,0,0,0
C0116,09,32,0002,Tehsil - Auraiya 0002,006095, 4 GARHWALI,10,4,6,10,4,6,0,0,0
C0116,09,32,0002,Tehsil - Auraiya 0002,006118, 5 HINDI,567786,307215,260571,444669,241860,202809,123117,65355,57762
C0116,09,32,0002,Tehsil - Auraiya 0002,006127, 6 JAUNSARI,7,3,4,7,3,4,0,0,0
C0116,09,32,0002,Tehsil - Auraiya 0002,006162, 7 KUMAUNI,3,1,2,3,1,2,0,0,0
C0116,09,32,0002,Tehsil - Auraiya 0002,006195, 8 MEWARI,18,10,8,18,10,8,0,0,0
C0116,09,32,0002,Tehsil - Auraiya 0002,006213, 9 PAHARI,7,4,3,7,4,3,0,0,0
C0116,09,32,0002,Tehsil - Auraiya 0002,006242, 10 RAJASTHANI,26,12,14,12,5,7,14,7,7
C0116,09,32,0002,Tehsil - Auraiya 0002,006999,6 Others,4,3,1,3,2,1,1,1,0
C0116,09,32,0002,Tehsil - Auraiya 0002,007000,7 KANNADA,9,5,4,9,5,4,0,0,0
C0116,09,32,0002,Tehsil - Auraiya 0002,007013, 1 KANNADA,9,5,4,9,5,4,0,0,0
C0116,09,32,0002,Tehsil - Auraiya 0002,008000,8 KASHMIRI,5,2,3,5,2,3,0,0,0
C0116,09,32,0002,Tehsil - Auraiya 0002,008002, 1 KASHMIRI,5,2,3,5,2,3,0,0,0
C0116,09,32,0002,Tehsil - Auraiya 0002,009000,9 KONKANI,4,2,2,4,2,2,0,0,0
C0116,09,32,0002,Tehsil - Auraiya 0002,009010, 1 KONKANI,4,2,2,4,2,2,0,0,0
C0116,09,32,0002,Tehsil - Auraiya 0002,010000,10 MAITHILI,2,1,1,2,1,1,0,0,0
C0116,09,32,0002,Tehsil - Auraiya 0002,010006, 1 MAITHILI,2,1,1,2,1,1,0,0,0
C0116,09,32,0002,Tehsil - Auraiya 0002,011000,11 MALAYALAM,105,55,50,100,54,46,5,1,4
C0116,09,32,0002,Tehsil - Auraiya 0002,011013, 1 MALAYALAM,105,55,50,100,54,46,5,1,4
C0116,09,32,0002,Tehsil - Auraiya 0002,013000,13 MARATHI,59,31,28,53,26,27,6,5,1
C0116,09,32,0002,Tehsil - Auraiya 0002,013048, 1 MARATHI,59,31,28,53,26,27,6,5,1
C0116,09,32,0002,Tehsil - Auraiya 0002,014000,14 NEPALI,2284,1344,940,1751,1041,710,533,303,230
C0116,09,32,0002,Tehsil - Auraiya 0002,014009, 1 NEPALI,2284,1344,940,1751,1041,710,533,303,230
C0116,09,32,0002,Tehsil - Auraiya 0002,015000,15 ORIYA,32,18,14,32,18,14,0,0,0
C0116,09,32,0002,Tehsil - Auraiya 0002,015031, 1 ORIYA,32,18,14,32,18,14,0,0,0
C0116,09,32,0002,Tehsil - Auraiya 0002,016000,16 PUNJABI,241,115,126,106,50,56,135,65,70
C0116,09,32,0002,Tehsil - Auraiya 0002,016018, 1 PUNJABI,241,115,126,106,50,56,135,65,70
C0116,09,32,0002,Tehsil - Auraiya 0002,020000,20 TAMIL,108,60,48,108,60,48,0,0,0
C0116,09,32,0002,Tehsil - Auraiya 0002,020020, 1 TAMIL,108,60,48,108,60,48,0,0,0
C0116,09,32,0002,Tehsil - Auraiya 0002,021000,21 TELUGU,118,58,60,117,57,60,1,1,0
C0116,09,32,0002,Tehsil - Auraiya 0002,021035, 1 TELUGU,118,58,60,117,57,60,1,1,0
C0116,09,32,0002,Tehsil - Auraiya 0002,022000,22 URDU,26522,14091,12431,14564,7729,6835,11958,6362,5596
C0116,09,32,0002,Tehsil - Auraiya 0002,022014, 1 URDU,26522,14091,12431,14564,7729,6835,11958,6362,5596
C0116,09,32,0002,Tehsil - Auraiya 0002,040000,40 ENGLISH,31,19,12,30,19,11,1,0,1
C0116,09,32,0002,Tehsil - Auraiya 0002,040001, 1 ENGLISH,31,19,12,30,19,11,1,0,1
C0116,09,32,0002,Tehsil - Auraiya 0002,055000,55 KHASI,2,1,1,2,1,1,0,0,0
C0116,09,32,0002,Tehsil - Auraiya 0002,055006, 1 KHASI,2,1,1,2,1,1,0,0,0
C0116,09,32,0002,Tehsil - Auraiya 0002,123000,123 OTHERS,28,13,15,16,8,8,12,5,7
C0116,09,33,0000,District - Kanpur Dehat  33,002000,2 BENGALI,602,294,308,571,274,297,31,20,11
C0116,09,33,0000,District - Kanpur Dehat  33,002004, 1 BENGALI,602,294,308,571,274,297,31,20,11
C0116,09,33,0000,District - Kanpur Dehat  33,006000,6 HINDI,1545224,834757,710467,1439965,778371,661594,105259,56386,48873
C0116,09,33,0000,District - Kanpur Dehat  33,006008, 1 AWADHI,175,89,86,106,55,51,69,34,35
C0116,09,33,0000,District - Kanpur Dehat  33,006026, 2 BANJARI,48,21,27,48,21,27,0,0,0
C0116,09,33,0000,District - Kanpur Dehat  33,006045, 3 BHOJPURI,22,14,8,20,13,7,2,1,1
C0116,09,33,0000,District - Kanpur Dehat  33,006060, 4 BUNDELI/BUNDELKHANDI,47,28,19,41,23,18,6,5,1
C0116,09,33,0000,District - Kanpur Dehat  33,006072, 5 CHHATTISGARHI,540,281,259,540,281,259,0,0,0
C0116,09,33,0000,District - Kanpur Dehat  33,006095, 6 GARHWALI,9,6,3,5,4,1,4,2,2
C0116,09,33,0000,District - Kanpur Dehat  33,006118, 7 HINDI,1544319,834281,710038,1439141,777937,661204,105178,56344,48834
C0116,09,33,0000,District - Kanpur Dehat  33,006162, 8 KUMAUNI,1,1,0,1,1,0,0,0,0
C0116,09,33,0000,District - Kanpur Dehat  33,006195, 9 MEWARI,6,3,3,6,3,3,0,0,0
C0116,09,33,0000,District - Kanpur Dehat  33,006242, 10 RAJASTHANI,5,5,0,5,5,0,0,0,0
C0116,09,33,0000,District - Kanpur Dehat  33,006999,6 Others,52,28,24,52,28,24,0,0,0
C0116,09,33,0000,District - Kanpur Dehat  33,007000,7 KANNADA,4,3,1,4,3,1,0,0,0
C0116,09,33,0000,District - Kanpur Dehat  33,007013, 1 KANNADA,4,3,1,4,3,1,0,0,0
C0116,09,33,0000,District - Kanpur Dehat  33,010000,10 MAITHILI,1,1,0,1,1,0,0,0,0
C0116,09,33,0000,District - Kanpur Dehat  33,010006, 1 MAITHILI,1,1,0,1,1,0,0,0,0
C0116,09,33,0000,District - Kanpur Dehat  33,011000,11 MALAYALAM,2,1,1,2,1,1,0,0,0
C0116,09,33,0000,District - Kanpur Dehat  33,011013, 1 MALAYALAM,2,1,1,2,1,1,0,0,0
C0116,09,33,0000,District - Kanpur Dehat  33,013000,13 MARATHI,3,2,1,0,0,0,3,2,1
C0116,09,33,0000,District - Kanpur Dehat  33,013048, 1 MARATHI,3,2,1,0,0,0,3,2,1
C0116,09,33,0000,District - Kanpur Dehat  33,014000,14 NEPALI,129,68,61,123,65,58,6,3,3
C0116,09,33,0000,District - Kanpur Dehat  33,014009, 1 NEPALI,129,68,61,123,65,58,6,3,3
C0116,09,33,0000,District - Kanpur Dehat  33,016000,16 PUNJABI,18,11,7,9,5,4,9,6,3
C0116,09,33,0000,District - Kanpur Dehat  33,016018, 1 PUNJABI,16,10,6,7,4,3,9,6,3
C0116,09,33,0000,District - Kanpur Dehat  33,016999,16 Others,2,1,1,2,1,1,0,0,0
C0116,09,33,0000,District - Kanpur Dehat  33,020000,20 TAMIL,15,9,6,14,8,6,1,1,0
C0116,09,33,0000,District - Kanpur Dehat  33,020020, 1 TAMIL,15,9,6,14,8,6,1,1,0
C0116,09,33,0000,District - Kanpur Dehat  33,021000,21 TELUGU,1,1,0,1,1,0,0,0,0
C0116,09,33,0000,District - Kanpur Dehat  33,021999,21 Others,1,1,0,1,1,0,0,0,0
C0116,09,33,0000,District - Kanpur Dehat  33,022000,22 URDU,16977,9002,7975,14723,7812,6911,2254,1190,1064
C0116,09,33,0000,District - Kanpur Dehat  33,022014, 1 URDU,16977,9002,7975,14723,7812,6911,2254,1190,1064
C0116,09,33,0000,District - Kanpur Dehat  33,028000,28 ARABIC/ARBI,209,110,99,5,3,2,204,107,97
C0116,09,33,0000,District - Kanpur Dehat  33,028001, 1 ARABIC/ARBI,209,110,99,5,3,2,204,107,97
C0116,09,33,0000,District - Kanpur Dehat  33,040000,40 ENGLISH,105,58,47,105,58,47,0,0,0
C0116,09,33,0000,District - Kanpur Dehat  33,040001, 1 ENGLISH,105,58,47,105,58,47,0,0,0
C0116,09,33,0000,District - Kanpur Dehat  33,123000,123 OTHERS,46,22,24,46,22,24,0,0,0
C0116,09,33,0001,Tehsil - Rasulabad 0001,002000,2 BENGALI,548,266,282,548,266,282,0,0,0
C0116,09,33,0001,Tehsil - Rasulabad 0001,002004, 1 BENGALI,548,266,282,548,266,282,0,0,0
C0116,09,33,0001,Tehsil - Rasulabad 0001,006000,6 HINDI,274916,148829,126087,274916,148829,126087,0,0,0
C0116,09,33,0001,Tehsil - Rasulabad 0001,006060, 1 BUNDELI/BUNDELKHANDI,23,13,10,23,13,10,0,0,0
C0116,09,33,0001,Tehsil - Rasulabad 0001,006072, 2 CHHATTISGARHI,82,44,38,82,44,38,0,0,0
C0116,09,33,0001,Tehsil - Rasulabad 0001,006118, 3 HINDI,274810,148771,126039,274810,148771,126039,0,0,0
C0116,09,33,0001,Tehsil - Rasulabad 0001,006242, 4 RAJASTHANI,1,1,0,1,1,0,0,0,0
C0116,09,33,0001,Tehsil - Rasulabad 0001,014000,14 NEPALI,1,1,0,1,1,0,0,0,0
C0116,09,33,0001,Tehsil - Rasulabad 0001,014009, 1 NEPALI,1,1,0,1,1,0,0,0,0
C0116,09,33,0001,Tehsil - Rasulabad 0001,020000,20 TAMIL,1,0,1,1,0,1,0,0,0
C0116,09,33,0001,Tehsil - Rasulabad 0001,020020, 1 TAMIL,1,0,1,1,0,1,0,0,0
C0116,09,33,0001,Tehsil - Rasulabad 0001,022000,22 URDU,2315,1218,1097,2315,1218,1097,0,0,0
C0116,09,33,0001,Tehsil - Rasulabad 0001,022014, 1 URDU,2315,1218,1097,2315,1218,1097,0,0,0
C0116,09,33,0001,Tehsil - Rasulabad 0001,040000,40 ENGLISH,3,2,1,3,2,1,0,0,0
C0116,09,33,0001,Tehsil - Rasulabad 0001,040001, 1 ENGLISH,3,2,1,3,2,1,0,0,0
C0116,09,33,0002,Tehsil - Derapur 0002,006000,6 HINDI,241579,131019,110560,221416,120242,101174,20163,10777,9386
C0116,09,33,0002,Tehsil - Derapur 0002,006008, 1 AWADHI,69,34,35,0,0,0,69,34,35
C0116,09,33,0002,Tehsil - Derapur 0002,006095, 2 GARHWALI,4,2,2,0,0,0,4,2,2
C0116,09,33,0002,Tehsil - Derapur 0002,006118, 3 HINDI,241506,130983,110523,221416,120242,101174,20090,10741,9349
C0116,09,33,0002,Tehsil - Derapur 0002,014000,14 NEPALI,3,3,0,2,2,0,1,1,0
C0116,09,33,0002,Tehsil - Derapur 0002,014009, 1 NEPALI,3,3,0,2,2,0,1,1,0
C0116,09,33,0002,Tehsil - Derapur 0002,016000,16 PUNJABI,2,1,1,2,1,1,0,0,0
C0116,09,33,0002,Tehsil - Derapur 0002,016999,16 Others,2,1,1,2,1,1,0,0,0
C0116,09,33,0002,Tehsil - Derapur 0002,020000,20 TAMIL,1,1,0,0,0,0,1,1,0
C0116,09,33,0002,Tehsil - Derapur 0002,020020, 1 TAMIL,1,1,0,0,0,0,1,1,0
C0116,09,33,0002,Tehsil - Derapur 0002,022000,22 URDU,399,211,188,334,175,159,65,36,29
C0116,09,33,0002,Tehsil - Derapur 0002,022014, 1 URDU,399,211,188,334,175,159,65,36,29
C0116,09,33,0002,Tehsil - Derapur 0002,028000,28 ARABIC/ARBI,203,106,97,0,0,0,203,106,97
C0116,09,33,0002,Tehsil - Derapur 0002,028001, 1 ARABIC/ARBI,203,106,97,0,0,0,203,106,97
C0116,09,33,0003,Tehsil - Akbarpur 0003,002000,2 BENGALI,30,14,16,18,5,13,12,9,3
C0116,09,33,0003,Tehsil - Akbarpur 0003,002004, 1 BENGALI,30,14,16,18,5,13,12,9,3
C0116,09,33,0003,Tehsil - Akbarpur 0003,006000,6 HINDI,460201,248074,212127,421196,227190,194006,39005,20884,18121
C0116,09,33,0003,Tehsil - Akbarpur 0003,006008, 1 AWADHI,21,15,6,21,15,6,0,0,0
C0116,09,33,0003,Tehsil - Akbarpur 0003,006045, 2 BHOJPURI,17,13,4,17,13,4,0,0,0
C0116,09,33,0003,Tehsil - Akbarpur 0003,006060, 3 BUNDELI/BUNDELKHANDI,18,11,7,16,10,6,2,1,1
C0116,09,33,0003,Tehsil - Akbarpur 0003,006118, 4 HINDI,460089,248002,212087,421086,227119,193967,39003,20883,18120
C0116,09,33,0003,Tehsil - Akbarpur 0003,006162, 5 KUMAUNI,1,1,0,1,1,0,0,0,0
C0116,09,33,0003,Tehsil - Akbarpur 0003,006242, 6 RAJASTHANI,4,4,0,4,4,0,0,0,0
C0116,09,33,0003,Tehsil - Akbarpur 0003,006999,6 Others,51,28,23,51,28,23,0,0,0
C0116,09,33,0003,Tehsil - Akbarpur 0003,010000,10 MAITHILI,1,1,0,1,1,0,0,0,0
C0116,09,33,0003,Tehsil - Akbarpur 0003,010006, 1 MAITHILI,1,1,0,1,1,0,0,0,0
C0116,09,33,0003,Tehsil - Akbarpur 0003,011000,11 MALAYALAM,2,1,1,2,1,1,0,0,0
C0116,09,33,0003,Tehsil - Akbarpur 0003,011013, 1 MALAYALAM,2,1,1,2,1,1,0,0,0
C0116,09,33,0003,Tehsil - Akbarpur 0003,013000,13 MARATHI,2,1,1,0,0,0,2,1,1
C0116,09,33,0003,Tehsil - Akbarpur 0003,013048, 1 MARATHI,2,1,1,0,0,0,2,1,1
C0116,09,33,0003,Tehsil - Akbarpur 0003,014000,14 NEPALI,62,33,29,58,31,27,4,2,2
C0116,09,33,0003,Tehsil - Akbarpur 0003,014009, 1 NEPALI,62,33,29,58,31,27,4,2,2
C0116,09,33,0003,Tehsil - Akbarpur 0003,016000,16 PUNJABI,7,4,3,7,4,3,0,0,0
C0116,09,33,0003,Tehsil - Akbarpur 0003,016018, 1 PUNJABI,7,4,3,7,4,3,0,0,0
C0116,09,33,0003,Tehsil - Akbarpur 0003,020000,20 TAMIL,12,7,5,12,7,5,0,0,0
C0116,09,33,0003,Tehsil - Akbarpur 0003,020020, 1 TAMIL,12,7,5,12,7,5,0,0,0
C0116,09,33,0003,Tehsil - Akbarpur 0003,021000,21 TELUGU,1,1,0,1,1,0,0,0,0
C0116,09,33,0003,Tehsil - Akbarpur 0003,021999,21 Others,1,1,0,1,1,0,0,0,0
C0116,09,33,0003,Tehsil - Akbarpur 0003,022000,22 URDU,2754,1464,1290,2106,1136,970,648,328,320
C0116,09,33,0003,Tehsil - Akbarpur 0003,022014, 1 URDU,2754,1464,1290,2106,1136,970,648,328,320
C0116,09,33,0003,Tehsil - Akbarpur 0003,028000,28 ARABIC/ARBI,6,4,2,5,3,2,1,1,0
C0116,09,33,0003,Tehsil - Akbarpur 0003,028001, 1 ARABIC/ARBI,6,4,2,5,3,2,1,1,0
C0116,09,33,0003,Tehsil - Akbarpur 0003,040000,40 ENGLISH,98,53,45,98,53,45,0,0,0
C0116,09,33,0003,Tehsil - Akbarpur 0003,040001, 1 ENGLISH,98,53,45,98,53,45,0,0,0
C0116,09,33,0004,Tehsil - Bhognipur 0004,002000,2 BENGALI,24,14,10,5,3,2,19,11,8
C0116,09,33,0004,Tehsil - Bhognipur 0004,002004, 1 BENGALI,24,14,10,5,3,2,19,11,8
C0116,09,33,0004,Tehsil - Bhognipur 0004,006000,6 HINDI,327520,176142,151378,292130,157130,135000,35390,19012,16378
C0116,09,33,0004,Tehsil - Bhognipur 0004,006045, 1 BHOJPURI,2,1,1,0,0,0,2,1,1
C0116,09,33,0004,Tehsil - Bhognipur 0004,006060, 2 BUNDELI/BUNDELKHANDI,5,4,1,1,0,1,4,4,0
C0116,09,33,0004,Tehsil - Bhognipur 0004,006072, 3 CHHATTISGARHI,458,237,221,458,237,221,0,0,0
C0116,09,33,0004,Tehsil - Bhognipur 0004,006095, 4 GARHWALI,5,4,1,5,4,1,0,0,0
C0116,09,33,0004,Tehsil - Bhognipur 0004,006118, 5 HINDI,327049,175896,151153,291665,156889,134776,35384,19007,16377
C0116,09,33,0004,Tehsil - Bhognipur 0004,006999,6 Others,1,0,1,1,0,1,0,0,0
C0116,09,33,0004,Tehsil - Bhognipur 0004,007000,7 KANNADA,4,3,1,4,3,1,0,0,0
C0116,09,33,0004,Tehsil - Bhognipur 0004,007013, 1 KANNADA,4,3,1,4,3,1,0,0,0
C0116,09,33,0004,Tehsil - Bhognipur 0004,013000,13 MARATHI,1,1,0,0,0,0,1,1,0
C0116,09,33,0004,Tehsil - Bhognipur 0004,013048, 1 MARATHI,1,1,0,0,0,0,1,1,0
C0116,09,33,0004,Tehsil - Bhognipur 0004,014000,14 NEPALI,9,5,4,8,5,3,1,0,1
C0116,09,33,0004,Tehsil - Bhognipur 0004,014009, 1 NEPALI,9,5,4,8,5,3,1,0,1
C0116,09,33,0004,Tehsil - Bhognipur 0004,016000,16 PUNJABI,9,6,3,0,0,0,9,6,3
C0116,09,33,0004,Tehsil - Bhognipur 0004,016018, 1 PUNJABI,9,6,3,0,0,0,9,6,3
C0116,09,33,0004,Tehsil - Bhognipur 0004,020000,20 TAMIL,1,1,0,1,1,0,0,0,0
C0116,09,33,0004,Tehsil - Bhognipur 0004,020020, 1 TAMIL,1,1,0,1,1,0,0,0,0
C0116,09,33,0004,Tehsil - Bhognipur 0004,022000,22 URDU,7134,3764,3370,5770,3026,2744,1364,738,626
C0116,09,33,0004,Tehsil - Bhognipur 0004,022014, 1 URDU,7134,3764,3370,5770,3026,2744,1364,738,626
C0116,09,33,0004,Tehsil - Bhognipur 0004,040000,40 ENGLISH,4,3,1,4,3,1,0,0,0
C0116,09,33,0004,Tehsil - Bhognipur 0004,040001, 1 ENGLISH,4,3,1,4,3,1,0,0,0
C0116,09,33,0004,Tehsil - Bhognipur 0004,123000,123 OTHERS,46,22,24,46,22,24,0,0,0
C0116,09,33,0005,Tehsil - Sikandra ** 0005,006000,6 HINDI,241008,130693,110315,230307,124980,105327,10701,5713,4988
C0116,09,33,0005,Tehsil - Sikandra ** 0005,006008, 1 AWADHI,85,40,45,85,40,45,0,0,0
C0116,09,33,0005,Tehsil - Sikandra ** 0005,006026, 2 BANJARI,48,21,27,48,21,27,0,0,0
C0116,09,33,0005,Tehsil - Sikandra ** 0005,006045, 3 BHOJPURI,3,0,3,3,0,3,0,0,0
C0116,09,33,0005,Tehsil - Sikandra ** 0005,006060, 4 BUNDELI/BUNDELKHANDI,1,0,1,1,0,1,0,0,0
C0116,09,33,0005,Tehsil - Sikandra ** 0005,006118, 5 HINDI,240865,130629,110236,230164,124916,105248,10701,5713,4988
C0116,09,33,0005,Tehsil - Sikandra ** 0005,006195, 6 MEWARI,6,3,3,6,3,3,0,0,0
C0116,09,33,0005,Tehsil - Sikandra ** 0005,014000,14 NEPALI,54,26,28,54,26,28,0,0,0
C0116,09,33,0005,Tehsil - Sikandra ** 0005,014009, 1 NEPALI,54,26,28,54,26,28,0,0,0
C0116,09,33,0005,Tehsil - Sikandra ** 0005,022000,22 URDU,4375,2345,2030,4198,2257,1941,177,88,89
C0116,09,33,0005,Tehsil - Sikandra ** 0005,022014, 1 URDU,4375,2345,2030,4198,2257,1941,177,88,89
C0116,09,34,0000,District - Kanpur Nagar  34,001000,1 ASSAMESE,82,47,35,0,0,0,82,47,35
C0116,09,34,0000,District - Kanpur Nagar  34,001002, 1 ASSAMESE,82,47,35,0,0,0,82,47,35
C0116,09,34,0000,District - Kanpur Nagar  34,002000,2 BENGALI,8044,4136,3908,1059,528,531,6985,3608,3377
C0116,09,34,0000,District - Kanpur Nagar  34,002004, 1 BENGALI,8044,4136,3908,1059,528,531,6985,3608,3377
C0116,09,34,0000,District - Kanpur Nagar  34,003000,3 BODO,4,3,1,0,0,0,4,3,1
C0116,09,34,0000,District - Kanpur Nagar  34,003001, 1 BODO,4,3,1,0,0,0,4,3,1
C0116,09,34,0000,District - Kanpur Nagar  34,004000,4 DOGRI,76,63,13,6,6,0,70,57,13
C0116,09,34,0000,District - Kanpur Nagar  34,004001, 1 DOGRI,76,63,13,6,6,0,70,57,13
C0116,09,34,0000,District - Kanpur Nagar  34,005000,5 GUJARATI,465,267,198,11,7,4,454,260,194
C0116,09,34,0000,District - Kanpur Nagar  34,005011, 1 GUJARATI,461,265,196,11,7,4,450,258,192
C0116,09,34,0000,District - Kanpur Nagar  34,005012, 2 GUJRAO/GUJRAU,2,1,1,0,0,0,2,1,1
C0116,09,34,0000,District - Kanpur Nagar  34,005999,5 Others,2,1,1,0,0,0,2,1,1
C0116,09,34,0000,District - Kanpur Nagar  34,006000,6 HINDI,3740918,2020847,1720071,1359628,732369,627259,2381290,1288478,1092812
C0116,09,34,0000,District - Kanpur Nagar  34,006008, 1 AWADHI,101,59,42,0,0,0,101,59,42
C0116,09,34,0000,District - Kanpur Nagar  34,006016, 2 BAGHELI/BAGHEL KHANDI,6,3,3,6,3,3,0,0,0
C0116,09,34,0000,District - Kanpur Nagar  34,006045, 3 BHOJPURI,1418,796,622,318,176,142,1100,620,480
C0116,09,34,0000,District - Kanpur Nagar  34,006059, 4 BRAJBHASHA,10,5,5,1,0,1,9,5,4
C0116,09,34,0000,District - Kanpur Nagar  34,006060, 5 BUNDELI/BUNDELKHANDI,1201,624,577,17,10,7,1184,614,570
C0116,09,34,0000,District - Kanpur Nagar  34,006072, 6 CHHATTISGARHI,740,451,289,152,83,69,588,368,220
C0116,09,34,0000,District - Kanpur Nagar  34,006095, 7 GARHWALI,310,162,148,6,5,1,304,157,147
C0116,09,34,0000,District - Kanpur Nagar  34,006117, 8 HARYANVI,65,36,29,0,0,0,65,36,29
C0116,09,34,0000,District - Kanpur Nagar  34,006118, 9 HINDI,3736127,2018210,1717917,1358770,731900,626870,2377357,1286310,1091047
C0116,09,34,0000,District - Kanpur Nagar  34,006127, 10 JAUNSARI,5,4,1,1,1,0,4,3,1
C0116,09,34,0000,District - Kanpur Nagar  34,006148, 11 KHARI BOLI,14,7,7,0,0,0,14,7,7
C0116,09,34,0000,District - Kanpur Nagar  34,006162, 12 KUMAUNI,98,52,46,1,1,0,97,51,46
C0116,09,34,0000,District - Kanpur Nagar  34,006165, 13 KURMALI THAR,6,4,2,0,0,0,6,4,2
C0116,09,34,0000,District - Kanpur Nagar  34,006179, 14 MAGADHI/MAGAHI,19,6,13,0,0,0,19,6,13
C0116,09,34,0000,District - Kanpur Nagar  34,006192, 15 MARWARI,183,94,89,50,26,24,133,68,65
C0116,09,34,0000,District - Kanpur Nagar  34,006195, 16 MEWARI,2,2,0,0,0,0,2,2,0
C0116,09,34,0000,District - Kanpur Nagar  34,006213, 17 PAHARI,25,13,12,0,0,0,25,13,12
C0116,09,34,0000,District - Kanpur Nagar  34,006242, 18 RAJASTHANI,140,71,69,17,6,11,123,65,58
C0116,09,34,0000,District - Kanpur Nagar  34,006999,6 Others,448,248,200,289,158,131,159,90,69
C0116,09,34,0000,District - Kanpur Nagar  34,007000,7 KANNADA,126,80,46,0,0,0,126,80,46
C0116,09,34,0000,District - Kanpur Nagar  34,007013, 1 KANNADA,125,79,46,0,0,0,125,79,46
C0116,09,34,0000,District - Kanpur Nagar  34,007999,7 Others,1,1,0,0,0,0,1,1,0
C0116,09,34,0000,District - Kanpur Nagar  34,008000,8 KASHMIRI,66,33,33,0,0,0,66,33,33
C0116,09,34,0000,District - Kanpur Nagar  34,008002, 1 KASHMIRI,65,33,32,0,0,0,65,33,32
C0116,09,34,0000,District - Kanpur Nagar  34,008999,8 Others,1,0,1,0,0,0,1,0,1
C0116,09,34,0000,District - Kanpur Nagar  34,009000,9 KONKANI,30,18,12,0,0,0,30,18,12
C0116,09,34,0000,District - Kanpur Nagar  34,009010, 1 KONKANI,30,18,12,0,0,0,30,18,12
C0116,09,34,0000,District - Kanpur Nagar  34,010000,10 MAITHILI,273,157,116,0,0,0,273,157,116
C0116,09,34,0000,District - Kanpur Nagar  34,010006, 1 MAITHILI,273,157,116,0,0,0,273,157,116
C0116,09,34,0000,District - Kanpur Nagar  34,011000,11 MALAYALAM,1140,545,595,11,6,5,1129,539,590
C0116,09,34,0000,District - Kanpur Nagar  34,011013, 1 MALAYALAM,1134,542,592,11,6,5,1123,536,587
C0116,09,34,0000,District - Kanpur Nagar  34,011999,11 Others,6,3,3,0,0,0,6,3,3
C0116,09,34,0000,District - Kanpur Nagar  34,012000,12 MANIPURI,9,7,2,0,0,0,9,7,2
C0116,09,34,0000,District - Kanpur Nagar  34,012002, 1 MANIPURI,9,7,2,0,0,0,9,7,2
C0116,09,34,0000,District - Kanpur Nagar  34,013000,13 MARATHI,673,351,322,1,1,0,672,350,322
C0116,09,34,0000,District - Kanpur Nagar  34,013048, 1 MARATHI,673,351,322,1,1,0,672,350,322
C0116,09,34,0000,District - Kanpur Nagar  34,014000,14 NEPALI,2012,1271,741,94,79,15,1918,1192,726
C0116,09,34,0000,District - Kanpur Nagar  34,014009, 1 NEPALI,2012,1271,741,94,79,15,1918,1192,726
C0116,09,34,0000,District - Kanpur Nagar  34,015000,15 ORIYA,473,305,168,0,0,0,473,305,168
C0116,09,34,0000,District - Kanpur Nagar  34,015031, 1 ORIYA,469,302,167,0,0,0,469,302,167
C0116,09,34,0000,District - Kanpur Nagar  34,015999,15 Others,4,3,1,0,0,0,4,3,1
C0116,09,34,0000,District - Kanpur Nagar  34,016000,16 PUNJABI,28932,15306,13626,68,40,28,28864,15266,13598
C0116,09,34,0000,District - Kanpur Nagar  34,016018, 1 PUNJABI,28689,15173,13516,68,40,28,28621,15133,13488
C0116,09,34,0000,District - Kanpur Nagar  34,016999,16 Others,243,133,110,0,0,0,243,133,110
C0116,09,34,0000,District - Kanpur Nagar  34,017000,17 SANSKRIT,14,9,5,0,0,0,14,9,5
C0116,09,34,0000,District - Kanpur Nagar  34,017002, 1 SANSKRIT,14,9,5,0,0,0,14,9,5
C0116,09,34,0000,District - Kanpur Nagar  34,019000,19 SINDHI,7801,3922,3879,4,3,1,7797,3919,3878
C0116,09,34,0000,District - Kanpur Nagar  34,019013, 1 SINDHI,7801,3922,3879,4,3,1,7797,3919,3878
C0116,09,34,0000,District - Kanpur Nagar  34,020000,20 TAMIL,555,319,236,1,1,0,554,318,236
C0116,09,34,0000,District - Kanpur Nagar  34,020020, 1 TAMIL,553,317,236,1,1,0,552,316,236
C0116,09,34,0000,District - Kanpur Nagar  34,020999,20 Others,2,2,0,0,0,0,2,2,0
C0116,09,34,0000,District - Kanpur Nagar  34,021000,21 TELUGU,581,385,196,1,1,0,580,384,196
C0116,09,34,0000,District - Kanpur Nagar  34,021035, 1 TELUGU,581,385,196,1,1,0,580,384,196
C0116,09,34,0000,District - Kanpur Nagar  34,022000,22 URDU,373603,198049,175554,9535,4995,4540,364068,193054,171014
C0116,09,34,0000,District - Kanpur Nagar  34,022014, 1 URDU,373603,198049,175554,9535,4995,4540,364068,193054,171014
C0116,09,34,0000,District - Kanpur Nagar  34,028000,28 ARABIC/ARBI,144,75,69,1,1,0,143,74,69
C0116,09,34,0000,District - Kanpur Nagar  34,028001, 1 ARABIC/ARBI,144,75,69,1,1,0,143,74,69
C0116,09,34,0000,District - Kanpur Nagar  34,030000,30 BHILI/BHILODI,1,0,1,0,0,0,1,0,1
C0116,09,34,0000,District - Kanpur Nagar  34,030027, 1 KOKNA/KOKNI/KUKNA,1,0,1,0,0,0,1,0,1
C0116,09,34,0000,District - Kanpur Nagar  34,031000,31 BHOTIA,2,1,1,0,0,0,2,1,1
C0116,09,34,0000,District - Kanpur Nagar  34,031001, 1 BHOTIA,2,1,1,0,0,0,2,1,1
C0116,09,34,0000,District - Kanpur Nagar  34,040000,40 ENGLISH,1238,637,601,8,3,5,1230,634,596
C0116,09,34,0000,District - Kanpur Nagar  34,040001, 1 ENGLISH,1238,637,601,8,3,5,1230,634,596
C0116,09,34,0000,District - Kanpur Nagar  34,044000,44 GONDI,91,50,41,0,0,0,91,50,41
C0116,09,34,0000,District - Kanpur Nagar  34,044999,44 Others,91,50,41,0,0,0,91,50,41
C0116,09,34,0000,District - Kanpur Nagar  34,072000,72 KURUKH/ORAON,5,0,5,0,0,0,5,0,5
C0116,09,34,0000,District - Kanpur Nagar  34,072009, 1 KURUKH/ORAON,5,0,5,0,0,0,5,0,5
C0116,09,34,0000,District - Kanpur Nagar  34,082000,82 LUSHAI/MIZO,17,8,9,0,0,0,17,8,9
C0116,09,34,0000,District - Kanpur Nagar  34,082003, 1 LUSHAI/MIZO,17,8,9,0,0,0,17,8,9
C0116,09,34,0000,District - Kanpur Nagar  34,090000,90 MUNDA,32,15,17,32,15,17,0,0,0
C0116,09,34,0000,District - Kanpur Nagar  34,090006, 1 MUNDA,32,15,17,32,15,17,0,0,0
C0116,09,34,0000,District - Kanpur Nagar  34,092000,92 NICOBARESE,2,1,1,0,0,0,2,1,1
C0116,09,34,0000,District - Kanpur Nagar  34,092001, 1 NICOBARESE,2,1,1,0,0,0,2,1,1
C0116,09,34,0000,District - Kanpur Nagar  34,098000,98 PERSIAN,13,8,5,0,0,0,13,8,5
C0116,09,34,0000,District - Kanpur Nagar  34,098001, 1 PERSIAN,13,8,5,0,0,0,13,8,5
C0116,09,34,0000,District - Kanpur Nagar  34,116000,116 TULU,4,1,3,0,0,0,4,1,3
C0116,09,34,0000,District - Kanpur Nagar  34,116009, 1 TULU,4,1,3,0,0,0,4,1,3
C0116,09,34,0000,District - Kanpur Nagar  34,123000,123 OTHERS,573,300,273,28,17,11,545,283,262
C0116,09,34,0001,Tehsil - Bilhaur 0001,002000,2 BENGALI,16,7,9,3,1,2,13,6,7
C0116,09,34,0001,Tehsil - Bilhaur 0001,002004, 1 BENGALI,16,7,9,3,1,2,13,6,7
C0116,09,34,0001,Tehsil - Bilhaur 0001,005000,5 GUJARATI,4,1,3,4,1,3,0,0,0
C0116,09,34,0001,Tehsil - Bilhaur 0001,005011, 1 GUJARATI,4,1,3,4,1,3,0,0,0
C0116,09,34,0001,Tehsil - Bilhaur 0001,006000,6 HINDI,454890,245677,209213,420297,227074,193223,34593,18603,15990
C0116,09,34,0001,Tehsil - Bilhaur 0001,006016, 1 BAGHELI/BAGHEL KHANDI,6,3,3,6,3,3,0,0,0
C0116,09,34,0001,Tehsil - Bilhaur 0001,006045, 2 BHOJPURI,7,3,4,7,3,4,0,0,0
C0116,09,34,0001,Tehsil - Bilhaur 0001,006059, 3 BRAJBHASHA,1,0,1,1,0,1,0,0,0
C0116,09,34,0001,Tehsil - Bilhaur 0001,006060, 4 BUNDELI/BUNDELKHANDI,5,3,2,5,3,2,0,0,0
C0116,09,34,0001,Tehsil - Bilhaur 0001,006072, 5 CHHATTISGARHI,72,40,32,72,40,32,0,0,0
C0116,09,34,0001,Tehsil - Bilhaur 0001,006095, 6 GARHWALI,3,2,1,3,2,1,0,0,0
C0116,09,34,0001,Tehsil - Bilhaur 0001,006118, 7 HINDI,454588,245512,209076,419995,226909,193086,34593,18603,15990
C0116,09,34,0001,Tehsil - Bilhaur 0001,006999,6 Others,208,114,94,208,114,94,0,0,0
C0116,09,34,0001,Tehsil - Bilhaur 0001,011000,11 MALAYALAM,2,1,1,2,1,1,0,0,0
C0116,09,34,0001,Tehsil - Bilhaur 0001,011013, 1 MALAYALAM,2,1,1,2,1,1,0,0,0
C0116,09,34,0001,Tehsil - Bilhaur 0001,014000,14 NEPALI,80,73,7,80,73,7,0,0,0
C0116,09,34,0001,Tehsil - Bilhaur 0001,014009, 1 NEPALI,80,73,7,80,73,7,0,0,0
C0116,09,34,0001,Tehsil - Bilhaur 0001,016000,16 PUNJABI,9,4,5,8,3,5,1,1,0
C0116,09,34,0001,Tehsil - Bilhaur 0001,016018, 1 PUNJABI,9,4,5,8,3,5,1,1,0
C0116,09,34,0001,Tehsil - Bilhaur 0001,019000,19 SINDHI,2,2,0,2,2,0,0,0,0
C0116,09,34,0001,Tehsil - Bilhaur 0001,019013, 1 SINDHI,2,2,0,2,2,0,0,0,0
C0116,09,34,0001,Tehsil - Bilhaur 0001,021000,21 TELUGU,1,1,0,1,1,0,0,0,0
C0116,09,34,0001,Tehsil - Bilhaur 0001,021035, 1 TELUGU,1,1,0,1,1,0,0,0,0
C0116,09,34,0001,Tehsil - Bilhaur 0001,022000,22 URDU,8560,4423,4137,6505,3353,3152,2055,1070,985
C0116,09,34,0001,Tehsil - Bilhaur 0001,022014, 1 URDU,8560,4423,4137,6505,3353,3152,2055,1070,985
C0116,09,34,0001,Tehsil - Bilhaur 0001,028000,28 ARABIC/ARBI,3,3,0,1,1,0,2,2,0
C0116,09,34,0001,Tehsil - Bilhaur 0001,028001, 1 ARABIC/ARBI,3,3,0,1,1,0,2,2,0
C0116,09,34,0001,Tehsil - Bilhaur 0001,040000,40 ENGLISH,5,1,4,5,1,4,0,0,0
C0116,09,34,0001,Tehsil - Bilhaur 0001,040001, 1 ENGLISH,5,1,4,5,1,4,0,0,0
C0116,09,34,0001,Tehsil - Bilhaur 0001,123000,123 OTHERS,5,3,2,3,3,0,2,0,2
C0116,09,34,0002,Tehsil - Kanpur 0002,001000,1 ASSAMESE,82,47,35,0,0,0,82,47,35
C0116,09,34,0002,Tehsil - Kanpur 0002,001002, 1 ASSAMESE,82,47,35,0,0,0,82,47,35
C0116,09,34,0002,Tehsil - Kanpur 0002,002000,2 BENGALI,8021,4127,3894,1051,526,525,6970,3601,3369
C0116,09,34,0002,Tehsil - Kanpur 0002,002004, 1 BENGALI,8021,4127,3894,1051,526,525,6970,3601,3369
C0116,09,34,0002,Tehsil - Kanpur 0002,003000,3 BODO,4,3,1,0,0,0,4,3,1
C0116,09,34,0002,Tehsil - Kanpur 0002,003001, 1 BODO,4,3,1,0,0,0,4,3,1
C0116,09,34,0002,Tehsil - Kanpur 0002,004000,4 DOGRI,76,63,13,6,6,0,70,57,13
C0116,09,34,0002,Tehsil - Kanpur 0002,004001, 1 DOGRI,76,63,13,6,6,0,70,57,13
C0116,09,34,0002,Tehsil - Kanpur 0002,005000,5 GUJARATI,461,266,195,7,6,1,454,260,194
C0116,09,34,0002,Tehsil - Kanpur 0002,005011, 1 GUJARATI,457,264,193,7,6,1,450,258,192
C0116,09,34,0002,Tehsil - Kanpur 0002,005012, 2 GUJRAO/GUJRAU,2,1,1,0,0,0,2,1,1
C0116,09,34,0002,Tehsil - Kanpur 0002,005999,5 Others,2,1,1,0,0,0,2,1,1
C0116,09,34,0002,Tehsil - Kanpur 0002,006000,6 HINDI,2777314,1502008,1275306,460387,247967,212420,2316927,1254041,1062886
C0116,09,34,0002,Tehsil - Kanpur 0002,006008, 1 AWADHI,101,59,42,0,0,0,101,59,42
C0116,09,34,0002,Tehsil - Kanpur 0002,006045, 2 BHOJPURI,1410,792,618,310,172,138,1100,620,480
C0116,09,34,0002,Tehsil - Kanpur 0002,006059, 3 BRAJBHASHA,9,5,4,0,0,0,9,5,4
C0116,09,34,0002,Tehsil - Kanpur 0002,006060, 4 BUNDELI/BUNDELKHANDI,1192,619,573,10,6,4,1182,613,569
C0116,09,34,0002,Tehsil - Kanpur 0002,006072, 5 CHHATTISGARHI,588,368,220,0,0,0,588,368,220
C0116,09,34,0002,Tehsil - Kanpur 0002,006095, 6 GARHWALI,307,160,147,3,3,0,304,157,147
C0116,09,34,0002,Tehsil - Kanpur 0002,006117, 7 HARYANVI,65,36,29,0,0,0,65,36,29
C0116,09,34,0002,Tehsil - Kanpur 0002,006118, 8 HINDI,2773059,1499658,1273401,460062,247784,212278,2312997,1251874,1061123
C0116,09,34,0002,Tehsil - Kanpur 0002,006127, 9 JAUNSARI,5,4,1,1,1,0,4,3,1
C0116,09,34,0002,Tehsil - Kanpur 0002,006148, 10 KHARI BOLI,14,7,7,0,0,0,14,7,7
C0116,09,34,0002,Tehsil - Kanpur 0002,006162, 11 KUMAUNI,98,52,46,1,1,0,97,51,46
C0116,09,34,0002,Tehsil - Kanpur 0002,006165, 12 KURMALI THAR,6,4,2,0,0,0,6,4,2
C0116,09,34,0002,Tehsil - Kanpur 0002,006179, 13 MAGADHI/MAGAHI,19,6,13,0,0,0,19,6,13
C0116,09,34,0002,Tehsil - Kanpur 0002,006192, 14 MARWARI,133,68,65,0,0,0,133,68,65
C0116,09,34,0002,Tehsil - Kanpur 0002,006195, 15 MEWARI,2,2,0,0,0,0,2,2,0
C0116,09,34,0002,Tehsil - Kanpur 0002,006213, 16 PAHARI,25,13,12,0,0,0,25,13,12
C0116,09,34,0002,Tehsil - Kanpur 0002,006242, 17 RAJASTHANI,122,65,57,0,0,0,122,65,57
C0116,09,34,0002,Tehsil - Kanpur 0002,006999,6 Others,159,90,69,0,0,0,159,90,69
C0116,09,34,0002,Tehsil - Kanpur 0002,007000,7 KANNADA,126,80,46,0,0,0,126,80,46
C0116,09,34,0002,Tehsil - Kanpur 0002,007013, 1 KANNADA,125,79,46,0,0,0,125,79,46
C0116,09,34,0002,Tehsil - Kanpur 0002,007999,7 Others,1,1,0,0,0,0,1,1,0
C0116,09,34,0002,Tehsil - Kanpur 0002,008000,8 KASHMIRI,66,33,33,0,0,0,66,33,33
C0116,09,34,0002,Tehsil - Kanpur 0002,008002, 1 KASHMIRI,65,33,32,0,0,0,65,33,32
C0116,09,34,0002,Tehsil - Kanpur 0002,008999,8 Others,1,0,1,0,0,0,1,0,1
C0116,09,34,0002,Tehsil - Kanpur 0002,009000,9 KONKANI,30,18,12,0,0,0,30,18,12
C0116,09,34,0002,Tehsil - Kanpur 0002,009010, 1 KONKANI,30,18,12,0,0,0,30,18,12
C0116,09,34,0002,Tehsil - Kanpur 0002,010000,10 MAITHILI,273,157,116,0,0,0,273,157,116
C0116,09,34,0002,Tehsil - Kanpur 0002,010006, 1 MAITHILI,273,157,116,0,0,0,273,157,116
C0116,09,34,0002,Tehsil - Kanpur 0002,011000,11 MALAYALAM,1138,544,594,9,5,4,1129,539,590
C0116,09,34,0002,Tehsil - Kanpur 0002,011013, 1 MALAYALAM,1132,541,591,9,5,4,1123,536,587
C0116,09,34,0002,Tehsil - Kanpur 0002,011999,11 Others,6,3,3,0,0,0,6,3,3
C0116,09,34,0002,Tehsil - Kanpur 0002,012000,12 MANIPURI,9,7,2,0,0,0,9,7,2
C0116,09,34,0002,Tehsil - Kanpur 0002,012002, 1 MANIPURI,9,7,2,0,0,0,9,7,2
C0116,09,34,0002,Tehsil - Kanpur 0002,013000,13 MARATHI,673,351,322,1,1,0,672,350,322
C0116,09,34,0002,Tehsil - Kanpur 0002,013048, 1 MARATHI,673,351,322,1,1,0,672,350,322
C0116,09,34,0002,Tehsil - Kanpur 0002,014000,14 NEPALI,1923,1194,729,6,3,3,1917,1191,726
C0116,09,34,0002,Tehsil - Kanpur 0002,014009, 1 NEPALI,1923,1194,729,6,3,3,1917,1191,726
C0116,09,34,0002,Tehsil - Kanpur 0002,015000,15 ORIYA,473,305,168,0,0,0,473,305,168
C0116,09,34,0002,Tehsil - Kanpur 0002,015031, 1 ORIYA,469,302,167,0,0,0,469,302,167
C0116,09,34,0002,Tehsil - Kanpur 0002,015999,15 Others,4,3,1,0,0,0,4,3,1
C0116,09,34,0002,Tehsil - Kanpur 0002,016000,16 PUNJABI,28898,15288,13610,44,29,15,28854,15259,13595
C0116,09,34,0002,Tehsil - Kanpur 0002,016018, 1 PUNJABI,28655,15155,13500,44,29,15,28611,15126,13485
C0116,09,34,0002,Tehsil - Kanpur 0002,016999,16 Others,243,133,110,0,0,0,243,133,110
C0116,09,34,0002,Tehsil - Kanpur 0002,017000,17 SANSKRIT,14,9,5,0,0,0,14,9,5
C0116,09,34,0002,Tehsil - Kanpur 0002,017002, 1 SANSKRIT,14,9,5,0,0,0,14,9,5
C0116,09,34,0002,Tehsil - Kanpur 0002,019000,19 SINDHI,7797,3919,3878,0,0,0,7797,3919,3878
C0116,09,34,0002,Tehsil - Kanpur 0002,019013, 1 SINDHI,7797,3919,3878,0,0,0,7797,3919,3878
C0116,09,34,0002,Tehsil - Kanpur 0002,020000,20 TAMIL,551,317,234,0,0,0,551,317,234
C0116,09,34,0002,Tehsil - Kanpur 0002,020020, 1 TAMIL,549,315,234,0,0,0,549,315,234
C0116,09,34,0002,Tehsil - Kanpur 0002,020999,20 Others,2,2,0,0,0,0,2,2,0
C0116,09,34,0002,Tehsil - Kanpur 0002,021000,21 TELUGU,580,384,196,0,0,0,580,384,196
C0116,09,34,0002,Tehsil - Kanpur 0002,021035, 1 TELUGU,580,384,196,0,0,0,580,384,196
C0116,09,34,0002,Tehsil - Kanpur 0002,022000,22 URDU,358646,190254,168392,2486,1362,1124,356160,188892,167268
C0116,09,34,0002,Tehsil - Kanpur 0002,022014, 1 URDU,358646,190254,168392,2486,1362,1124,356160,188892,167268
C0116,09,34,0002,Tehsil - Kanpur 0002,028000,28 ARABIC/ARBI,141,72,69,0,0,0,141,72,69
C0116,09,34,0002,Tehsil - Kanpur 0002,028001, 1 ARABIC/ARBI,141,72,69,0,0,0,141,72,69
C0116,09,34,0002,Tehsil - Kanpur 0002,030000,30 BHILI/BHILODI,1,0,1,0,0,0,1,0,1
C0116,09,34,0002,Tehsil - Kanpur 0002,030027, 1 KOKNA/KOKNI/KUKNA,1,0,1,0,0,0,1,0,1
C0116,09,34,0002,Tehsil - Kanpur 0002,031000,31 BHOTIA,2,1,1,0,0,0,2,1,1
C0116,09,34,0002,Tehsil - Kanpur 0002,031001, 1 BHOTIA,2,1,1,0,0,0,2,1,1
C0116,09,34,0002,Tehsil - Kanpur 0002,040000,40 ENGLISH,1232,636,596,2,2,0,1230,634,596
C0116,09,34,0002,Tehsil - Kanpur 0002,040001, 1 ENGLISH,1232,636,596,2,2,0,1230,634,596
C0116,09,34,0002,Tehsil - Kanpur 0002,044000,44 GONDI,91,50,41,0,0,0,91,50,41
C0116,09,34,0002,Tehsil - Kanpur 0002,044999,44 Others,91,50,41,0,0,0,91,50,41
C0116,09,34,0002,Tehsil - Kanpur 0002,072000,72 KURUKH/ORAON,5,0,5,0,0,0,5,0,5
C0116,09,34,0002,Tehsil - Kanpur 0002,072009, 1 KURUKH/ORAON,5,0,5,0,0,0,5,0,5
C0116,09,34,0002,Tehsil - Kanpur 0002,082000,82 LUSHAI/MIZO,17,8,9,0,0,0,17,8,9
C0116,09,34,0002,Tehsil - Kanpur 0002,082003, 1 LUSHAI/MIZO,17,8,9,0,0,0,17,8,9
C0116,09,34,0002,Tehsil - Kanpur 0002,090000,90 MUNDA,32,15,17,32,15,17,0,0,0
C0116,09,34,0002,Tehsil - Kanpur 0002,090006, 1 MUNDA,32,15,17,32,15,17,0,0,0
C0116,09,34,0002,Tehsil - Kanpur 0002,092000,92 NICOBARESE,2,1,1,0,0,0,2,1,1
C0116,09,34,0002,Tehsil - Kanpur 0002,092001, 1 NICOBARESE,2,1,1,0,0,0,2,1,1
C0116,09,34,0002,Tehsil - Kanpur 0002,098000,98 PERSIAN,13,8,5,0,0,0,13,8,5
C0116,09,34,0002,Tehsil - Kanpur 0002,098001, 1 PERSIAN,13,8,5,0,0,0,13,8,5
C0116,09,34,0002,Tehsil - Kanpur 0002,116000,116 TULU,4,1,3,0,0,0,4,1,3
C0116,09,34,0002,Tehsil - Kanpur 0002,116009, 1 TULU,4,1,3,0,0,0,4,1,3
C0116,09,34,0002,Tehsil - Kanpur 0002,123000,123 OTHERS,568,297,271,25,14,11,543,283,260
C0116,09,34,0003,Tehsil - Ghatampur 0003,002000,2 BENGALI,7,2,5,5,1,4,2,1,1
C0116,09,34,0003,Tehsil - Ghatampur 0003,002004, 1 BENGALI,7,2,5,5,1,4,2,1,1
C0116,09,34,0003,Tehsil - Ghatampur 0003,006000,6 HINDI,508714,273162,235552,478944,257328,221616,29770,15834,13936
C0116,09,34,0003,Tehsil - Ghatampur 0003,006045, 1 BHOJPURI,1,1,0,1,1,0,0,0,0
C0116,09,34,0003,Tehsil - Ghatampur 0003,006060, 2 BUNDELI/BUNDELKHANDI,4,2,2,2,1,1,2,1,1
C0116,09,34,0003,Tehsil - Ghatampur 0003,006072, 3 CHHATTISGARHI,80,43,37,80,43,37,0,0,0
C0116,09,34,0003,Tehsil - Ghatampur 0003,006118, 4 HINDI,508480,273040,235440,478713,257207,221506,29767,15833,13934
C0116,09,34,0003,Tehsil - Ghatampur 0003,006192, 5 MARWARI,50,26,24,50,26,24,0,0,0
C0116,09,34,0003,Tehsil - Ghatampur 0003,006242, 6 RAJASTHANI,18,6,12,17,6,11,1,0,1
C0116,09,34,0003,Tehsil - Ghatampur 0003,006999,6 Others,81,44,37,81,44,37,0,0,0
C0116,09,34,0003,Tehsil - Ghatampur 0003,014000,14 NEPALI,9,4,5,8,3,5,1,1,0
C0116,09,34,0003,Tehsil - Ghatampur 0003,014009, 1 NEPALI,9,4,5,8,3,5,1,1,0
C0116,09,34,0003,Tehsil - Ghatampur 0003,016000,16 PUNJABI,25,14,11,16,8,8,9,6,3
C0116,09,34,0003,Tehsil - Ghatampur 0003,016018, 1 PUNJABI,25,14,11,16,8,8,9,6,3
C0116,09,34,0003,Tehsil - Ghatampur 0003,019000,19 SINDHI,2,1,1,2,1,1,0,0,0
C0116,09,34,0003,Tehsil - Ghatampur 0003,019013, 1 SINDHI,2,1,1,2,1,1,0,0,0
C0116,09,34,0003,Tehsil - Ghatampur 0003,020000,20 TAMIL,4,2,2,1,1,0,3,1,2
C0116,09,34,0003,Tehsil - Ghatampur 0003,020020, 1 TAMIL,4,2,2,1,1,0,3,1,2
C0116,09,34,0003,Tehsil - Ghatampur 0003,022000,22 URDU,6397,3372,3025,544,280,264,5853,3092,2761
C0116,09,34,0003,Tehsil - Ghatampur 0003,022014, 1 URDU,6397,3372,3025,544,280,264,5853,3092,2761
C0116,09,34,0003,Tehsil - Ghatampur 0003,040000,40 ENGLISH,1,0,1,1,0,1,0,0,0
C0116,09,34,0003,Tehsil - Ghatampur 0003,040001, 1 ENGLISH,1,0,1,1,0,1,0,0,0
C0116,09,35,0000,District - Jalaun  35,002000,2 BENGALI,51,32,19,0,0,0,51,32,19
C0116,09,35,0000,District - Jalaun  35,002004, 1 BENGALI,51,32,19,0,0,0,51,32,19
C0116,09,35,0000,District - Jalaun  35,005000,5 GUJARATI,7,3,4,1,1,0,6,2,4
C0116,09,35,0000,District - Jalaun  35,005011, 1 GUJARATI,7,3,4,1,1,0,6,2,4
C0116,09,35,0000,District - Jalaun  35,006000,6 HINDI,1393376,754580,638796,1099516,596827,502689,293860,157753,136107
C0116,09,35,0000,District - Jalaun  35,006045, 1 BHOJPURI,21,14,7,13,9,4,8,5,3
C0116,09,35,0000,District - Jalaun  35,006060, 2 BUNDELI/BUNDELKHANDI,794,442,352,787,437,350,7,5,2
C0116,09,35,0000,District - Jalaun  35,006095, 3 GARHWALI,4,3,1,3,3,0,1,0,1
C0116,09,35,0000,District - Jalaun  35,006118, 4 HINDI,1392392,754041,638351,1098604,596324,502280,293788,157717,136071
C0116,09,35,0000,District - Jalaun  35,006127, 5 JAUNSARI,1,1,0,0,0,0,1,1,0
C0116,09,35,0000,District - Jalaun  35,006148, 6 KHARI BOLI,9,5,4,1,1,0,8,4,4
C0116,09,35,0000,District - Jalaun  35,006162, 7 KUMAUNI,1,0,1,0,0,0,1,0,1
C0116,09,35,0000,District - Jalaun  35,006187, 8 MALVI,1,1,0,1,1,0,0,0,0
C0116,09,35,0000,District - Jalaun  35,006192, 9 MARWARI,21,11,10,0,0,0,21,11,10
C0116,09,35,0000,District - Jalaun  35,006242, 10 RAJASTHANI,124,57,67,101,48,53,23,9,14
C0116,09,35,0000,District - Jalaun  35,006999,6 Others,8,5,3,6,4,2,2,1,1
C0116,09,35,0000,District - Jalaun  35,011000,11 MALAYALAM,6,2,4,0,0,0,6,2,4
C0116,09,35,0000,District - Jalaun  35,011013, 1 MALAYALAM,6,2,4,0,0,0,6,2,4
C0116,09,35,0000,District - Jalaun  35,013000,13 MARATHI,45,20,25,13,7,6,32,13,19
C0116,09,35,0000,District - Jalaun  35,013048, 1 MARATHI,45,20,25,13,7,6,32,13,19
C0116,09,35,0000,District - Jalaun  35,014000,14 NEPALI,2613,1374,1239,2052,1071,981,561,303,258
C0116,09,35,0000,District - Jalaun  35,014009, 1 NEPALI,2613,1374,1239,2052,1071,981,561,303,258
C0116,09,35,0000,District - Jalaun  35,015000,15 ORIYA,1,0,1,0,0,0,1,0,1
C0116,09,35,0000,District - Jalaun  35,015031, 1 ORIYA,1,0,1,0,0,0,1,0,1
C0116,09,35,0000,District - Jalaun  35,016000,16 PUNJABI,93,55,38,1,1,0,92,54,38
C0116,09,35,0000,District - Jalaun  35,016018, 1 PUNJABI,90,53,37,1,1,0,89,52,37
C0116,09,35,0000,District - Jalaun  35,016999,16 Others,3,2,1,0,0,0,3,2,1
C0116,09,35,0000,District - Jalaun  35,017000,17 SANSKRIT,1,1,0,1,1,0,0,0,0
C0116,09,35,0000,District - Jalaun  35,017002, 1 SANSKRIT,1,1,0,1,1,0,0,0,0
C0116,09,35,0000,District - Jalaun  35,019000,19 SINDHI,571,286,285,0,0,0,571,286,285
C0116,09,35,0000,District - Jalaun  35,019013, 1 SINDHI,571,286,285,0,0,0,571,286,285
C0116,09,35,0000,District - Jalaun  35,020000,20 TAMIL,61,42,19,60,41,19,1,1,0
C0116,09,35,0000,District - Jalaun  35,020020, 1 TAMIL,61,42,19,60,41,19,1,1,0
C0116,09,35,0000,District - Jalaun  35,021000,21 TELUGU,14,8,6,0,0,0,14,8,6
C0116,09,35,0000,District - Jalaun  35,021035, 1 TELUGU,14,8,6,0,0,0,14,8,6
C0116,09,35,0000,District - Jalaun  35,022000,22 URDU,57500,30175,27325,12275,6339,5936,45225,23836,21389
C0116,09,35,0000,District - Jalaun  35,022014, 1 URDU,57500,30175,27325,12275,6339,5936,45225,23836,21389
C0116,09,35,0000,District - Jalaun  35,028000,28 ARABIC/ARBI,2,2,0,2,2,0,0,0,0
C0116,09,35,0000,District - Jalaun  35,028001, 1 ARABIC/ARBI,2,2,0,2,2,0,0,0,0
C0116,09,35,0000,District - Jalaun  35,040000,40 ENGLISH,97,53,44,4,4,0,93,49,44
C0116,09,35,0000,District - Jalaun  35,040001, 1 ENGLISH,97,53,44,4,4,0,93,49,44
C0116,09,35,0000,District - Jalaun  35,044000,44 GONDI,1,1,0,0,0,0,1,1,0
C0116,09,35,0000,District - Jalaun  35,044999,44 Others,1,1,0,0,0,0,1,1,0
C0116,09,35,0000,District - Jalaun  35,068000,68 KORWA,3,3,0,0,0,0,3,3,0
C0116,09,35,0000,District - Jalaun  35,068999,68 Others,3,3,0,0,0,0,3,3,0
C0116,09,35,0000,District - Jalaun  35,123000,123 OTHERS,10,4,6,1,1,0,9,3,6
C0116,09,35,0001,Tehsil - Madhogarh ** 0001,002000,2 BENGALI,6,5,1,0,0,0,6,5,1
C0116,09,35,0001,Tehsil - Madhogarh ** 0001,002004, 1 BENGALI,6,5,1,0,0,0,6,5,1
C0116,09,35,0001,Tehsil - Madhogarh ** 0001,006000,6 HINDI,288598,156823,131775,259282,140956,118326,29316,15867,13449
C0116,09,35,0001,Tehsil - Madhogarh ** 0001,006045, 1 BHOJPURI,1,1,0,1,1,0,0,0,0
C0116,09,35,0001,Tehsil - Madhogarh ** 0001,006118, 2 HINDI,288529,156790,131739,259228,140927,118301,29301,15863,13438
C0116,09,35,0001,Tehsil - Madhogarh ** 0001,006187, 3 MALVI,1,1,0,1,1,0,0,0,0
C0116,09,35,0001,Tehsil - Madhogarh ** 0001,006242, 4 RAJASTHANI,61,27,34,46,23,23,15,4,11
C0116,09,35,0001,Tehsil - Madhogarh ** 0001,006999,6 Others,6,4,2,6,4,2,0,0,0
C0116,09,35,0001,Tehsil - Madhogarh ** 0001,011000,11 MALAYALAM,1,0,1,0,0,0,1,0,1
C0116,09,35,0001,Tehsil - Madhogarh ** 0001,011013, 1 MALAYALAM,1,0,1,0,0,0,1,0,1
C0116,09,35,0001,Tehsil - Madhogarh ** 0001,014000,14 NEPALI,596,333,263,558,308,250,38,25,13
C0116,09,35,0001,Tehsil - Madhogarh ** 0001,014009, 1 NEPALI,596,333,263,558,308,250,38,25,13
C0116,09,35,0001,Tehsil - Madhogarh ** 0001,020000,20 TAMIL,1,1,0,1,1,0,0,0,0
C0116,09,35,0001,Tehsil - Madhogarh ** 0001,020020, 1 TAMIL,1,1,0,1,1,0,0,0,0
C0116,09,35,0001,Tehsil - Madhogarh ** 0001,022000,22 URDU,7477,3871,3606,7327,3784,3543,150,87,63
C0116,09,35,0001,Tehsil - Madhogarh ** 0001,022014, 1 URDU,7477,3871,3606,7327,3784,3543,150,87,63
C0116,09,35,0001,Tehsil - Madhogarh ** 0001,040000,40 ENGLISH,2,2,0,2,2,0,0,0,0
C0116,09,35,0001,Tehsil - Madhogarh ** 0001,040001, 1 ENGLISH,2,2,0,2,2,0,0,0,0
C0116,09,35,0002,Tehsil - Jalaun 0002,002000,2 BENGALI,2,1,1,0,0,0,2,1,1
C0116,09,35,0002,Tehsil - Jalaun 0002,002004, 1 BENGALI,2,1,1,0,0,0,2,1,1
C0116,09,35,0002,Tehsil - Jalaun 0002,006000,6 HINDI,236295,127379,108916,196362,106053,90309,39933,21326,18607
C0116,09,35,0002,Tehsil - Jalaun 0002,006045, 1 BHOJPURI,9,6,3,7,4,3,2,2,0
C0116,09,35,0002,Tehsil - Jalaun 0002,006060, 2 BUNDELI/BUNDELKHANDI,53,27,26,53,27,26,0,0,0
C0116,09,35,0002,Tehsil - Jalaun 0002,006118, 3 HINDI,236181,127322,108859,196271,106009,90262,39910,21313,18597
C0116,09,35,0002,Tehsil - Jalaun 0002,006192, 4 MARWARI,21,11,10,0,0,0,21,11,10
C0116,09,35,0002,Tehsil - Jalaun 0002,006242, 5 RAJASTHANI,31,13,18,31,13,18,0,0,0
C0116,09,35,0002,Tehsil - Jalaun 0002,013000,13 MARATHI,19,10,9,8,5,3,11,5,6
C0116,09,35,0002,Tehsil - Jalaun 0002,013048, 1 MARATHI,19,10,9,8,5,3,11,5,6
C0116,09,35,0002,Tehsil - Jalaun 0002,014000,14 NEPALI,597,311,286,513,270,243,84,41,43
C0116,09,35,0002,Tehsil - Jalaun 0002,014009, 1 NEPALI,597,311,286,513,270,243,84,41,43
C0116,09,35,0002,Tehsil - Jalaun 0002,016000,16 PUNJABI,15,10,5,0,0,0,15,10,5
C0116,09,35,0002,Tehsil - Jalaun 0002,016018, 1 PUNJABI,15,10,5,0,0,0,15,10,5
C0116,09,35,0002,Tehsil - Jalaun 0002,020000,20 TAMIL,51,34,17,51,34,17,0,0,0
C0116,09,35,0002,Tehsil - Jalaun 0002,020020, 1 TAMIL,51,34,17,51,34,17,0,0,0
C0116,09,35,0002,Tehsil - Jalaun 0002,022000,22 URDU,10661,5619,5042,649,298,351,10012,5321,4691
C0116,09,35,0002,Tehsil - Jalaun 0002,022014, 1 URDU,10661,5619,5042,649,298,351,10012,5321,4691
C0116,09,35,0003,Tehsil - Kalpi 0003,002000,2 BENGALI,14,8,6,0,0,0,14,8,6
C0116,09,35,0003,Tehsil - Kalpi 0003,002004, 1 BENGALI,14,8,6,0,0,0,14,8,6
C0116,09,35,0003,Tehsil - Kalpi 0003,005000,5 GUJARATI,6,2,4,0,0,0,6,2,4
C0116,09,35,0003,Tehsil - Kalpi 0003,005011, 1 GUJARATI,6,2,4,0,0,0,6,2,4
C0116,09,35,0003,Tehsil - Kalpi 0003,006000,6 HINDI,300023,163684,136339,260392,142440,117952,39631,21244,18387
C0116,09,35,0003,Tehsil - Kalpi 0003,006045, 1 BHOJPURI,10,7,3,5,4,1,5,3,2
C0116,09,35,0003,Tehsil - Kalpi 0003,006060, 2 BUNDELI/BUNDELKHANDI,650,364,286,650,364,286,0,0,0
C0116,09,35,0003,Tehsil - Kalpi 0003,006095, 3 GARHWALI,3,3,0,3,3,0,0,0,0
C0116,09,35,0003,Tehsil - Kalpi 0003,006118, 4 HINDI,299324,163291,136033,259709,142056,117653,39615,21235,18380
C0116,09,35,0003,Tehsil - Kalpi 0003,006127, 5 JAUNSARI,1,1,0,0,0,0,1,1,0
C0116,09,35,0003,Tehsil - Kalpi 0003,006148, 6 KHARI BOLI,1,1,0,1,1,0,0,0,0
C0116,09,35,0003,Tehsil - Kalpi 0003,006162, 7 KUMAUNI,1,0,1,0,0,0,1,0,1
C0116,09,35,0003,Tehsil - Kalpi 0003,006242, 8 RAJASTHANI,32,17,15,24,12,12,8,5,3
C0116,09,35,0003,Tehsil - Kalpi 0003,006999,6 Others,1,0,1,0,0,0,1,0,1
C0116,09,35,0003,Tehsil - Kalpi 0003,013000,13 MARATHI,1,0,1,1,0,1,0,0,0
C0116,09,35,0003,Tehsil - Kalpi 0003,013048, 1 MARATHI,1,0,1,1,0,1,0,0,0
C0116,09,35,0003,Tehsil - Kalpi 0003,014000,14 NEPALI,595,317,278,587,313,274,8,4,4
C0116,09,35,0003,Tehsil - Kalpi 0003,014009, 1 NEPALI,595,317,278,587,313,274,8,4,4
C0116,09,35,0003,Tehsil - Kalpi 0003,016000,16 PUNJABI,10,6,4,1,1,0,9,5,4
C0116,09,35,0003,Tehsil - Kalpi 0003,016018, 1 PUNJABI,10,6,4,1,1,0,9,5,4
C0116,09,35,0003,Tehsil - Kalpi 0003,017000,17 SANSKRIT,1,1,0,1,1,0,0,0,0
C0116,09,35,0003,Tehsil - Kalpi 0003,017002, 1 SANSKRIT,1,1,0,1,1,0,0,0,0
C0116,09,35,0003,Tehsil - Kalpi 0003,019000,19 SINDHI,33,20,13,0,0,0,33,20,13
C0116,09,35,0003,Tehsil - Kalpi 0003,019013, 1 SINDHI,33,20,13,0,0,0,33,20,13
C0116,09,35,0003,Tehsil - Kalpi 0003,020000,20 TAMIL,1,1,0,1,1,0,0,0,0
C0116,09,35,0003,Tehsil - Kalpi 0003,020020, 1 TAMIL,1,1,0,1,1,0,0,0,0
C0116,09,35,0003,Tehsil - Kalpi 0003,022000,22 URDU,19782,10401,9381,3949,2079,1870,15833,8322,7511
C0116,09,35,0003,Tehsil - Kalpi 0003,022014, 1 URDU,19782,10401,9381,3949,2079,1870,15833,8322,7511
C0116,09,35,0003,Tehsil - Kalpi 0003,040000,40 ENGLISH,6,4,2,2,2,0,4,2,2
C0116,09,35,0003,Tehsil - Kalpi 0003,040001, 1 ENGLISH,6,4,2,2,2,0,4,2,2
C0116,09,35,0003,Tehsil - Kalpi 0003,123000,123 OTHERS,10,4,6,1,1,0,9,3,6
C0116,09,35,0004,Tehsil - Orai 0004,002000,2 BENGALI,21,12,9,0,0,0,21,12,9
C0116,09,35,0004,Tehsil - Orai 0004,002004, 1 BENGALI,21,12,9,0,0,0,21,12,9
C0116,09,35,0004,Tehsil - Orai 0004,005000,5 GUJARATI,1,1,0,1,1,0,0,0,0
C0116,09,35,0004,Tehsil - Orai 0004,005011, 1 GUJARATI,1,1,0,1,1,0,0,0,0
C0116,09,35,0004,Tehsil - Orai 0004,006000,6 HINDI,311356,168053,143303,176717,95678,81039,134639,72375,62264
C0116,09,35,0004,Tehsil - Orai 0004,006060, 1 BUNDELI/BUNDELKHANDI,71,41,30,66,37,29,5,4,1
C0116,09,35,0004,Tehsil - Orai 0004,006095, 2 GARHWALI,1,0,1,0,0,0,1,0,1
C0116,09,35,0004,Tehsil - Orai 0004,006118, 3 HINDI,311276,168008,143268,176651,95641,81010,134625,72367,62258
C0116,09,35,0004,Tehsil - Orai 0004,006148, 4 KHARI BOLI,8,4,4,0,0,0,8,4,4
C0116,09,35,0004,Tehsil - Orai 0004,011000,11 MALAYALAM,5,2,3,0,0,0,5,2,3
C0116,09,35,0004,Tehsil - Orai 0004,011013, 1 MALAYALAM,5,2,3,0,0,0,5,2,3
C0116,09,35,0004,Tehsil - Orai 0004,013000,13 MARATHI,20,9,11,3,2,1,17,7,10
C0116,09,35,0004,Tehsil - Orai 0004,013048, 1 MARATHI,20,9,11,3,2,1,17,7,10
C0116,09,35,0004,Tehsil - Orai 0004,014000,14 NEPALI,441,221,220,140,65,75,301,156,145
C0116,09,35,0004,Tehsil - Orai 0004,014009, 1 NEPALI,441,221,220,140,65,75,301,156,145
C0116,09,35,0004,Tehsil - Orai 0004,015000,15 ORIYA,1,0,1,0,0,0,1,0,1
C0116,09,35,0004,Tehsil - Orai 0004,015031, 1 ORIYA,1,0,1,0,0,0,1,0,1
C0116,09,35,0004,Tehsil - Orai 0004,016000,16 PUNJABI,68,39,29,0,0,0,68,39,29
C0116,09,35,0004,Tehsil - Orai 0004,016018, 1 PUNJABI,65,37,28,0,0,0,65,37,28
C0116,09,35,0004,Tehsil - Orai 0004,016999,16 Others,3,2,1,0,0,0,3,2,1
C0116,09,35,0004,Tehsil - Orai 0004,019000,19 SINDHI,537,265,272,0,0,0,537,265,272
C0116,09,35,0004,Tehsil - Orai 0004,019013, 1 SINDHI,537,265,272,0,0,0,537,265,272
C0116,09,35,0004,Tehsil - Orai 0004,020000,20 TAMIL,8,6,2,7,5,2,1,1,0
C0116,09,35,0004,Tehsil - Orai 0004,020020, 1 TAMIL,8,6,2,7,5,2,1,1,0
C0116,09,35,0004,Tehsil - Orai 0004,021000,21 TELUGU,14,8,6,0,0,0,14,8,6
C0116,09,35,0004,Tehsil - Orai 0004,021035, 1 TELUGU,14,8,6,0,0,0,14,8,6
C0116,09,35,0004,Tehsil - Orai 0004,022000,22 URDU,11996,6291,5705,300,156,144,11696,6135,5561
C0116,09,35,0004,Tehsil - Orai 0004,022014, 1 URDU,11996,6291,5705,300,156,144,11696,6135,5561
C0116,09,35,0004,Tehsil - Orai 0004,028000,28 ARABIC/ARBI,1,1,0,1,1,0,0,0,0
C0116,09,35,0004,Tehsil - Orai 0004,028001, 1 ARABIC/ARBI,1,1,0,1,1,0,0,0,0
C0116,09,35,0004,Tehsil - Orai 0004,040000,40 ENGLISH,89,47,42,0,0,0,89,47,42
C0116,09,35,0004,Tehsil - Orai 0004,040001, 1 ENGLISH,89,47,42,0,0,0,89,47,42
C0116,09,35,0004,Tehsil - Orai 0004,044000,44 GONDI,1,1,0,0,0,0,1,1,0
C0116,09,35,0004,Tehsil - Orai 0004,044999,44 Others,1,1,0,0,0,0,1,1,0
C0116,09,35,0004,Tehsil - Orai 0004,068000,68 KORWA,3,3,0,0,0,0,3,3,0
C0116,09,35,0004,Tehsil - Orai 0004,068999,68 Others,3,3,0,0,0,0,3,3,0
C0116,09,35,0005,Tehsil - Konch 0005,002000,2 BENGALI,8,6,2,0,0,0,8,6,2
C0116,09,35,0005,Tehsil - Konch 0005,002004, 1 BENGALI,8,6,2,0,0,0,8,6,2
C0116,09,35,0005,Tehsil - Konch 0005,006000,6 HINDI,257104,138641,118463,206763,111700,95063,50341,26941,23400
C0116,09,35,0005,Tehsil - Konch 0005,006045, 1 BHOJPURI,1,0,1,0,0,0,1,0,1
C0116,09,35,0005,Tehsil - Konch 0005,006060, 2 BUNDELI/BUNDELKHANDI,20,10,10,18,9,9,2,1,1
C0116,09,35,0005,Tehsil - Konch 0005,006118, 3 HINDI,257082,138630,118452,206745,111691,95054,50337,26939,23398
C0116,09,35,0005,Tehsil - Konch 0005,006999,6 Others,1,1,0,0,0,0,1,1,0
C0116,09,35,0005,Tehsil - Konch 0005,013000,13 MARATHI,5,1,4,1,0,1,4,1,3
C0116,09,35,0005,Tehsil - Konch 0005,013048, 1 MARATHI,5,1,4,1,0,1,4,1,3
C0116,09,35,0005,Tehsil - Konch 0005,014000,14 NEPALI,384,192,192,254,115,139,130,77,53
C0116,09,35,0005,Tehsil - Konch 0005,014009, 1 NEPALI,384,192,192,254,115,139,130,77,53
C0116,09,35,0005,Tehsil - Konch 0005,019000,19 SINDHI,1,1,0,0,0,0,1,1,0
C0116,09,35,0005,Tehsil - Konch 0005,019013, 1 SINDHI,1,1,0,0,0,0,1,1,0
C0116,09,35,0005,Tehsil - Konch 0005,022000,22 URDU,7584,3993,3591,50,22,28,7534,3971,3563
C0116,09,35,0005,Tehsil - Konch 0005,022014, 1 URDU,7584,3993,3591,50,22,28,7534,3971,3563
C0116,09,35,0005,Tehsil - Konch 0005,028000,28 ARABIC/ARBI,1,1,0,1,1,0,0,0,0
C0116,09,35,0005,Tehsil - Konch 0005,028001, 1 ARABIC/ARBI,1,1,0,1,1,0,0,0,0
C0116,09,36,0000,District - Jhansi  36,001000,1 ASSAMESE,259,198,61,0,0,0,259,198,61
C0116,09,36,0000,District - Jhansi  36,001002, 1 ASSAMESE,259,198,61,0,0,0,259,198,61
C0116,09,36,0000,District - Jhansi  36,002000,2 BENGALI,1234,770,464,85,51,34,1149,719,430
C0116,09,36,0000,District - Jhansi  36,002004, 1 BENGALI,1233,769,464,85,51,34,1148,718,430
C0116,09,36,0000,District - Jhansi  36,002999,2 Others,1,1,0,0,0,0,1,1,0
C0116,09,36,0000,District - Jhansi  36,004000,4 DOGRI,264,197,67,0,0,0,264,197,67
C0116,09,36,0000,District - Jhansi  36,004001, 1 DOGRI,264,197,67,0,0,0,264,197,67
C0116,09,36,0000,District - Jhansi  36,005000,5 GUJARATI,468,263,205,2,1,1,466,262,204
C0116,09,36,0000,District - Jhansi  36,005011, 1 GUJARATI,412,236,176,2,1,1,410,235,175
C0116,09,36,0000,District - Jhansi  36,005012, 2 GUJRAO/GUJRAU,53,25,28,0,0,0,53,25,28
C0116,09,36,0000,District - Jhansi  36,005999,5 Others,3,2,1,0,0,0,3,2,1
C0116,09,36,0000,District - Jhansi  36,006000,6 HINDI,1706757,911689,795068,1031785,551650,480135,674972,360039,314933
C0116,09,36,0000,District - Jhansi  36,006008, 1 AWADHI,192,107,85,185,101,84,7,6,1
C0116,09,36,0000,District - Jhansi  36,006045, 2 BHOJPURI,606,363,243,98,53,45,508,310,198
C0116,09,36,0000,District - Jhansi  36,006059, 3 BRAJBHASHA,4,3,1,0,0,0,4,3,1
C0116,09,36,0000,District - Jhansi  36,006060, 4 BUNDELI/BUNDELKHANDI,98183,52273,45910,93054,49534,43520,5129,2739,2390
C0116,09,36,0000,District - Jhansi  36,006072, 5 CHHATTISGARHI,8,2,6,0,0,0,8,2,6
C0116,09,36,0000,District - Jhansi  36,006095, 6 GARHWALI,84,44,40,9,4,5,75,40,35
C0116,09,36,0000,District - Jhansi  36,006117, 7 HARYANVI,206,121,85,0,0,0,206,121,85
C0116,09,36,0000,District - Jhansi  36,006118, 8 HINDI,1607031,858539,748492,938259,501870,436389,668772,356669,312103
C0116,09,36,0000,District - Jhansi  36,006127, 9 JAUNSARI,3,0,3,1,0,1,2,0,2
C0116,09,36,0000,District - Jhansi  36,006138, 10 KANGRI,1,1,0,0,0,0,1,1,0
C0116,09,36,0000,District - Jhansi  36,006148, 11 KHARI BOLI,31,12,19,0,0,0,31,12,19
C0116,09,36,0000,District - Jhansi  36,006162, 12 KUMAUNI,82,45,37,11,7,4,71,38,33
C0116,09,36,0000,District - Jhansi  36,006179, 13 MAGADHI/MAGAHI,1,1,0,0,0,0,1,1,0
C0116,09,36,0000,District - Jhansi  36,006192, 14 MARWARI,43,24,19,16,10,6,27,14,13
C0116,09,36,0000,District - Jhansi  36,006195, 15 MEWARI,17,7,10,17,7,10,0,0,0
C0116,09,36,0000,District - Jhansi  36,006213, 16 PAHARI,21,13,8,9,6,3,12,7,5
C0116,09,36,0000,District - Jhansi  36,006242, 17 RAJASTHANI,202,110,92,121,56,65,81,54,27
C0116,09,36,0000,District - Jhansi  36,006251, 18 SADAN/SADRI,4,0,4,0,0,0,4,0,4
C0116,09,36,0000,District - Jhansi  36,006999,6 Others,38,24,14,5,2,3,33,22,11
C0116,09,36,0000,District - Jhansi  36,007000,7 KANNADA,387,235,152,147,75,72,240,160,80
C0116,09,36,0000,District - Jhansi  36,007013, 1 KANNADA,385,233,152,147,75,72,238,158,80
C0116,09,36,0000,District - Jhansi  36,007999,7 Others,2,2,0,0,0,0,2,2,0
C0116,09,36,0000,District - Jhansi  36,008000,8 KASHMIRI,4,2,2,3,1,2,1,1,0
C0116,09,36,0000,District - Jhansi  36,008002, 1 KASHMIRI,4,2,2,3,1,2,1,1,0
C0116,09,36,0000,District - Jhansi  36,009000,9 KONKANI,6,6,0,1,1,0,5,5,0
C0116,09,36,0000,District - Jhansi  36,009010, 1 KONKANI,6,6,0,1,1,0,5,5,0
C0116,09,36,0000,District - Jhansi  36,010000,10 MAITHILI,16,9,7,0,0,0,16,9,7
C0116,09,36,0000,District - Jhansi  36,010006, 1 MAITHILI,16,9,7,0,0,0,16,9,7
C0116,09,36,0000,District - Jhansi  36,011000,11 MALAYALAM,1266,790,476,10,3,7,1256,787,469
C0116,09,36,0000,District - Jhansi  36,011013, 1 MALAYALAM,1262,786,476,10,3,7,1252,783,469
C0116,09,36,0000,District - Jhansi  36,011999,11 Others,4,4,0,0,0,0,4,4,0
C0116,09,36,0000,District - Jhansi  36,012000,12 MANIPURI,24,19,5,0,0,0,24,19,5
C0116,09,36,0000,District - Jhansi  36,012002, 1 MANIPURI,24,19,5,0,0,0,24,19,5
C0116,09,36,0000,District - Jhansi  36,013000,13 MARATHI,1844,1095,749,33,19,14,1811,1076,735
C0116,09,36,0000,District - Jhansi  36,013048, 1 MARATHI,1844,1095,749,33,19,14,1811,1076,735
C0116,09,36,0000,District - Jhansi  36,014000,14 NEPALI,616,341,275,353,192,161,263,149,114
C0116,09,36,0000,District - Jhansi  36,014009, 1 NEPALI,616,341,275,353,192,161,263,149,114
C0116,09,36,0000,District - Jhansi  36,015000,15 ORIYA,370,233,137,21,2,19,349,231,118
C0116,09,36,0000,District - Jhansi  36,015031, 1 ORIYA,368,232,136,21,2,19,347,230,117
C0116,09,36,0000,District - Jhansi  36,015999,15 Others,2,1,1,0,0,0,2,1,1
C0116,09,36,0000,District - Jhansi  36,016000,16 PUNJABI,3037,1908,1129,32,17,15,3005,1891,1114
C0116,09,36,0000,District - Jhansi  36,016018, 1 PUNJABI,3031,1906,1125,32,17,15,2999,1889,1110
C0116,09,36,0000,District - Jhansi  36,016999,16 Others,6,2,4,0,0,0,6,2,4
C0116,09,36,0000,District - Jhansi  36,017000,17 SANSKRIT,6,2,4,0,0,0,6,2,4
C0116,09,36,0000,District - Jhansi  36,017002, 1 SANSKRIT,6,2,4,0,0,0,6,2,4
C0116,09,36,0000,District - Jhansi  36,018000,18 SANTALI,2,1,1,0,0,0,2,1,1
C0116,09,36,0000,District - Jhansi  36,018013, 1 SANTALI,2,1,1,0,0,0,2,1,1
C0116,09,36,0000,District - Jhansi  36,019000,19 SINDHI,890,443,447,0,0,0,890,443,447
C0116,09,36,0000,District - Jhansi  36,019013, 1 SINDHI,890,443,447,0,0,0,890,443,447
C0116,09,36,0000,District - Jhansi  36,020000,20 TAMIL,1221,808,413,91,49,42,1130,759,371
C0116,09,36,0000,District - Jhansi  36,020020, 1 TAMIL,1215,803,412,91,49,42,1124,754,370
C0116,09,36,0000,District - Jhansi  36,020999,20 Others,6,5,1,0,0,0,6,5,1
C0116,09,36,0000,District - Jhansi  36,021000,21 TELUGU,645,396,249,19,10,9,626,386,240
C0116,09,36,0000,District - Jhansi  36,021035, 1 TELUGU,645,396,249,19,10,9,626,386,240
C0116,09,36,0000,District - Jhansi  36,022000,22 URDU,24393,12767,11626,353,178,175,24040,12589,11451
C0116,09,36,0000,District - Jhansi  36,022014, 1 URDU,24393,12767,11626,353,178,175,24040,12589,11451
C0116,09,36,0000,District - Jhansi  36,028000,28 ARABIC/ARBI,3,3,0,0,0,0,3,3,0
C0116,09,36,0000,District - Jhansi  36,028001, 1 ARABIC/ARBI,3,3,0,0,0,0,3,3,0
C0116,09,36,0000,District - Jhansi  36,030000,30 BHILI/BHILODI,5,2,3,0,0,0,5,2,3
C0116,09,36,0000,District - Jhansi  36,030999,30 Others,5,2,3,0,0,0,5,2,3
C0116,09,36,0000,District - Jhansi  36,038000,38 DEORI,1,0,1,0,0,0,1,0,1
C0116,09,36,0000,District - Jhansi  36,038001, 1 DEORI,1,0,1,0,0,0,1,0,1
C0116,09,36,0000,District - Jhansi  36,040000,40 ENGLISH,845,427,418,106,57,49,739,370,369
C0116,09,36,0000,District - Jhansi  36,040001, 1 ENGLISH,845,427,418,106,57,49,739,370,369
C0116,09,36,0000,District - Jhansi  36,044000,44 GONDI,1,1,0,0,0,0,1,1,0
C0116,09,36,0000,District - Jhansi  36,044999,44 Others,1,1,0,0,0,0,1,1,0
C0116,09,36,0000,District - Jhansi  36,053000,53 KHANDESHI,2,1,1,0,0,0,2,1,1
C0116,09,36,0000,District - Jhansi  36,053005, 1 GUJARI,2,1,1,0,0,0,2,1,1
C0116,09,36,0000,District - Jhansi  36,072000,72 KURUKH/ORAON,14,5,9,0,0,0,14,5,9
C0116,09,36,0000,District - Jhansi  36,072009, 1 KURUKH/ORAON,13,5,8,0,0,0,13,5,8
C0116,09,36,0000,District - Jhansi  36,072999,72 Others,1,0,1,0,0,0,1,0,1
C0116,09,36,0000,District - Jhansi  36,083000,83 MALTO,3,0,3,0,0,0,3,0,3
C0116,09,36,0000,District - Jhansi  36,083999,83 Others,3,0,3,0,0,0,3,0,3
C0116,09,36,0000,District - Jhansi  36,113000,113 THADO,1,1,0,0,0,0,1,1,0
C0116,09,36,0000,District - Jhansi  36,113999,113 Others,1,1,0,0,0,0,1,1,0
C0116,09,36,0000,District - Jhansi  36,116000,116 TULU,1,1,0,0,0,0,1,1,0
C0116,09,36,0000,District - Jhansi  36,116999,116 Others,1,1,0,0,0,0,1,1,0
C0116,09,36,0000,District - Jhansi  36,123000,123 OTHERS,346,205,141,130,73,57,216,132,84
C0116,09,36,0001,Tehsil - Moth 0001,002000,2 BENGALI,1,0,1,1,0,1,0,0,0
C0116,09,36,0001,Tehsil - Moth 0001,002004, 1 BENGALI,1,0,1,1,0,1,0,0,0
C0116,09,36,0001,Tehsil - Moth 0001,006000,6 HINDI,268824,143338,125486,222333,118528,103805,46491,24810,21681
C0116,09,36,0001,Tehsil - Moth 0001,006008, 1 AWADHI,1,0,1,1,0,1,0,0,0
C0116,09,36,0001,Tehsil - Moth 0001,006060, 2 BUNDELI/BUNDELKHANDI,7473,3965,3508,5223,2765,2458,2250,1200,1050
C0116,09,36,0001,Tehsil - Moth 0001,006118, 3 HINDI,261311,139354,121957,217071,115745,101326,44240,23609,20631
C0116,09,36,0001,Tehsil - Moth 0001,006127, 4 JAUNSARI,1,0,1,1,0,1,0,0,0
C0116,09,36,0001,Tehsil - Moth 0001,006242, 5 RAJASTHANI,33,16,17,33,16,17,0,0,0
C0116,09,36,0001,Tehsil - Moth 0001,006999,6 Others,5,3,2,4,2,2,1,1,0
C0116,09,36,0001,Tehsil - Moth 0001,011000,11 MALAYALAM,7,2,5,0,0,0,7,2,5
C0116,09,36,0001,Tehsil - Moth 0001,011013, 1 MALAYALAM,7,2,5,0,0,0,7,2,5
C0116,09,36,0001,Tehsil - Moth 0001,013000,13 MARATHI,4,2,2,4,2,2,0,0,0
C0116,09,36,0001,Tehsil - Moth 0001,013048, 1 MARATHI,4,2,2,4,2,2,0,0,0
C0116,09,36,0001,Tehsil - Moth 0001,014000,14 NEPALI,103,50,53,100,47,53,3,3,0
C0116,09,36,0001,Tehsil - Moth 0001,014009, 1 NEPALI,103,50,53,100,47,53,3,3,0
C0116,09,36,0001,Tehsil - Moth 0001,016000,16 PUNJABI,1,0,1,0,0,0,1,0,1
C0116,09,36,0001,Tehsil - Moth 0001,016018, 1 PUNJABI,1,0,1,0,0,0,1,0,1
C0116,09,36,0001,Tehsil - Moth 0001,019000,19 SINDHI,146,70,76,0,0,0,146,70,76
C0116,09,36,0001,Tehsil - Moth 0001,019013, 1 SINDHI,146,70,76,0,0,0,146,70,76
C0116,09,36,0001,Tehsil - Moth 0001,020000,20 TAMIL,16,7,9,16,7,9,0,0,0
C0116,09,36,0001,Tehsil - Moth 0001,020020, 1 TAMIL,16,7,9,16,7,9,0,0,0
C0116,09,36,0001,Tehsil - Moth 0001,022000,22 URDU,783,454,329,93,51,42,690,403,287
C0116,09,36,0001,Tehsil - Moth 0001,022014, 1 URDU,783,454,329,93,51,42,690,403,287
C0116,09,36,0001,Tehsil - Moth 0001,028000,28 ARABIC/ARBI,1,1,0,0,0,0,1,1,0
C0116,09,36,0001,Tehsil - Moth 0001,028001, 1 ARABIC/ARBI,1,1,0,0,0,0,1,1,0
C0116,09,36,0001,Tehsil - Moth 0001,040000,40 ENGLISH,1,0,1,0,0,0,1,0,1
C0116,09,36,0001,Tehsil - Moth 0001,040001, 1 ENGLISH,1,0,1,0,0,0,1,0,1
C0116,09,36,0002,Tehsil - Garautha 0002,002000,2 BENGALI,1,1,0,1,1,0,0,0,0
C0116,09,36,0002,Tehsil - Garautha 0002,002004, 1 BENGALI,1,1,0,1,1,0,0,0,0
C0116,09,36,0002,Tehsil - Garautha 0002,006000,6 HINDI,200528,108037,92491,160633,87092,73541,39895,20945,18950
C0116,09,36,0002,Tehsil - Garautha 0002,006045, 1 BHOJPURI,4,1,3,0,0,0,4,1,3
C0116,09,36,0002,Tehsil - Garautha 0002,006060, 2 BUNDELI/BUNDELKHANDI,1833,955,878,1222,640,582,611,315,296
C0116,09,36,0002,Tehsil - Garautha 0002,006118, 3 HINDI,198691,107081,91610,159411,86452,72959,39280,20629,18651
C0116,09,36,0002,Tehsil - Garautha 0002,007000,7 KANNADA,140,71,69,140,71,69,0,0,0
C0116,09,36,0002,Tehsil - Garautha 0002,007013, 1 KANNADA,140,71,69,140,71,69,0,0,0
C0116,09,36,0002,Tehsil - Garautha 0002,011000,11 MALAYALAM,1,0,1,1,0,1,0,0,0
C0116,09,36,0002,Tehsil - Garautha 0002,011013, 1 MALAYALAM,1,0,1,1,0,1,0,0,0
C0116,09,36,0002,Tehsil - Garautha 0002,013000,13 MARATHI,35,19,16,0,0,0,35,19,16
C0116,09,36,0002,Tehsil - Garautha 0002,013048, 1 MARATHI,35,19,16,0,0,0,35,19,16
C0116,09,36,0002,Tehsil - Garautha 0002,014000,14 NEPALI,61,39,22,60,39,21,1,0,1
C0116,09,36,0002,Tehsil - Garautha 0002,014009, 1 NEPALI,61,39,22,60,39,21,1,0,1
C0116,09,36,0002,Tehsil - Garautha 0002,016000,16 PUNJABI,7,4,3,0,0,0,7,4,3
C0116,09,36,0002,Tehsil - Garautha 0002,016018, 1 PUNJABI,7,4,3,0,0,0,7,4,3
C0116,09,36,0002,Tehsil - Garautha 0002,022000,22 URDU,219,125,94,33,15,18,186,110,76
C0116,09,36,0002,Tehsil - Garautha 0002,022014, 1 URDU,219,125,94,33,15,18,186,110,76
C0116,09,36,0002,Tehsil - Garautha 0002,040000,40 ENGLISH,79,45,34,0,0,0,79,45,34
C0116,09,36,0002,Tehsil - Garautha 0002,040001, 1 ENGLISH,79,45,34,0,0,0,79,45,34
C0116,09,36,0003,Tehsil - Tahrauli ** 0003,002000,2 BENGALI,61,34,27,61,34,27,0,0,0
C0116,09,36,0003,Tehsil - Tahrauli ** 0003,002004, 1 BENGALI,61,34,27,61,34,27,0,0,0
C0116,09,36,0003,Tehsil - Tahrauli ** 0003,006000,6 HINDI,151032,80534,70498,140929,75096,65833,10103,5438,4665
C0116,09,36,0003,Tehsil - Tahrauli ** 0003,006060, 1 BUNDELI/BUNDELKHANDI,15392,8218,7174,15328,8183,7145,64,35,29
C0116,09,36,0003,Tehsil - Tahrauli ** 0003,006118, 2 HINDI,135623,72309,63314,125584,66906,58678,10039,5403,4636
C0116,09,36,0003,Tehsil - Tahrauli ** 0003,006195, 3 MEWARI,17,7,10,17,7,10,0,0,0
C0116,09,36,0003,Tehsil - Tahrauli ** 0003,013000,13 MARATHI,1,0,1,1,0,1,0,0,0
C0116,09,36,0003,Tehsil - Tahrauli ** 0003,013048, 1 MARATHI,1,0,1,1,0,1,0,0,0
C0116,09,36,0003,Tehsil - Tahrauli ** 0003,014000,14 NEPALI,37,18,19,37,18,19,0,0,0
C0116,09,36,0003,Tehsil - Tahrauli ** 0003,014009, 1 NEPALI,37,18,19,37,18,19,0,0,0
C0116,09,36,0003,Tehsil - Tahrauli ** 0003,015000,15 ORIYA,8,0,8,8,0,8,0,0,0
C0116,09,36,0003,Tehsil - Tahrauli ** 0003,015031, 1 ORIYA,8,0,8,8,0,8,0,0,0
C0116,09,36,0003,Tehsil - Tahrauli ** 0003,022000,22 URDU,63,31,32,62,31,31,1,0,1
C0116,09,36,0003,Tehsil - Tahrauli ** 0003,022014, 1 URDU,63,31,32,62,31,31,1,0,1
C0116,09,36,0004,Tehsil - Mauranipur 0004,002000,2 BENGALI,9,6,3,2,2,0,7,4,3
C0116,09,36,0004,Tehsil - Mauranipur 0004,002004, 1 BENGALI,9,6,3,2,2,0,7,4,3
C0116,09,36,0004,Tehsil - Mauranipur 0004,005000,5 GUJARATI,1,1,0,1,1,0,0,0,0
C0116,09,36,0004,Tehsil - Mauranipur 0004,005011, 1 GUJARATI,1,1,0,1,1,0,0,0,0
C0116,09,36,0004,Tehsil - Mauranipur 0004,006000,6 HINDI,330613,175933,154680,256883,136723,120160,73730,39210,34520
C0116,09,36,0004,Tehsil - Mauranipur 0004,006008, 1 AWADHI,184,101,83,184,101,83,0,0,0
C0116,09,36,0004,Tehsil - Mauranipur 0004,006045, 2 BHOJPURI,78,44,34,78,44,34,0,0,0
C0116,09,36,0004,Tehsil - Mauranipur 0004,006060, 3 BUNDELI/BUNDELKHANDI,58762,31254,27508,58544,31126,27418,218,128,90
C0116,09,36,0004,Tehsil - Mauranipur 0004,006118, 4 HINDI,271496,144490,127006,197984,105408,92576,73512,39082,34430
C0116,09,36,0004,Tehsil - Mauranipur 0004,006192, 5 MARWARI,6,4,2,6,4,2,0,0,0
C0116,09,36,0004,Tehsil - Mauranipur 0004,006242, 6 RAJASTHANI,87,40,47,87,40,47,0,0,0
C0116,09,36,0004,Tehsil - Mauranipur 0004,011000,11 MALAYALAM,6,2,4,0,0,0,6,2,4
C0116,09,36,0004,Tehsil - Mauranipur 0004,011013, 1 MALAYALAM,6,2,4,0,0,0,6,2,4
C0116,09,36,0004,Tehsil - Mauranipur 0004,013000,13 MARATHI,12,9,3,12,9,3,0,0,0
C0116,09,36,0004,Tehsil - Mauranipur 0004,013048, 1 MARATHI,12,9,3,12,9,3,0,0,0
C0116,09,36,0004,Tehsil - Mauranipur 0004,014000,14 NEPALI,166,86,80,149,84,65,17,2,15
C0116,09,36,0004,Tehsil - Mauranipur 0004,014009, 1 NEPALI,166,86,80,149,84,65,17,2,15
C0116,09,36,0004,Tehsil - Mauranipur 0004,015000,15 ORIYA,10,1,9,9,0,9,1,1,0
C0116,09,36,0004,Tehsil - Mauranipur 0004,015031, 1 ORIYA,10,1,9,9,0,9,1,1,0
C0116,09,36,0004,Tehsil - Mauranipur 0004,016000,16 PUNJABI,3,3,0,2,2,0,1,1,0
C0116,09,36,0004,Tehsil - Mauranipur 0004,016018, 1 PUNJABI,2,2,0,2,2,0,0,0,0
C0116,09,36,0004,Tehsil - Mauranipur 0004,016999,16 Others,1,1,0,0,0,0,1,1,0
C0116,09,36,0004,Tehsil - Mauranipur 0004,019000,19 SINDHI,6,3,3,0,0,0,6,3,3
C0116,09,36,0004,Tehsil - Mauranipur 0004,019013, 1 SINDHI,6,3,3,0,0,0,6,3,3
C0116,09,36,0004,Tehsil - Mauranipur 0004,022000,22 URDU,1619,857,762,84,39,45,1535,818,717
C0116,09,36,0004,Tehsil - Mauranipur 0004,022014, 1 URDU,1619,857,762,84,39,45,1535,818,717
C0116,09,36,0004,Tehsil - Mauranipur 0004,040000,40 ENGLISH,103,54,49,102,54,48,1,0,1
C0116,09,36,0004,Tehsil - Mauranipur 0004,040001, 1 ENGLISH,103,54,49,102,54,48,1,0,1
C0116,09,36,0004,Tehsil - Mauranipur 0004,123000,123 OTHERS,36,20,16,32,18,14,4,2,2
C0116,09,36,0005,Tehsil - Jhansi 0005,001000,1 ASSAMESE,259,198,61,0,0,0,259,198,61
C0116,09,36,0005,Tehsil - Jhansi 0005,001002, 1 ASSAMESE,259,198,61,0,0,0,259,198,61
C0116,09,36,0005,Tehsil - Jhansi 0005,002000,2 BENGALI,1162,729,433,20,14,6,1142,715,427
C0116,09,36,0005,Tehsil - Jhansi 0005,002004, 1 BENGALI,1161,728,433,20,14,6,1141,714,427
C0116,09,36,0005,Tehsil - Jhansi 0005,002999,2 Others,1,1,0,0,0,0,1,1,0
C0116,09,36,0005,Tehsil - Jhansi 0005,004000,4 DOGRI,264,197,67,0,0,0,264,197,67
C0116,09,36,0005,Tehsil - Jhansi 0005,004001, 1 DOGRI,264,197,67,0,0,0,264,197,67
C0116,09,36,0005,Tehsil - Jhansi 0005,005000,5 GUJARATI,467,262,205,1,0,1,466,262,204
C0116,09,36,0005,Tehsil - Jhansi 0005,005011, 1 GUJARATI,411,235,176,1,0,1,410,235,175
C0116,09,36,0005,Tehsil - Jhansi 0005,005012, 2 GUJRAO/GUJRAU,53,25,28,0,0,0,53,25,28
C0116,09,36,0005,Tehsil - Jhansi 0005,005999,5 Others,3,2,1,0,0,0,3,2,1
C0116,09,36,0005,Tehsil - Jhansi 0005,006000,6 HINDI,755760,403847,351913,251007,134211,116796,504753,269636,235117
C0116,09,36,0005,Tehsil - Jhansi 0005,006008, 1 AWADHI,7,6,1,0,0,0,7,6,1
C0116,09,36,0005,Tehsil - Jhansi 0005,006045, 2 BHOJPURI,524,318,206,20,9,11,504,309,195
C0116,09,36,0005,Tehsil - Jhansi 0005,006059, 3 BRAJBHASHA,4,3,1,0,0,0,4,3,1
C0116,09,36,0005,Tehsil - Jhansi 0005,006060, 4 BUNDELI/BUNDELKHANDI,14723,7881,6842,12737,6820,5917,1986,1061,925
C0116,09,36,0005,Tehsil - Jhansi 0005,006072, 5 CHHATTISGARHI,8,2,6,0,0,0,8,2,6
C0116,09,36,0005,Tehsil - Jhansi 0005,006095, 6 GARHWALI,84,44,40,9,4,5,75,40,35
C0116,09,36,0005,Tehsil - Jhansi 0005,006117, 7 HARYANVI,206,121,85,0,0,0,206,121,85
C0116,09,36,0005,Tehsil - Jhansi 0005,006118, 8 HINDI,739910,395305,344605,238209,127359,110850,501701,267946,233755
C0116,09,36,0005,Tehsil - Jhansi 0005,006127, 9 JAUNSARI,2,0,2,0,0,0,2,0,2
C0116,09,36,0005,Tehsil - Jhansi 0005,006138, 10 KANGRI,1,1,0,0,0,0,1,1,0
C0116,09,36,0005,Tehsil - Jhansi 0005,006148, 11 KHARI BOLI,31,12,19,0,0,0,31,12,19
C0116,09,36,0005,Tehsil - Jhansi 0005,006162, 12 KUMAUNI,82,45,37,11,7,4,71,38,33
C0116,09,36,0005,Tehsil - Jhansi 0005,006179, 13 MAGADHI/MAGAHI,1,1,0,0,0,0,1,1,0
C0116,09,36,0005,Tehsil - Jhansi 0005,006192, 14 MARWARI,37,20,17,10,6,4,27,14,13
C0116,09,36,0005,Tehsil - Jhansi 0005,006213, 15 PAHARI,21,13,8,9,6,3,12,7,5
C0116,09,36,0005,Tehsil - Jhansi 0005,006242, 16 RAJASTHANI,82,54,28,1,0,1,81,54,27
C0116,09,36,0005,Tehsil - Jhansi 0005,006251, 17 SADAN/SADRI,4,0,4,0,0,0,4,0,4
C0116,09,36,0005,Tehsil - Jhansi 0005,006999,6 Others,33,21,12,1,0,1,32,21,11
C0116,09,36,0005,Tehsil - Jhansi 0005,007000,7 KANNADA,247,164,83,7,4,3,240,160,80
C0116,09,36,0005,Tehsil - Jhansi 0005,007013, 1 KANNADA,245,162,83,7,4,3,238,158,80
C0116,09,36,0005,Tehsil - Jhansi 0005,007999,7 Others,2,2,0,0,0,0,2,2,0
C0116,09,36,0005,Tehsil - Jhansi 0005,008000,8 KASHMIRI,4,2,2,3,1,2,1,1,0
C0116,09,36,0005,Tehsil - Jhansi 0005,008002, 1 KASHMIRI,4,2,2,3,1,2,1,1,0
C0116,09,36,0005,Tehsil - Jhansi 0005,009000,9 KONKANI,6,6,0,1,1,0,5,5,0
C0116,09,36,0005,Tehsil - Jhansi 0005,009010, 1 KONKANI,6,6,0,1,1,0,5,5,0
C0116,09,36,0005,Tehsil - Jhansi 0005,010000,10 MAITHILI,16,9,7,0,0,0,16,9,7
C0116,09,36,0005,Tehsil - Jhansi 0005,010006, 1 MAITHILI,16,9,7,0,0,0,16,9,7
C0116,09,36,0005,Tehsil - Jhansi 0005,011000,11 MALAYALAM,1252,786,466,9,3,6,1243,783,460
C0116,09,36,0005,Tehsil - Jhansi 0005,011013, 1 MALAYALAM,1248,782,466,9,3,6,1239,779,460
C0116,09,36,0005,Tehsil - Jhansi 0005,011999,11 Others,4,4,0,0,0,0,4,4,0
C0116,09,36,0005,Tehsil - Jhansi 0005,012000,12 MANIPURI,24,19,5,0,0,0,24,19,5
C0116,09,36,0005,Tehsil - Jhansi 0005,012002, 1 MANIPURI,24,19,5,0,0,0,24,19,5
C0116,09,36,0005,Tehsil - Jhansi 0005,013000,13 MARATHI,1792,1065,727,16,8,8,1776,1057,719
C0116,09,36,0005,Tehsil - Jhansi 0005,013048, 1 MARATHI,1792,1065,727,16,8,8,1776,1057,719
C0116,09,36,0005,Tehsil - Jhansi 0005,014000,14 NEPALI,249,148,101,7,4,3,242,144,98
C0116,09,36,0005,Tehsil - Jhansi 0005,014009, 1 NEPALI,249,148,101,7,4,3,242,144,98
C0116,09,36,0005,Tehsil - Jhansi 0005,015000,15 ORIYA,352,232,120,4,2,2,348,230,118
C0116,09,36,0005,Tehsil - Jhansi 0005,015031, 1 ORIYA,350,231,119,4,2,2,346,229,117
C0116,09,36,0005,Tehsil - Jhansi 0005,015999,15 Others,2,1,1,0,0,0,2,1,1
C0116,09,36,0005,Tehsil - Jhansi 0005,016000,16 PUNJABI,3026,1901,1125,30,15,15,2996,1886,1110
C0116,09,36,0005,Tehsil - Jhansi 0005,016018, 1 PUNJABI,3021,1900,1121,30,15,15,2991,1885,1106
C0116,09,36,0005,Tehsil - Jhansi 0005,016999,16 Others,5,1,4,0,0,0,5,1,4
C0116,09,36,0005,Tehsil - Jhansi 0005,017000,17 SANSKRIT,6,2,4,0,0,0,6,2,4
C0116,09,36,0005,Tehsil - Jhansi 0005,017002, 1 SANSKRIT,6,2,4,0,0,0,6,2,4
C0116,09,36,0005,Tehsil - Jhansi 0005,018000,18 SANTALI,2,1,1,0,0,0,2,1,1
C0116,09,36,0005,Tehsil - Jhansi 0005,018013, 1 SANTALI,2,1,1,0,0,0,2,1,1
C0116,09,36,0005,Tehsil - Jhansi 0005,019000,19 SINDHI,738,370,368,0,0,0,738,370,368
C0116,09,36,0005,Tehsil - Jhansi 0005,019013, 1 SINDHI,738,370,368,0,0,0,738,370,368
C0116,09,36,0005,Tehsil - Jhansi 0005,020000,20 TAMIL,1205,801,404,75,42,33,1130,759,371
C0116,09,36,0005,Tehsil - Jhansi 0005,020020, 1 TAMIL,1199,796,403,75,42,33,1124,754,370
C0116,09,36,0005,Tehsil - Jhansi 0005,020999,20 Others,6,5,1,0,0,0,6,5,1
C0116,09,36,0005,Tehsil - Jhansi 0005,021000,21 TELUGU,645,396,249,19,10,9,626,386,240
C0116,09,36,0005,Tehsil - Jhansi 0005,021035, 1 TELUGU,645,396,249,19,10,9,626,386,240
C0116,09,36,0005,Tehsil - Jhansi 0005,022000,22 URDU,21709,11300,10409,81,42,39,21628,11258,10370
C0116,09,36,0005,Tehsil - Jhansi 0005,022014, 1 URDU,21709,11300,10409,81,42,39,21628,11258,10370
C0116,09,36,0005,Tehsil - Jhansi 0005,028000,28 ARABIC/ARBI,2,2,0,0,0,0,2,2,0
C0116,09,36,0005,Tehsil - Jhansi 0005,028001, 1 ARABIC/ARBI,2,2,0,0,0,0,2,2,0
C0116,09,36,0005,Tehsil - Jhansi 0005,030000,30 BHILI/BHILODI,5,2,3,0,0,0,5,2,3
C0116,09,36,0005,Tehsil - Jhansi 0005,030999,30 Others,5,2,3,0,0,0,5,2,3
C0116,09,36,0005,Tehsil - Jhansi 0005,038000,38 DEORI,1,0,1,0,0,0,1,0,1
C0116,09,36,0005,Tehsil - Jhansi 0005,038001, 1 DEORI,1,0,1,0,0,0,1,0,1
C0116,09,36,0005,Tehsil - Jhansi 0005,040000,40 ENGLISH,662,328,334,4,3,1,658,325,333
C0116,09,36,0005,Tehsil - Jhansi 0005,040001, 1 ENGLISH,662,328,334,4,3,1,658,325,333
C0116,09,36,0005,Tehsil - Jhansi 0005,044000,44 GONDI,1,1,0,0,0,0,1,1,0
C0116,09,36,0005,Tehsil - Jhansi 0005,044999,44 Others,1,1,0,0,0,0,1,1,0
C0116,09,36,0005,Tehsil - Jhansi 0005,053000,53 KHANDESHI,2,1,1,0,0,0,2,1,1
C0116,09,36,0005,Tehsil - Jhansi 0005,053005, 1 GUJARI,2,1,1,0,0,0,2,1,1
C0116,09,36,0005,Tehsil - Jhansi 0005,072000,72 KURUKH/ORAON,14,5,9,0,0,0,14,5,9
C0116,09,36,0005,Tehsil - Jhansi 0005,072009, 1 KURUKH/ORAON,13,5,8,0,0,0,13,5,8
C0116,09,36,0005,Tehsil - Jhansi 0005,072999,72 Others,1,0,1,0,0,0,1,0,1
C0116,09,36,0005,Tehsil - Jhansi 0005,083000,83 MALTO,3,0,3,0,0,0,3,0,3
C0116,09,36,0005,Tehsil - Jhansi 0005,083999,83 Others,3,0,3,0,0,0,3,0,3
C0116,09,36,0005,Tehsil - Jhansi 0005,113000,113 THADO,1,1,0,0,0,0,1,1,0
C0116,09,36,0005,Tehsil - Jhansi 0005,113999,113 Others,1,1,0,0,0,0,1,1,0
C0116,09,36,0005,Tehsil - Jhansi 0005,116000,116 TULU,1,1,0,0,0,0,1,1,0
C0116,09,36,0005,Tehsil - Jhansi 0005,116999,116 Others,1,1,0,0,0,0,1,1,0
C0116,09,36,0005,Tehsil - Jhansi 0005,123000,123 OTHERS,310,185,125,98,55,43,212,130,82
C0116,09,37,0000,District - Lalitpur  37,001000,1 ASSAMESE,19,10,9,19,10,9,0,0,0
C0116,09,37,0000,District - Lalitpur  37,001002, 1 ASSAMESE,19,10,9,19,10,9,0,0,0
C0116,09,37,0000,District - Lalitpur  37,002000,2 BENGALI,236,136,100,218,124,94,18,12,6
C0116,09,37,0000,District - Lalitpur  37,002004, 1 BENGALI,236,136,100,218,124,94,18,12,6
C0116,09,37,0000,District - Lalitpur  37,004000,4 DOGRI,15,7,8,15,7,8,0,0,0
C0116,09,37,0000,District - Lalitpur  37,004001, 1 DOGRI,15,7,8,15,7,8,0,0,0
C0116,09,37,0000,District - Lalitpur  37,005000,5 GUJARATI,60,37,23,34,22,12,26,15,11
C0116,09,37,0000,District - Lalitpur  37,005011, 1 GUJARATI,60,37,23,34,22,12,26,15,11
C0116,09,37,0000,District - Lalitpur  37,006000,6 HINDI,967547,513964,453583,833785,443442,390343,133762,70522,63240
C0116,09,37,0000,District - Lalitpur  37,006008, 1 AWADHI,1,1,0,1,1,0,0,0,0
C0116,09,37,0000,District - Lalitpur  37,006045, 2 BHOJPURI,166,100,66,42,30,12,124,70,54
C0116,09,37,0000,District - Lalitpur  37,006060, 3 BUNDELI/BUNDELKHANDI,40604,21559,19045,38655,20534,18121,1949,1025,924
C0116,09,37,0000,District - Lalitpur  37,006095, 4 GARHWALI,8,4,4,8,4,4,0,0,0
C0116,09,37,0000,District - Lalitpur  37,006117, 5 HARYANVI,101,53,48,101,53,48,0,0,0
C0116,09,37,0000,District - Lalitpur  37,006118, 6 HINDI,926287,492054,434233,794608,422633,371975,131679,69421,62258
C0116,09,37,0000,District - Lalitpur  37,006127, 7 JAUNSARI,3,1,2,3,1,2,0,0,0
C0116,09,37,0000,District - Lalitpur  37,006148, 8 KHARI BOLI,1,1,0,0,0,0,1,1,0
C0116,09,37,0000,District - Lalitpur  37,006162, 9 KUMAUNI,1,1,0,0,0,0,1,1,0
C0116,09,37,0000,District - Lalitpur  37,006192, 10 MARWARI,3,2,1,3,2,1,0,0,0
C0116,09,37,0000,District - Lalitpur  37,006195, 11 MEWARI,16,9,7,16,9,7,0,0,0
C0116,09,37,0000,District - Lalitpur  37,006213, 12 PAHARI,8,5,3,8,5,3,0,0,0
C0116,09,37,0000,District - Lalitpur  37,006242, 13 RAJASTHANI,314,151,163,306,147,159,8,4,4
C0116,09,37,0000,District - Lalitpur  37,006999,6 Others,34,23,11,34,23,11,0,0,0
C0116,09,37,0000,District - Lalitpur  37,007000,7 KANNADA,90,62,28,89,62,27,1,0,1
C0116,09,37,0000,District - Lalitpur  37,007013, 1 KANNADA,90,62,28,89,62,27,1,0,1
C0116,09,37,0000,District - Lalitpur  37,010000,10 MAITHILI,9,6,3,9,6,3,0,0,0
C0116,09,37,0000,District - Lalitpur  37,010006, 1 MAITHILI,9,6,3,9,6,3,0,0,0
C0116,09,37,0000,District - Lalitpur  37,011000,11 MALAYALAM,200,128,72,178,117,61,22,11,11
C0116,09,37,0000,District - Lalitpur  37,011013, 1 MALAYALAM,195,124,71,173,113,60,22,11,11
C0116,09,37,0000,District - Lalitpur  37,011999,11 Others,5,4,1,5,4,1,0,0,0
C0116,09,37,0000,District - Lalitpur  37,013000,13 MARATHI,205,107,98,158,84,74,47,23,24
C0116,09,37,0000,District - Lalitpur  37,013048, 1 MARATHI,203,105,98,156,82,74,47,23,24
C0116,09,37,0000,District - Lalitpur  37,013999,13 Others,2,2,0,2,2,0,0,0,0
C0116,09,37,0000,District - Lalitpur  37,014000,14 NEPALI,131,81,50,107,63,44,24,18,6
C0116,09,37,0000,District - Lalitpur  37,014009, 1 NEPALI,131,81,50,107,63,44,24,18,6
C0116,09,37,0000,District - Lalitpur  37,015000,15 ORIYA,31,16,15,26,13,13,5,3,2
C0116,09,37,0000,District - Lalitpur  37,015031, 1 ORIYA,31,16,15,26,13,13,5,3,2
C0116,09,37,0000,District - Lalitpur  37,016000,16 PUNJABI,350,196,154,170,101,69,180,95,85
C0116,09,37,0000,District - Lalitpur  37,016018, 1 PUNJABI,340,191,149,170,101,69,170,90,80
C0116,09,37,0000,District - Lalitpur  37,016999,16 Others,10,5,5,0,0,0,10,5,5
C0116,09,37,0000,District - Lalitpur  37,017000,17 SANSKRIT,1,0,1,1,0,1,0,0,0
C0116,09,37,0000,District - Lalitpur  37,017002, 1 SANSKRIT,1,0,1,1,0,1,0,0,0
C0116,09,37,0000,District - Lalitpur  37,018000,18 SANTALI,1,0,1,0,0,0,1,0,1
C0116,09,37,0000,District - Lalitpur  37,018013, 1 SANTALI,1,0,1,0,0,0,1,0,1
C0116,09,37,0000,District - Lalitpur  37,019000,19 SINDHI,67,33,34,0,0,0,67,33,34
C0116,09,37,0000,District - Lalitpur  37,019013, 1 SINDHI,67,33,34,0,0,0,67,33,34
C0116,09,37,0000,District - Lalitpur  37,020000,20 TAMIL,462,308,154,428,286,142,34,22,12
C0116,09,37,0000,District - Lalitpur  37,020020, 1 TAMIL,461,308,153,428,286,142,33,22,11
C0116,09,37,0000,District - Lalitpur  37,020999,20 Others,1,0,1,0,0,0,1,0,1
C0116,09,37,0000,District - Lalitpur  37,021000,21 TELUGU,172,110,62,171,110,61,1,0,1
C0116,09,37,0000,District - Lalitpur  37,021035, 1 TELUGU,172,110,62,171,110,61,1,0,1
C0116,09,37,0000,District - Lalitpur  37,022000,22 URDU,7989,4120,3869,260,143,117,7729,3977,3752
C0116,09,37,0000,District - Lalitpur  37,022014, 1 URDU,7989,4120,3869,260,143,117,7729,3977,3752
C0116,09,37,0000,District - Lalitpur  37,040000,40 ENGLISH,39,18,21,38,18,20,1,0,1
C0116,09,37,0000,District - Lalitpur  37,040001, 1 ENGLISH,39,18,21,38,18,20,1,0,1
C0116,09,37,0000,District - Lalitpur  37,123000,123 OTHERS,110,74,36,84,57,27,26,17,9
C0116,09,37,0001,Tehsil - Talbehat 0001,001000,1 ASSAMESE,19,10,9,19,10,9,0,0,0
C0116,09,37,0001,Tehsil - Talbehat 0001,001002, 1 ASSAMESE,19,10,9,19,10,9,0,0,0
C0116,09,37,0001,Tehsil - Talbehat 0001,002000,2 BENGALI,120,66,54,120,66,54,0,0,0
C0116,09,37,0001,Tehsil - Talbehat 0001,002004, 1 BENGALI,120,66,54,120,66,54,0,0,0
C0116,09,37,0001,Tehsil - Talbehat 0001,004000,4 DOGRI,15,7,8,15,7,8,0,0,0
C0116,09,37,0001,Tehsil - Talbehat 0001,004001, 1 DOGRI,15,7,8,15,7,8,0,0,0
C0116,09,37,0001,Tehsil - Talbehat 0001,005000,5 GUJARATI,14,8,6,14,8,6,0,0,0
C0116,09,37,0001,Tehsil - Talbehat 0001,005011, 1 GUJARATI,14,8,6,14,8,6,0,0,0
C0116,09,37,0001,Tehsil - Talbehat 0001,006000,6 HINDI,245591,131538,114053,232932,124883,108049,12659,6655,6004
C0116,09,37,0001,Tehsil - Talbehat 0001,006008, 1 AWADHI,1,1,0,1,1,0,0,0,0
C0116,09,37,0001,Tehsil - Talbehat 0001,006045, 2 BHOJPURI,31,20,11,31,20,11,0,0,0
C0116,09,37,0001,Tehsil - Talbehat 0001,006060, 3 BUNDELI/BUNDELKHANDI,11338,6019,5319,11338,6019,5319,0,0,0
C0116,09,37,0001,Tehsil - Talbehat 0001,006095, 4 GARHWALI,6,3,3,6,3,3,0,0,0
C0116,09,37,0001,Tehsil - Talbehat 0001,006117, 5 HARYANVI,93,49,44,93,49,44,0,0,0
C0116,09,37,0001,Tehsil - Talbehat 0001,006118, 6 HINDI,234081,125425,108656,221422,118770,102652,12659,6655,6004
C0116,09,37,0001,Tehsil - Talbehat 0001,006127, 7 JAUNSARI,1,1,0,1,1,0,0,0,0
C0116,09,37,0001,Tehsil - Talbehat 0001,006192, 8 MARWARI,3,2,1,3,2,1,0,0,0
C0116,09,37,0001,Tehsil - Talbehat 0001,006213, 9 PAHARI,8,5,3,8,5,3,0,0,0
C0116,09,37,0001,Tehsil - Talbehat 0001,006242, 10 RAJASTHANI,11,5,6,11,5,6,0,0,0
C0116,09,37,0001,Tehsil - Talbehat 0001,006999,6 Others,18,8,10,18,8,10,0,0,0
C0116,09,37,0001,Tehsil - Talbehat 0001,007000,7 KANNADA,83,59,24,83,59,24,0,0,0
C0116,09,37,0001,Tehsil - Talbehat 0001,007013, 1 KANNADA,83,59,24,83,59,24,0,0,0
C0116,09,37,0001,Tehsil - Talbehat 0001,010000,10 MAITHILI,9,6,3,9,6,3,0,0,0
C0116,09,37,0001,Tehsil - Talbehat 0001,010006, 1 MAITHILI,9,6,3,9,6,3,0,0,0
C0116,09,37,0001,Tehsil - Talbehat 0001,011000,11 MALAYALAM,172,112,60,170,111,59,2,1,1
C0116,09,37,0001,Tehsil - Talbehat 0001,011013, 1 MALAYALAM,167,108,59,165,107,58,2,1,1
C0116,09,37,0001,Tehsil - Talbehat 0001,011999,11 Others,5,4,1,5,4,1,0,0,0
C0116,09,37,0001,Tehsil - Talbehat 0001,013000,13 MARATHI,138,73,65,138,73,65,0,0,0
C0116,09,37,0001,Tehsil - Talbehat 0001,013048, 1 MARATHI,136,71,65,136,71,65,0,0,0
C0116,09,37,0001,Tehsil - Talbehat 0001,013999,13 Others,2,2,0,2,2,0,0,0,0
C0116,09,37,0001,Tehsil - Talbehat 0001,014000,14 NEPALI,20,16,4,20,16,4,0,0,0
C0116,09,37,0001,Tehsil - Talbehat 0001,014009, 1 NEPALI,20,16,4,20,16,4,0,0,0
C0116,09,37,0001,Tehsil - Talbehat 0001,015000,15 ORIYA,19,11,8,19,11,8,0,0,0
C0116,09,37,0001,Tehsil - Talbehat 0001,015031, 1 ORIYA,19,11,8,19,11,8,0,0,0
C0116,09,37,0001,Tehsil - Talbehat 0001,016000,16 PUNJABI,158,91,67,157,90,67,1,1,0
C0116,09,37,0001,Tehsil - Talbehat 0001,016018, 1 PUNJABI,158,91,67,157,90,67,1,1,0
C0116,09,37,0001,Tehsil - Talbehat 0001,017000,17 SANSKRIT,1,0,1,1,0,1,0,0,0
C0116,09,37,0001,Tehsil - Talbehat 0001,017002, 1 SANSKRIT,1,0,1,1,0,1,0,0,0
C0116,09,37,0001,Tehsil - Talbehat 0001,020000,20 TAMIL,255,198,57,255,198,57,0,0,0
C0116,09,37,0001,Tehsil - Talbehat 0001,020020, 1 TAMIL,255,198,57,255,198,57,0,0,0
C0116,09,37,0001,Tehsil - Talbehat 0001,021000,21 TELUGU,149,97,52,149,97,52,0,0,0
C0116,09,37,0001,Tehsil - Talbehat 0001,021035, 1 TELUGU,149,97,52,149,97,52,0,0,0
C0116,09,37,0001,Tehsil - Talbehat 0001,022000,22 URDU,42,26,16,39,25,14,3,1,2
C0116,09,37,0001,Tehsil - Talbehat 0001,022014, 1 URDU,42,26,16,39,25,14,3,1,2
C0116,09,37,0001,Tehsil - Talbehat 0001,040000,40 ENGLISH,3,2,1,3,2,1,0,0,0
C0116,09,37,0001,Tehsil - Talbehat 0001,040001, 1 ENGLISH,3,2,1,3,2,1,0,0,0
C0116,09,37,0001,Tehsil - Talbehat 0001,123000,123 OTHERS,56,42,14,56,42,14,0,0,0
C0116,09,37,0002,Tehsil - Lalitpur 0002,002000,2 BENGALI,29,18,11,11,6,5,18,12,6
C0116,09,37,0002,Tehsil - Lalitpur 0002,002004, 1 BENGALI,29,18,11,11,6,5,18,12,6
C0116,09,37,0002,Tehsil - Lalitpur 0002,005000,5 GUJARATI,46,29,17,20,14,6,26,15,11
C0116,09,37,0002,Tehsil - Lalitpur 0002,005011, 1 GUJARATI,46,29,17,20,14,6,26,15,11
C0116,09,37,0002,Tehsil - Lalitpur 0002,006000,6 HINDI,397121,210317,186804,284657,151010,133647,112464,59307,53157
C0116,09,37,0002,Tehsil - Lalitpur 0002,006045, 1 BHOJPURI,134,79,55,10,9,1,124,70,54
C0116,09,37,0002,Tehsil - Lalitpur 0002,006060, 2 BUNDELI/BUNDELKHANDI,18042,9611,8431,16093,8586,7507,1949,1025,924
C0116,09,37,0002,Tehsil - Lalitpur 0002,006117, 3 HARYANVI,8,4,4,8,4,4,0,0,0
C0116,09,37,0002,Tehsil - Lalitpur 0002,006118, 4 HINDI,378613,200457,178156,268232,142251,125981,110381,58206,52175
C0116,09,37,0002,Tehsil - Lalitpur 0002,006127, 5 JAUNSARI,2,0,2,2,0,2,0,0,0
C0116,09,37,0002,Tehsil - Lalitpur 0002,006148, 6 KHARI BOLI,1,1,0,0,0,0,1,1,0
C0116,09,37,0002,Tehsil - Lalitpur 0002,006162, 7 KUMAUNI,1,1,0,0,0,0,1,1,0
C0116,09,37,0002,Tehsil - Lalitpur 0002,006195, 8 MEWARI,16,9,7,16,9,7,0,0,0
C0116,09,37,0002,Tehsil - Lalitpur 0002,006242, 9 RAJASTHANI,288,140,148,280,136,144,8,4,4
C0116,09,37,0002,Tehsil - Lalitpur 0002,006999,6 Others,16,15,1,16,15,1,0,0,0
C0116,09,37,0002,Tehsil - Lalitpur 0002,007000,7 KANNADA,7,3,4,6,3,3,1,0,1
C0116,09,37,0002,Tehsil - Lalitpur 0002,007013, 1 KANNADA,7,3,4,6,3,3,1,0,1
C0116,09,37,0002,Tehsil - Lalitpur 0002,011000,11 MALAYALAM,28,16,12,8,6,2,20,10,10
C0116,09,37,0002,Tehsil - Lalitpur 0002,011013, 1 MALAYALAM,28,16,12,8,6,2,20,10,10
C0116,09,37,0002,Tehsil - Lalitpur 0002,013000,13 MARATHI,67,34,33,20,11,9,47,23,24
C0116,09,37,0002,Tehsil - Lalitpur 0002,013048, 1 MARATHI,67,34,33,20,11,9,47,23,24
C0116,09,37,0002,Tehsil - Lalitpur 0002,014000,14 NEPALI,78,50,28,54,32,22,24,18,6
C0116,09,37,0002,Tehsil - Lalitpur 0002,014009, 1 NEPALI,78,50,28,54,32,22,24,18,6
C0116,09,37,0002,Tehsil - Lalitpur 0002,015000,15 ORIYA,11,5,6,6,2,4,5,3,2
C0116,09,37,0002,Tehsil - Lalitpur 0002,015031, 1 ORIYA,11,5,6,6,2,4,5,3,2
C0116,09,37,0002,Tehsil - Lalitpur 0002,016000,16 PUNJABI,191,104,87,12,10,2,179,94,85
C0116,09,37,0002,Tehsil - Lalitpur 0002,016018, 1 PUNJABI,181,99,82,12,10,2,169,89,80
C0116,09,37,0002,Tehsil - Lalitpur 0002,016999,16 Others,10,5,5,0,0,0,10,5,5
C0116,09,37,0002,Tehsil - Lalitpur 0002,018000,18 SANTALI,1,0,1,0,0,0,1,0,1
C0116,09,37,0002,Tehsil - Lalitpur 0002,018013, 1 SANTALI,1,0,1,0,0,0,1,0,1
C0116,09,37,0002,Tehsil - Lalitpur 0002,019000,19 SINDHI,67,33,34,0,0,0,67,33,34
C0116,09,37,0002,Tehsil - Lalitpur 0002,019013, 1 SINDHI,67,33,34,0,0,0,67,33,34
C0116,09,37,0002,Tehsil - Lalitpur 0002,020000,20 TAMIL,207,110,97,173,88,85,34,22,12
C0116,09,37,0002,Tehsil - Lalitpur 0002,020020, 1 TAMIL,206,110,96,173,88,85,33,22,11
C0116,09,37,0002,Tehsil - Lalitpur 0002,020999,20 Others,1,0,1,0,0,0,1,0,1
C0116,09,37,0002,Tehsil - Lalitpur 0002,021000,21 TELUGU,4,2,2,3,2,1,1,0,1
C0116,09,37,0002,Tehsil - Lalitpur 0002,021035, 1 TELUGU,4,2,2,3,2,1,1,0,1
C0116,09,37,0002,Tehsil - Lalitpur 0002,022000,22 URDU,7802,4019,3783,105,58,47,7697,3961,3736
C0116,09,37,0002,Tehsil - Lalitpur 0002,022014, 1 URDU,7802,4019,3783,105,58,47,7697,3961,3736
C0116,09,37,0002,Tehsil - Lalitpur 0002,040000,40 ENGLISH,36,16,20,35,16,19,1,0,1
C0116,09,37,0002,Tehsil - Lalitpur 0002,040001, 1 ENGLISH,36,16,20,35,16,19,1,0,1
C0116,09,37,0002,Tehsil - Lalitpur 0002,123000,123 OTHERS,51,31,20,25,14,11,26,17,9
C0116,09,37,0003,Tehsil - Mahroni 0003,002000,2 BENGALI,87,52,35,87,52,35,0,0,0
C0116,09,37,0003,Tehsil - Mahroni 0003,002004, 1 BENGALI,87,52,35,87,52,35,0,0,0
C0116,09,37,0003,Tehsil - Mahroni 0003,006000,6 HINDI,324835,172109,152726,316196,167549,148647,8639,4560,4079
C0116,09,37,0003,Tehsil - Mahroni 0003,006045, 1 BHOJPURI,1,1,0,1,1,0,0,0,0
C0116,09,37,0003,Tehsil - Mahroni 0003,006060, 2 BUNDELI/BUNDELKHANDI,11224,5929,5295,11224,5929,5295,0,0,0
C0116,09,37,0003,Tehsil - Mahroni 0003,006095, 3 GARHWALI,2,1,1,2,1,1,0,0,0
C0116,09,37,0003,Tehsil - Mahroni 0003,006118, 4 HINDI,313593,166172,147421,304954,161612,143342,8639,4560,4079
C0116,09,37,0003,Tehsil - Mahroni 0003,006242, 5 RAJASTHANI,15,6,9,15,6,9,0,0,0
C0116,09,37,0003,Tehsil - Mahroni 0003,014000,14 NEPALI,33,15,18,33,15,18,0,0,0
C0116,09,37,0003,Tehsil - Mahroni 0003,014009, 1 NEPALI,33,15,18,33,15,18,0,0,0
C0116,09,37,0003,Tehsil - Mahroni 0003,015000,15 ORIYA,1,0,1,1,0,1,0,0,0
C0116,09,37,0003,Tehsil - Mahroni 0003,015031, 1 ORIYA,1,0,1,1,0,1,0,0,0
C0116,09,37,0003,Tehsil - Mahroni 0003,016000,16 PUNJABI,1,1,0,1,1,0,0,0,0
C0116,09,37,0003,Tehsil - Mahroni 0003,016018, 1 PUNJABI,1,1,0,1,1,0,0,0,0
C0116,09,37,0003,Tehsil - Mahroni 0003,021000,21 TELUGU,19,11,8,19,11,8,0,0,0
C0116,09,37,0003,Tehsil - Mahroni 0003,021035, 1 TELUGU,19,11,8,19,11,8,0,0,0
C0116,09,37,0003,Tehsil - Mahroni 0003,022000,22 URDU,145,75,70,116,60,56,29,15,14
C0116,09,37,0003,Tehsil - Mahroni 0003,022014, 1 URDU,145,75,70,116,60,56,29,15,14
C0116,09,37,0003,Tehsil - Mahroni 0003,123000,123 OTHERS,3,1,2,3,1,2,0,0,0
C0116,09,38,0000,District - Hamirpur  38,002000,2 BENGALI,24,16,8,13,8,5,11,8,3
C0116,09,38,0000,District - Hamirpur  38,002004, 1 BENGALI,23,15,8,13,8,5,10,7,3
C0116,09,38,0000,District - Hamirpur  38,002023, 2 RAJBANGSI,1,1,0,0,0,0,1,1,0
C0116,09,38,0000,District - Hamirpur  38,006000,6 HINDI,1016616,549380,467236,857158,463420,393738,159458,85960,73498
C0116,09,38,0000,District - Hamirpur  38,006045, 1 BHOJPURI,19,9,10,5,1,4,14,8,6
C0116,09,38,0000,District - Hamirpur  38,006059, 2 BRAJBHASHA,1,1,0,1,1,0,0,0,0
C0116,09,38,0000,District - Hamirpur  38,006060, 3 BUNDELI/BUNDELKHANDI,5300,2853,2447,5022,2713,2309,278,140,138
C0116,09,38,0000,District - Hamirpur  38,006095, 4 GARHWALI,9,6,3,2,1,1,7,5,2
C0116,09,38,0000,District - Hamirpur  38,006118, 5 HINDI,1011023,546369,464654,852090,460687,391403,158933,85682,73251
C0116,09,38,0000,District - Hamirpur  38,006127, 6 JAUNSARI,6,3,3,6,3,3,0,0,0
C0116,09,38,0000,District - Hamirpur  38,006242, 7 RAJASTHANI,47,23,24,31,13,18,16,10,6
C0116,09,38,0000,District - Hamirpur  38,006999,6 Others,211,116,95,1,1,0,210,115,95
C0116,09,38,0000,District - Hamirpur  38,011000,11 MALAYALAM,7,4,3,0,0,0,7,4,3
C0116,09,38,0000,District - Hamirpur  38,011013, 1 MALAYALAM,7,4,3,0,0,0,7,4,3
C0116,09,38,0000,District - Hamirpur  38,013000,13 MARATHI,15,5,10,2,0,2,13,5,8
C0116,09,38,0000,District - Hamirpur  38,013048, 1 MARATHI,15,5,10,2,0,2,13,5,8
C0116,09,38,0000,District - Hamirpur  38,014000,14 NEPALI,5266,2849,2417,4472,2411,2061,794,438,356
C0116,09,38,0000,District - Hamirpur  38,014009, 1 NEPALI,5266,2849,2417,4472,2411,2061,794,438,356
C0116,09,38,0000,District - Hamirpur  38,016000,16 PUNJABI,67,29,38,5,2,3,62,27,35
C0116,09,38,0000,District - Hamirpur  38,016018, 1 PUNJABI,67,29,38,5,2,3,62,27,35
C0116,09,38,0000,District - Hamirpur  38,017000,17 SANSKRIT,5,2,3,0,0,0,5,2,3
C0116,09,38,0000,District - Hamirpur  38,017002, 1 SANSKRIT,5,2,3,0,0,0,5,2,3
C0116,09,38,0000,District - Hamirpur  38,020000,20 TAMIL,2,2,0,2,2,0,0,0,0
C0116,09,38,0000,District - Hamirpur  38,020020, 1 TAMIL,2,2,0,2,2,0,0,0,0
C0116,09,38,0000,District - Hamirpur  38,022000,22 URDU,21686,11494,10192,8236,4441,3795,13450,7053,6397
C0116,09,38,0000,District - Hamirpur  38,022014, 1 URDU,21686,11494,10192,8236,4441,3795,13450,7053,6397
C0116,09,38,0000,District - Hamirpur  38,040000,40 ENGLISH,3,1,2,3,1,2,0,0,0
C0116,09,38,0000,District - Hamirpur  38,040001, 1 ENGLISH,3,1,2,3,1,2,0,0,0
C0116,09,38,0000,District - Hamirpur  38,123000,123 OTHERS,33,19,14,25,13,12,8,6,2
C0116,09,38,0001,Tehsil - Hamirpur 0001,002000,2 BENGALI,10,7,3,3,2,1,7,5,2
C0116,09,38,0001,Tehsil - Hamirpur 0001,002004, 1 BENGALI,9,6,3,3,2,1,6,4,2
C0116,09,38,0001,Tehsil - Hamirpur 0001,002023, 2 RAJBANGSI,1,1,0,0,0,0,1,1,0
C0116,09,38,0001,Tehsil - Hamirpur 0001,006000,6 HINDI,309991,167300,142691,243820,131561,112259,66171,35739,30432
C0116,09,38,0001,Tehsil - Hamirpur 0001,006045, 1 BHOJPURI,5,2,3,2,0,2,3,2,1
C0116,09,38,0001,Tehsil - Hamirpur 0001,006060, 2 BUNDELI/BUNDELKHANDI,2,1,1,1,1,0,1,0,1
C0116,09,38,0001,Tehsil - Hamirpur 0001,006095, 3 GARHWALI,3,3,0,0,0,0,3,3,0
C0116,09,38,0001,Tehsil - Hamirpur 0001,006118, 4 HINDI,309967,167288,142679,243805,131555,112250,66162,35733,30429
C0116,09,38,0001,Tehsil - Hamirpur 0001,006127, 5 JAUNSARI,2,1,1,2,1,1,0,0,0
C0116,09,38,0001,Tehsil - Hamirpur 0001,006242, 6 RAJASTHANI,12,5,7,10,4,6,2,1,1
C0116,09,38,0001,Tehsil - Hamirpur 0001,011000,11 MALAYALAM,6,3,3,0,0,0,6,3,3
C0116,09,38,0001,Tehsil - Hamirpur 0001,011013, 1 MALAYALAM,6,3,3,0,0,0,6,3,3
C0116,09,38,0001,Tehsil - Hamirpur 0001,013000,13 MARATHI,1,1,0,0,0,0,1,1,0
C0116,09,38,0001,Tehsil - Hamirpur 0001,013048, 1 MARATHI,1,1,0,0,0,0,1,1,0
C0116,09,38,0001,Tehsil - Hamirpur 0001,014000,14 NEPALI,1495,799,696,1140,605,535,355,194,161
C0116,09,38,0001,Tehsil - Hamirpur 0001,014009, 1 NEPALI,1495,799,696,1140,605,535,355,194,161
C0116,09,38,0001,Tehsil - Hamirpur 0001,016000,16 PUNJABI,9,3,6,0,0,0,9,3,6
C0116,09,38,0001,Tehsil - Hamirpur 0001,016018, 1 PUNJABI,9,3,6,0,0,0,9,3,6
C0116,09,38,0001,Tehsil - Hamirpur 0001,017000,17 SANSKRIT,5,2,3,0,0,0,5,2,3
C0116,09,38,0001,Tehsil - Hamirpur 0001,017002, 1 SANSKRIT,5,2,3,0,0,0,5,2,3
C0116,09,38,0001,Tehsil - Hamirpur 0001,020000,20 TAMIL,1,1,0,1,1,0,0,0,0
C0116,09,38,0001,Tehsil - Hamirpur 0001,020020, 1 TAMIL,1,1,0,1,1,0,0,0,0
C0116,09,38,0001,Tehsil - Hamirpur 0001,022000,22 URDU,2049,1103,946,424,240,184,1625,863,762
C0116,09,38,0001,Tehsil - Hamirpur 0001,022014, 1 URDU,2049,1103,946,424,240,184,1625,863,762
C0116,09,38,0001,Tehsil - Hamirpur 0001,123000,123 OTHERS,8,6,2,0,0,0,8,6,2
C0116,09,38,0002,Tehsil - Rath 0002,002000,2 BENGALI,4,2,2,1,0,1,3,2,1
C0116,09,38,0002,Tehsil - Rath 0002,002004, 1 BENGALI,4,2,2,1,0,1,3,2,1
C0116,09,38,0002,Tehsil - Rath 0002,006000,6 HINDI,363072,195872,167200,296882,160236,136646,66190,35636,30554
C0116,09,38,0002,Tehsil - Rath 0002,006045, 1 BHOJPURI,12,6,6,1,0,1,11,6,5
C0116,09,38,0002,Tehsil - Rath 0002,006060, 2 BUNDELI/BUNDELKHANDI,5269,2835,2434,4999,2700,2299,270,135,135
C0116,09,38,0002,Tehsil - Rath 0002,006095, 3 GARHWALI,5,3,2,1,1,0,4,2,2
C0116,09,38,0002,Tehsil - Rath 0002,006118, 4 HINDI,357551,192898,164653,291870,157529,134341,65681,35369,30312
C0116,09,38,0002,Tehsil - Rath 0002,006127, 5 JAUNSARI,1,0,1,1,0,1,0,0,0
C0116,09,38,0002,Tehsil - Rath 0002,006242, 6 RAJASTHANI,24,15,9,10,6,4,14,9,5
C0116,09,38,0002,Tehsil - Rath 0002,006999,6 Others,210,115,95,0,0,0,210,115,95
C0116,09,38,0002,Tehsil - Rath 0002,013000,13 MARATHI,5,1,4,2,0,2,3,1,2
C0116,09,38,0002,Tehsil - Rath 0002,013048, 1 MARATHI,5,1,4,2,0,2,3,1,2
C0116,09,38,0002,Tehsil - Rath 0002,014000,14 NEPALI,1532,818,714,1274,673,601,258,145,113
C0116,09,38,0002,Tehsil - Rath 0002,014009, 1 NEPALI,1532,818,714,1274,673,601,258,145,113
C0116,09,38,0002,Tehsil - Rath 0002,016000,16 PUNJABI,48,20,28,0,0,0,48,20,28
C0116,09,38,0002,Tehsil - Rath 0002,016018, 1 PUNJABI,48,20,28,0,0,0,48,20,28
C0116,09,38,0002,Tehsil - Rath 0002,022000,22 URDU,4959,2624,2335,570,320,250,4389,2304,2085
C0116,09,38,0002,Tehsil - Rath 0002,022014, 1 URDU,4959,2624,2335,570,320,250,4389,2304,2085
C0116,09,38,0002,Tehsil - Rath 0002,040000,40 ENGLISH,1,1,0,1,1,0,0,0,0
C0116,09,38,0002,Tehsil - Rath 0002,040001, 1 ENGLISH,1,1,0,1,1,0,0,0,0
C0116,09,38,0002,Tehsil - Rath 0002,123000,123 OTHERS,6,4,2,6,4,2,0,0,0
C0116,09,38,0003,Tehsil - Maudaha 0003,002000,2 BENGALI,10,7,3,9,6,3,1,1,0
C0116,09,38,0003,Tehsil - Maudaha 0003,002004, 1 BENGALI,10,7,3,9,6,3,1,1,0
C0116,09,38,0003,Tehsil - Maudaha 0003,006000,6 HINDI,343553,186208,157345,316456,171623,144833,27097,14585,12512
C0116,09,38,0003,Tehsil - Maudaha 0003,006045, 1 BHOJPURI,2,1,1,2,1,1,0,0,0
C0116,09,38,0003,Tehsil - Maudaha 0003,006059, 2 BRAJBHASHA,1,1,0,1,1,0,0,0,0
C0116,09,38,0003,Tehsil - Maudaha 0003,006060, 3 BUNDELI/BUNDELKHANDI,29,17,12,22,12,10,7,5,2
C0116,09,38,0003,Tehsil - Maudaha 0003,006095, 4 GARHWALI,1,0,1,1,0,1,0,0,0
C0116,09,38,0003,Tehsil - Maudaha 0003,006118, 5 HINDI,343505,186183,157322,316415,171603,144812,27090,14580,12510
C0116,09,38,0003,Tehsil - Maudaha 0003,006127, 6 JAUNSARI,3,2,1,3,2,1,0,0,0
C0116,09,38,0003,Tehsil - Maudaha 0003,006242, 7 RAJASTHANI,11,3,8,11,3,8,0,0,0
C0116,09,38,0003,Tehsil - Maudaha 0003,006999,6 Others,1,1,0,1,1,0,0,0,0
C0116,09,38,0003,Tehsil - Maudaha 0003,011000,11 MALAYALAM,1,1,0,0,0,0,1,1,0
C0116,09,38,0003,Tehsil - Maudaha 0003,011013, 1 MALAYALAM,1,1,0,0,0,0,1,1,0
C0116,09,38,0003,Tehsil - Maudaha 0003,013000,13 MARATHI,9,3,6,0,0,0,9,3,6
C0116,09,38,0003,Tehsil - Maudaha 0003,013048, 1 MARATHI,9,3,6,0,0,0,9,3,6
C0116,09,38,0003,Tehsil - Maudaha 0003,014000,14 NEPALI,2239,1232,1007,2058,1133,925,181,99,82
C0116,09,38,0003,Tehsil - Maudaha 0003,014009, 1 NEPALI,2239,1232,1007,2058,1133,925,181,99,82
C0116,09,38,0003,Tehsil - Maudaha 0003,016000,16 PUNJABI,10,6,4,5,2,3,5,4,1
C0116,09,38,0003,Tehsil - Maudaha 0003,016018, 1 PUNJABI,10,6,4,5,2,3,5,4,1
C0116,09,38,0003,Tehsil - Maudaha 0003,020000,20 TAMIL,1,1,0,1,1,0,0,0,0
C0116,09,38,0003,Tehsil - Maudaha 0003,020020, 1 TAMIL,1,1,0,1,1,0,0,0,0
C0116,09,38,0003,Tehsil - Maudaha 0003,022000,22 URDU,14678,7767,6911,7242,3881,3361,7436,3886,3550
C0116,09,38,0003,Tehsil - Maudaha 0003,022014, 1 URDU,14678,7767,6911,7242,3881,3361,7436,3886,3550
C0116,09,38,0003,Tehsil - Maudaha 0003,040000,40 ENGLISH,2,0,2,2,0,2,0,0,0
C0116,09,38,0003,Tehsil - Maudaha 0003,040001, 1 ENGLISH,2,0,2,2,0,2,0,0,0
C0116,09,38,0003,Tehsil - Maudaha 0003,123000,123 OTHERS,19,9,10,19,9,10,0,0,0
C0116,09,39,0000,District - Mahoba *  39,002000,2 BENGALI,35,22,13,11,5,6,24,17,7
C0116,09,39,0000,District - Mahoba *  39,002004, 1 BENGALI,35,22,13,11,5,6,24,17,7
C0116,09,39,0000,District - Mahoba *  39,006000,6 HINDI,699611,374984,324627,551708,296184,255524,147903,78800,69103
C0116,09,39,0000,District - Mahoba *  39,006008, 1 AWADHI,40,21,19,0,0,0,40,21,19
C0116,09,39,0000,District - Mahoba *  39,006045, 2 BHOJPURI,7,4,3,3,1,2,4,3,1
C0116,09,39,0000,District - Mahoba *  39,006060, 3 BUNDELI/BUNDELKHANDI,10279,5471,4808,5071,2730,2341,5208,2741,2467
C0116,09,39,0000,District - Mahoba *  39,006072, 4 CHHATTISGARHI,2,2,0,2,2,0,0,0,0
C0116,09,39,0000,District - Mahoba *  39,006095, 5 GARHWALI,4,2,2,2,1,1,2,1,1
C0116,09,39,0000,District - Mahoba *  39,006118, 6 HINDI,689226,369463,319763,546595,293437,253158,142631,76026,66605
C0116,09,39,0000,District - Mahoba *  39,006162, 7 KUMAUNI,1,0,1,1,0,1,0,0,0
C0116,09,39,0000,District - Mahoba *  39,006195, 8 MEWARI,18,5,13,18,5,13,0,0,0
C0116,09,39,0000,District - Mahoba *  39,006242, 9 RAJASTHANI,31,16,15,13,8,5,18,8,10
C0116,09,39,0000,District - Mahoba *  39,006999,6 Others,3,0,3,3,0,3,0,0,0
C0116,09,39,0000,District - Mahoba *  39,011000,11 MALAYALAM,16,7,9,6,3,3,10,4,6
C0116,09,39,0000,District - Mahoba *  39,011013, 1 MALAYALAM,16,7,9,6,3,3,10,4,6
C0116,09,39,0000,District - Mahoba *  39,013000,13 MARATHI,19,10,9,2,0,2,17,10,7
C0116,09,39,0000,District - Mahoba *  39,013048, 1 MARATHI,19,10,9,2,0,2,17,10,7
C0116,09,39,0000,District - Mahoba *  39,014000,14 NEPALI,870,484,386,694,392,302,176,92,84
C0116,09,39,0000,District - Mahoba *  39,014009, 1 NEPALI,870,484,386,694,392,302,176,92,84
C0116,09,39,0000,District - Mahoba *  39,015000,15 ORIYA,5,1,4,1,0,1,4,1,3
C0116,09,39,0000,District - Mahoba *  39,015031, 1 ORIYA,5,1,4,1,0,1,4,1,3
C0116,09,39,0000,District - Mahoba *  39,016000,16 PUNJABI,156,83,73,13,7,6,143,76,67
C0116,09,39,0000,District - Mahoba *  39,016018, 1 PUNJABI,156,83,73,13,7,6,143,76,67
C0116,09,39,0000,District - Mahoba *  39,019000,19 SINDHI,32,18,14,0,0,0,32,18,14
C0116,09,39,0000,District - Mahoba *  39,019013, 1 SINDHI,32,18,14,0,0,0,32,18,14
C0116,09,39,0000,District - Mahoba *  39,020000,20 TAMIL,154,85,69,149,83,66,5,2,3
C0116,09,39,0000,District - Mahoba *  39,020020, 1 TAMIL,154,85,69,149,83,66,5,2,3
C0116,09,39,0000,District - Mahoba *  39,021000,21 TELUGU,17,12,5,4,2,2,13,10,3
C0116,09,39,0000,District - Mahoba *  39,021035, 1 TELUGU,17,12,5,4,2,2,13,10,3
C0116,09,39,0000,District - Mahoba *  39,022000,22 URDU,7511,3977,3534,948,529,419,6563,3448,3115
C0116,09,39,0000,District - Mahoba *  39,022014, 1 URDU,7511,3977,3534,948,529,419,6563,3448,3115
C0116,09,39,0000,District - Mahoba *  39,040000,40 ENGLISH,3,0,3,0,0,0,3,0,3
C0116,09,39,0000,District - Mahoba *  39,040001, 1 ENGLISH,3,0,3,0,0,0,3,0,3
C0116,09,39,0000,District - Mahoba *  39,115000,115 TRIPURI,1,0,1,0,0,0,1,0,1
C0116,09,39,0000,District - Mahoba *  39,115006, 1 TRIPURI,1,0,1,0,0,0,1,0,1
C0116,09,39,0000,District - Mahoba *  39,123000,123 OTHERS,17,8,9,16,8,8,1,0,1
C0116,09,39,0001,Tehsil - Kulpahar 0001,002000,2 BENGALI,6,4,2,5,3,2,1,1,0
C0116,09,39,0001,Tehsil - Kulpahar 0001,002004, 1 BENGALI,6,4,2,5,3,2,1,1,0
C0116,09,39,0001,Tehsil - Kulpahar 0001,006000,6 HINDI,291665,155901,135764,274508,146935,127573,17157,8966,8191
C0116,09,39,0001,Tehsil - Kulpahar 0001,006045, 1 BHOJPURI,2,1,1,2,1,1,0,0,0
C0116,09,39,0001,Tehsil - Kulpahar 0001,006060, 2 BUNDELI/BUNDELKHANDI,9079,4834,4245,3899,2106,1793,5180,2728,2452
C0116,09,39,0001,Tehsil - Kulpahar 0001,006072, 3 CHHATTISGARHI,2,2,0,2,2,0,0,0,0
C0116,09,39,0001,Tehsil - Kulpahar 0001,006095, 4 GARHWALI,3,2,1,2,1,1,1,1,0
C0116,09,39,0001,Tehsil - Kulpahar 0001,006118, 5 HINDI,282577,151062,131515,270601,144825,125776,11976,6237,5739
C0116,09,39,0001,Tehsil - Kulpahar 0001,006162, 6 KUMAUNI,1,0,1,1,0,1,0,0,0
C0116,09,39,0001,Tehsil - Kulpahar 0001,006999,6 Others,1,0,1,1,0,1,0,0,0
C0116,09,39,0001,Tehsil - Kulpahar 0001,011000,11 MALAYALAM,6,3,3,6,3,3,0,0,0
C0116,09,39,0001,Tehsil - Kulpahar 0001,011013, 1 MALAYALAM,6,3,3,6,3,3,0,0,0
C0116,09,39,0001,Tehsil - Kulpahar 0001,013000,13 MARATHI,3,0,3,2,0,2,1,0,1
C0116,09,39,0001,Tehsil - Kulpahar 0001,013048, 1 MARATHI,3,0,3,2,0,2,1,0,1
C0116,09,39,0001,Tehsil - Kulpahar 0001,014000,14 NEPALI,360,212,148,345,201,144,15,11,4
C0116,09,39,0001,Tehsil - Kulpahar 0001,014009, 1 NEPALI,360,212,148,345,201,144,15,11,4
C0116,09,39,0001,Tehsil - Kulpahar 0001,015000,15 ORIYA,4,1,3,1,0,1,3,1,2
C0116,09,39,0001,Tehsil - Kulpahar 0001,015031, 1 ORIYA,4,1,3,1,0,1,3,1,2
C0116,09,39,0001,Tehsil - Kulpahar 0001,016000,16 PUNJABI,13,7,6,13,7,6,0,0,0
C0116,09,39,0001,Tehsil - Kulpahar 0001,016018, 1 PUNJABI,13,7,6,13,7,6,0,0,0
C0116,09,39,0001,Tehsil - Kulpahar 0001,020000,20 TAMIL,140,73,67,139,73,66,1,0,1
C0116,09,39,0001,Tehsil - Kulpahar 0001,020020, 1 TAMIL,140,73,67,139,73,66,1,0,1
C0116,09,39,0001,Tehsil - Kulpahar 0001,021000,21 TELUGU,13,9,4,4,2,2,9,7,2
C0116,09,39,0001,Tehsil - Kulpahar 0001,021035, 1 TELUGU,13,9,4,4,2,2,9,7,2
C0116,09,39,0001,Tehsil - Kulpahar 0001,022000,22 URDU,749,396,353,497,270,227,252,126,126
C0116,09,39,0001,Tehsil - Kulpahar 0001,022014, 1 URDU,749,396,353,497,270,227,252,126,126
C0116,09,39,0001,Tehsil - Kulpahar 0001,040000,40 ENGLISH,3,0,3,0,0,0,3,0,3
C0116,09,39,0001,Tehsil - Kulpahar 0001,040001, 1 ENGLISH,3,0,3,0,0,0,3,0,3
C0116,09,39,0001,Tehsil - Kulpahar 0001,123000,123 OTHERS,1,0,1,1,0,1,0,0,0
C0116,09,39,0002,Tehsil - Charkhari 0002,002000,2 BENGALI,10,8,2,0,0,0,10,8,2
C0116,09,39,0002,Tehsil - Charkhari 0002,002004, 1 BENGALI,10,8,2,0,0,0,10,8,2
C0116,09,39,0002,Tehsil - Charkhari 0002,006000,6 HINDI,136378,73288,63090,102087,54969,47118,34291,18319,15972
C0116,09,39,0002,Tehsil - Charkhari 0002,006045, 1 BHOJPURI,4,2,2,1,0,1,3,2,1
C0116,09,39,0002,Tehsil - Charkhari 0002,006060, 2 BUNDELI/BUNDELKHANDI,8,3,5,0,0,0,8,3,5
C0116,09,39,0002,Tehsil - Charkhari 0002,006095, 3 GARHWALI,1,0,1,0,0,0,1,0,1
C0116,09,39,0002,Tehsil - Charkhari 0002,006118, 4 HINDI,136352,73279,63073,102084,54969,47115,34268,18310,15958
C0116,09,39,0002,Tehsil - Charkhari 0002,006242, 5 RAJASTHANI,11,4,7,0,0,0,11,4,7
C0116,09,39,0002,Tehsil - Charkhari 0002,006999,6 Others,2,0,2,2,0,2,0,0,0
C0116,09,39,0002,Tehsil - Charkhari 0002,011000,11 MALAYALAM,5,4,1,0,0,0,5,4,1
C0116,09,39,0002,Tehsil - Charkhari 0002,011013, 1 MALAYALAM,5,4,1,0,0,0,5,4,1
C0116,09,39,0002,Tehsil - Charkhari 0002,013000,13 MARATHI,6,4,2,0,0,0,6,4,2
C0116,09,39,0002,Tehsil - Charkhari 0002,013048, 1 MARATHI,6,4,2,0,0,0,6,4,2
C0116,09,39,0002,Tehsil - Charkhari 0002,014000,14 NEPALI,143,62,81,89,38,51,54,24,30
C0116,09,39,0002,Tehsil - Charkhari 0002,014009, 1 NEPALI,143,62,81,89,38,51,54,24,30
C0116,09,39,0002,Tehsil - Charkhari 0002,016000,16 PUNJABI,16,16,0,0,0,0,16,16,0
C0116,09,39,0002,Tehsil - Charkhari 0002,016018, 1 PUNJABI,16,16,0,0,0,0,16,16,0
C0116,09,39,0002,Tehsil - Charkhari 0002,022000,22 URDU,3164,1654,1510,136,73,63,3028,1581,1447
C0116,09,39,0002,Tehsil - Charkhari 0002,022014, 1 URDU,3164,1654,1510,136,73,63,3028,1581,1447
C0116,09,39,0002,Tehsil - Charkhari 0002,115000,115 TRIPURI,1,0,1,0,0,0,1,0,1
C0116,09,39,0002,Tehsil - Charkhari 0002,115006, 1 TRIPURI,1,0,1,0,0,0,1,0,1
C0116,09,39,0002,Tehsil - Charkhari 0002,123000,123 OTHERS,11,7,4,11,7,4,0,0,0
C0116,09,39,0003,Tehsil - Mahoba 0003,002000,2 BENGALI,19,10,9,6,2,4,13,8,5
C0116,09,39,0003,Tehsil - Mahoba 0003,002004, 1 BENGALI,19,10,9,6,2,4,13,8,5
C0116,09,39,0003,Tehsil - Mahoba 0003,006000,6 HINDI,271568,145795,125773,175113,94280,80833,96455,51515,44940
C0116,09,39,0003,Tehsil - Mahoba 0003,006008, 1 AWADHI,40,21,19,0,0,0,40,21,19
C0116,09,39,0003,Tehsil - Mahoba 0003,006045, 2 BHOJPURI,1,1,0,0,0,0,1,1,0
C0116,09,39,0003,Tehsil - Mahoba 0003,006060, 3 BUNDELI/BUNDELKHANDI,1192,634,558,1172,624,548,20,10,10
C0116,09,39,0003,Tehsil - Mahoba 0003,006118, 4 HINDI,270297,145122,125175,173910,93643,80267,96387,51479,44908
C0116,09,39,0003,Tehsil - Mahoba 0003,006195, 5 MEWARI,18,5,13,18,5,13,0,0,0
C0116,09,39,0003,Tehsil - Mahoba 0003,006242, 6 RAJASTHANI,20,12,8,13,8,5,7,4,3
C0116,09,39,0003,Tehsil - Mahoba 0003,011000,11 MALAYALAM,5,0,5,0,0,0,5,0,5
C0116,09,39,0003,Tehsil - Mahoba 0003,011013, 1 MALAYALAM,5,0,5,0,0,0,5,0,5
C0116,09,39,0003,Tehsil - Mahoba 0003,013000,13 MARATHI,10,6,4,0,0,0,10,6,4
C0116,09,39,0003,Tehsil - Mahoba 0003,013048, 1 MARATHI,10,6,4,0,0,0,10,6,4
C0116,09,39,0003,Tehsil - Mahoba 0003,014000,14 NEPALI,367,210,157,260,153,107,107,57,50
C0116,09,39,0003,Tehsil - Mahoba 0003,014009, 1 NEPALI,367,210,157,260,153,107,107,57,50
C0116,09,39,0003,Tehsil - Mahoba 0003,015000,15 ORIYA,1,0,1,0,0,0,1,0,1
C0116,09,39,0003,Tehsil - Mahoba 0003,015031, 1 ORIYA,1,0,1,0,0,0,1,0,1
C0116,09,39,0003,Tehsil - Mahoba 0003,016000,16 PUNJABI,127,60,67,0,0,0,127,60,67
C0116,09,39,0003,Tehsil - Mahoba 0003,016018, 1 PUNJABI,127,60,67,0,0,0,127,60,67
C0116,09,39,0003,Tehsil - Mahoba 0003,019000,19 SINDHI,32,18,14,0,0,0,32,18,14
C0116,09,39,0003,Tehsil - Mahoba 0003,019013, 1 SINDHI,32,18,14,0,0,0,32,18,14
C0116,09,39,0003,Tehsil - Mahoba 0003,020000,20 TAMIL,14,12,2,10,10,0,4,2,2
C0116,09,39,0003,Tehsil - Mahoba 0003,020020, 1 TAMIL,14,12,2,10,10,0,4,2,2
C0116,09,39,0003,Tehsil - Mahoba 0003,021000,21 TELUGU,4,3,1,0,0,0,4,3,1
C0116,09,39,0003,Tehsil - Mahoba 0003,021035, 1 TELUGU,4,3,1,0,0,0,4,3,1
C0116,09,39,0003,Tehsil - Mahoba 0003,022000,22 URDU,3598,1927,1671,315,186,129,3283,1741,1542
C0116,09,39,0003,Tehsil - Mahoba 0003,022014, 1 URDU,3598,1927,1671,315,186,129,3283,1741,1542
C0116,09,39,0003,Tehsil - Mahoba 0003,123000,123 OTHERS,5,1,4,4,1,3,1,0,1
C0116,09,40,0000,District - Banda  40,002000,2 BENGALI,33,19,14,9,7,2,24,12,12
C0116,09,40,0000,District - Banda  40,002004, 1 BENGALI,33,19,14,9,7,2,24,12,12
C0116,09,40,0000,District - Banda  40,005000,5 GUJARATI,56,29,27,31,15,16,25,14,11
C0116,09,40,0000,District - Banda  40,005011, 1 GUJARATI,56,29,27,31,15,16,25,14,11
C0116,09,40,0000,District - Banda  40,006000,6 HINDI,1496053,804319,691734,1271950,683274,588676,224103,121045,103058
C0116,09,40,0000,District - Banda  40,006008, 1 AWADHI,2,2,0,2,2,0,0,0,0
C0116,09,40,0000,District - Banda  40,006045, 2 BHOJPURI,30,13,17,19,7,12,11,6,5
C0116,09,40,0000,District - Banda  40,006060, 3 BUNDELI/BUNDELKHANDI,4859,2630,2229,4799,2603,2196,60,27,33
C0116,09,40,0000,District - Banda  40,006072, 4 CHHATTISGARHI,1,0,1,1,0,1,0,0,0
C0116,09,40,0000,District - Banda  40,006095, 5 GARHWALI,188,97,91,185,96,89,3,1,2
C0116,09,40,0000,District - Banda  40,006118, 6 HINDI,1490747,801455,689292,1266852,680510,586342,223895,120945,102950
C0116,09,40,0000,District - Banda  40,006127, 7 JAUNSARI,66,46,20,53,38,15,13,8,5
C0116,09,40,0000,District - Banda  40,006162, 8 KUMAUNI,1,0,1,0,0,0,1,0,1
C0116,09,40,0000,District - Banda  40,006192, 9 MARWARI,8,3,5,8,3,5,0,0,0
C0116,09,40,0000,District - Banda  40,006242, 10 RAJASTHANI,150,73,77,30,15,15,120,58,62
C0116,09,40,0000,District - Banda  40,006999,6 Others,1,0,1,1,0,1,0,0,0
C0116,09,40,0000,District - Banda  40,007000,7 KANNADA,7,1,6,7,1,6,0,0,0
C0116,09,40,0000,District - Banda  40,007013, 1 KANNADA,7,1,6,7,1,6,0,0,0
C0116,09,40,0000,District - Banda  40,008000,8 KASHMIRI,2,2,0,2,2,0,0,0,0
C0116,09,40,0000,District - Banda  40,008002, 1 KASHMIRI,2,2,0,2,2,0,0,0,0
C0116,09,40,0000,District - Banda  40,011000,11 MALAYALAM,19,9,10,2,0,2,17,9,8
C0116,09,40,0000,District - Banda  40,011013, 1 MALAYALAM,15,6,9,2,0,2,13,6,7
C0116,09,40,0000,District - Banda  40,011999,11 Others,4,3,1,0,0,0,4,3,1
C0116,09,40,0000,District - Banda  40,013000,13 MARATHI,65,38,27,2,0,2,63,38,25
C0116,09,40,0000,District - Banda  40,013048, 1 MARATHI,65,38,27,2,0,2,63,38,25
C0116,09,40,0000,District - Banda  40,014000,14 NEPALI,5711,3236,2475,4859,2778,2081,852,458,394
C0116,09,40,0000,District - Banda  40,014009, 1 NEPALI,5711,3236,2475,4859,2778,2081,852,458,394
C0116,09,40,0000,District - Banda  40,015000,15 ORIYA,5,1,4,4,0,4,1,1,0
C0116,09,40,0000,District - Banda  40,015031, 1 ORIYA,5,1,4,4,0,4,1,1,0
C0116,09,40,0000,District - Banda  40,016000,16 PUNJABI,130,71,59,3,3,0,127,68,59
C0116,09,40,0000,District - Banda  40,016018, 1 PUNJABI,121,66,55,3,3,0,118,63,55
C0116,09,40,0000,District - Banda  40,016999,16 Others,9,5,4,0,0,0,9,5,4
C0116,09,40,0000,District - Banda  40,017000,17 SANSKRIT,3,2,1,3,2,1,0,0,0
C0116,09,40,0000,District - Banda  40,017002, 1 SANSKRIT,3,2,1,3,2,1,0,0,0
C0116,09,40,0000,District - Banda  40,018000,18 SANTALI,1,0,1,1,0,1,0,0,0
C0116,09,40,0000,District - Banda  40,018013, 1 SANTALI,1,0,1,1,0,1,0,0,0
C0116,09,40,0000,District - Banda  40,019000,19 SINDHI,557,302,255,0,0,0,557,302,255
C0116,09,40,0000,District - Banda  40,019013, 1 SINDHI,557,302,255,0,0,0,557,302,255
C0116,09,40,0000,District - Banda  40,020000,20 TAMIL,8,4,4,1,1,0,7,3,4
C0116,09,40,0000,District - Banda  40,020020, 1 TAMIL,8,4,4,1,1,0,7,3,4
C0116,09,40,0000,District - Banda  40,022000,22 URDU,34610,18473,16137,16421,8893,7528,18189,9580,8609
C0116,09,40,0000,District - Banda  40,022014, 1 URDU,34610,18473,16137,16421,8893,7528,18189,9580,8609
C0116,09,40,0000,District - Banda  40,040000,40 ENGLISH,11,7,4,1,1,0,10,6,4
C0116,09,40,0000,District - Banda  40,040001, 1 ENGLISH,11,7,4,1,1,0,10,6,4
C0116,09,40,0000,District - Banda  40,123000,123 OTHERS,63,31,32,20,12,8,43,19,24
C0116,09,40,0001,Tehsil - Banda 0001,002000,2 BENGALI,26,14,12,6,4,2,20,10,10
C0116,09,40,0001,Tehsil - Banda 0001,002004, 1 BENGALI,26,14,12,6,4,2,20,10,10
C0116,09,40,0001,Tehsil - Banda 0001,005000,5 GUJARATI,25,14,11,0,0,0,25,14,11
C0116,09,40,0001,Tehsil - Banda 0001,005011, 1 GUJARATI,25,14,11,0,0,0,25,14,11
C0116,09,40,0001,Tehsil - Banda 0001,006000,6 HINDI,525694,282890,242804,387634,208347,179287,138060,74543,63517
C0116,09,40,0001,Tehsil - Banda 0001,006045, 1 BHOJPURI,14,8,6,5,2,3,9,6,3
C0116,09,40,0001,Tehsil - Banda 0001,006060, 2 BUNDELI/BUNDELKHANDI,821,448,373,802,439,363,19,9,10
C0116,09,40,0001,Tehsil - Banda 0001,006095, 3 GARHWALI,183,94,89,180,93,87,3,1,2
C0116,09,40,0001,Tehsil - Banda 0001,006118, 4 HINDI,524659,282328,242331,386636,207806,178830,138023,74522,63501
C0116,09,40,0001,Tehsil - Banda 0001,006127, 5 JAUNSARI,7,6,1,1,1,0,6,5,1
C0116,09,40,0001,Tehsil - Banda 0001,006242, 6 RAJASTHANI,9,6,3,9,6,3,0,0,0
C0116,09,40,0001,Tehsil - Banda 0001,006999,6 Others,1,0,1,1,0,1,0,0,0
C0116,09,40,0001,Tehsil - Banda 0001,007000,7 KANNADA,7,1,6,7,1,6,0,0,0
C0116,09,40,0001,Tehsil - Banda 0001,007013, 1 KANNADA,7,1,6,7,1,6,0,0,0
C0116,09,40,0001,Tehsil - Banda 0001,008000,8 KASHMIRI,2,2,0,2,2,0,0,0,0
C0116,09,40,0001,Tehsil - Banda 0001,008002, 1 KASHMIRI,2,2,0,2,2,0,0,0,0
C0116,09,40,0001,Tehsil - Banda 0001,011000,11 MALAYALAM,14,6,8,2,0,2,12,6,6
C0116,09,40,0001,Tehsil - Banda 0001,011013, 1 MALAYALAM,14,6,8,2,0,2,12,6,6
C0116,09,40,0001,Tehsil - Banda 0001,013000,13 MARATHI,63,38,25,0,0,0,63,38,25
C0116,09,40,0001,Tehsil - Banda 0001,013048, 1 MARATHI,63,38,25,0,0,0,63,38,25
C0116,09,40,0001,Tehsil - Banda 0001,014000,14 NEPALI,1378,820,558,956,585,371,422,235,187
C0116,09,40,0001,Tehsil - Banda 0001,014009, 1 NEPALI,1378,820,558,956,585,371,422,235,187
C0116,09,40,0001,Tehsil - Banda 0001,015000,15 ORIYA,1,0,1,1,0,1,0,0,0
C0116,09,40,0001,Tehsil - Banda 0001,015031, 1 ORIYA,1,0,1,1,0,1,0,0,0
C0116,09,40,0001,Tehsil - Banda 0001,016000,16 PUNJABI,111,58,53,1,1,0,110,57,53
C0116,09,40,0001,Tehsil - Banda 0001,016018, 1 PUNJABI,102,53,49,1,1,0,101,52,49
C0116,09,40,0001,Tehsil - Banda 0001,016999,16 Others,9,5,4,0,0,0,9,5,4
C0116,09,40,0001,Tehsil - Banda 0001,017000,17 SANSKRIT,1,0,1,1,0,1,0,0,0
C0116,09,40,0001,Tehsil - Banda 0001,017002, 1 SANSKRIT,1,0,1,1,0,1,0,0,0
C0116,09,40,0001,Tehsil - Banda 0001,018000,18 SANTALI,1,0,1,1,0,1,0,0,0
C0116,09,40,0001,Tehsil - Banda 0001,018013, 1 SANTALI,1,0,1,1,0,1,0,0,0
C0116,09,40,0001,Tehsil - Banda 0001,019000,19 SINDHI,497,267,230,0,0,0,497,267,230
C0116,09,40,0001,Tehsil - Banda 0001,019013, 1 SINDHI,497,267,230,0,0,0,497,267,230
C0116,09,40,0001,Tehsil - Banda 0001,020000,20 TAMIL,5,3,2,0,0,0,5,3,2
C0116,09,40,0001,Tehsil - Banda 0001,020020, 1 TAMIL,5,3,2,0,0,0,5,3,2
C0116,09,40,0001,Tehsil - Banda 0001,022000,22 URDU,29984,16042,13942,11989,6577,5412,17995,9465,8530
C0116,09,40,0001,Tehsil - Banda 0001,022014, 1 URDU,29984,16042,13942,11989,6577,5412,17995,9465,8530
C0116,09,40,0001,Tehsil - Banda 0001,040000,40 ENGLISH,11,7,4,1,1,0,10,6,4
C0116,09,40,0001,Tehsil - Banda 0001,040001, 1 ENGLISH,11,7,4,1,1,0,10,6,4
C0116,09,40,0001,Tehsil - Banda 0001,123000,123 OTHERS,41,20,21,3,3,0,38,17,21
C0116,09,40,0002,Tehsil - Baberu 0002,006000,6 HINDI,388262,207783,180479,373827,200043,173784,14435,7740,6695
C0116,09,40,0002,Tehsil - Baberu 0002,006008, 1 AWADHI,2,2,0,2,2,0,0,0,0
C0116,09,40,0002,Tehsil - Baberu 0002,006045, 2 BHOJPURI,10,2,8,10,2,8,0,0,0
C0116,09,40,0002,Tehsil - Baberu 0002,006060, 3 BUNDELI/BUNDELKHANDI,2803,1538,1265,2803,1538,1265,0,0,0
C0116,09,40,0002,Tehsil - Baberu 0002,006072, 4 CHHATTISGARHI,1,0,1,1,0,1,0,0,0
C0116,09,40,0002,Tehsil - Baberu 0002,006095, 5 GARHWALI,4,2,2,4,2,2,0,0,0
C0116,09,40,0002,Tehsil - Baberu 0002,006118, 6 HINDI,385405,206221,179184,370970,198481,172489,14435,7740,6695
C0116,09,40,0002,Tehsil - Baberu 0002,006127, 7 JAUNSARI,8,6,2,8,6,2,0,0,0
C0116,09,40,0002,Tehsil - Baberu 0002,006192, 8 MARWARI,8,3,5,8,3,5,0,0,0
C0116,09,40,0002,Tehsil - Baberu 0002,006242, 9 RAJASTHANI,21,9,12,21,9,12,0,0,0
C0116,09,40,0002,Tehsil - Baberu 0002,011000,11 MALAYALAM,4,3,1,0,0,0,4,3,1
C0116,09,40,0002,Tehsil - Baberu 0002,011999,11 Others,4,3,1,0,0,0,4,3,1
C0116,09,40,0002,Tehsil - Baberu 0002,013000,13 MARATHI,1,0,1,1,0,1,0,0,0
C0116,09,40,0002,Tehsil - Baberu 0002,013048, 1 MARATHI,1,0,1,1,0,1,0,0,0
C0116,09,40,0002,Tehsil - Baberu 0002,014000,14 NEPALI,872,524,348,816,488,328,56,36,20
C0116,09,40,0002,Tehsil - Baberu 0002,014009, 1 NEPALI,872,524,348,816,488,328,56,36,20
C0116,09,40,0002,Tehsil - Baberu 0002,015000,15 ORIYA,2,0,2,2,0,2,0,0,0
C0116,09,40,0002,Tehsil - Baberu 0002,015031, 1 ORIYA,2,0,2,2,0,2,0,0,0
C0116,09,40,0002,Tehsil - Baberu 0002,016000,16 PUNJABI,1,1,0,1,1,0,0,0,0
C0116,09,40,0002,Tehsil - Baberu 0002,016018, 1 PUNJABI,1,1,0,1,1,0,0,0,0
C0116,09,40,0002,Tehsil - Baberu 0002,017000,17 SANSKRIT,1,1,0,1,1,0,0,0,0
C0116,09,40,0002,Tehsil - Baberu 0002,017002, 1 SANSKRIT,1,1,0,1,1,0,0,0,0
C0116,09,40,0002,Tehsil - Baberu 0002,022000,22 URDU,3455,1771,1684,3451,1769,1682,4,2,2
C0116,09,40,0002,Tehsil - Baberu 0002,022014, 1 URDU,3455,1771,1684,3451,1769,1682,4,2,2
C0116,09,40,0003,Tehsil - Atarra 0003,002000,2 BENGALI,6,5,1,3,3,0,3,2,1
C0116,09,40,0003,Tehsil - Atarra 0003,002004, 1 BENGALI,6,5,1,3,3,0,3,2,1
C0116,09,40,0003,Tehsil - Atarra 0003,005000,5 GUJARATI,31,15,16,31,15,16,0,0,0
C0116,09,40,0003,Tehsil - Atarra 0003,005011, 1 GUJARATI,31,15,16,31,15,16,0,0,0
C0116,09,40,0003,Tehsil - Atarra 0003,006000,6 HINDI,332708,179575,153133,274108,147799,126309,58600,31776,26824
C0116,09,40,0003,Tehsil - Atarra 0003,006045, 1 BHOJPURI,4,2,2,2,2,0,2,0,2
C0116,09,40,0003,Tehsil - Atarra 0003,006060, 2 BUNDELI/BUNDELKHANDI,844,435,409,803,417,386,41,18,23
C0116,09,40,0003,Tehsil - Atarra 0003,006095, 3 GARHWALI,1,1,0,1,1,0,0,0,0
C0116,09,40,0003,Tehsil - Atarra 0003,006118, 4 HINDI,331713,179063,152650,273283,147366,125917,58430,31697,26733
C0116,09,40,0003,Tehsil - Atarra 0003,006127, 5 JAUNSARI,26,16,10,19,13,6,7,3,4
C0116,09,40,0003,Tehsil - Atarra 0003,006242, 6 RAJASTHANI,120,58,62,0,0,0,120,58,62
C0116,09,40,0003,Tehsil - Atarra 0003,014000,14 NEPALI,2525,1373,1152,2179,1203,976,346,170,176
C0116,09,40,0003,Tehsil - Atarra 0003,014009, 1 NEPALI,2525,1373,1152,2179,1203,976,346,170,176
C0116,09,40,0003,Tehsil - Atarra 0003,015000,15 ORIYA,1,1,0,0,0,0,1,1,0
C0116,09,40,0003,Tehsil - Atarra 0003,015031, 1 ORIYA,1,1,0,0,0,0,1,1,0
C0116,09,40,0003,Tehsil - Atarra 0003,016000,16 PUNJABI,18,12,6,1,1,0,17,11,6
C0116,09,40,0003,Tehsil - Atarra 0003,016018, 1 PUNJABI,18,12,6,1,1,0,17,11,6
C0116,09,40,0003,Tehsil - Atarra 0003,017000,17 SANSKRIT,1,1,0,1,1,0,0,0,0
C0116,09,40,0003,Tehsil - Atarra 0003,017002, 1 SANSKRIT,1,1,0,1,1,0,0,0,0
C0116,09,40,0003,Tehsil - Atarra 0003,019000,19 SINDHI,60,35,25,0,0,0,60,35,25
C0116,09,40,0003,Tehsil - Atarra 0003,019013, 1 SINDHI,60,35,25,0,0,0,60,35,25
C0116,09,40,0003,Tehsil - Atarra 0003,020000,20 TAMIL,2,0,2,0,0,0,2,0,2
C0116,09,40,0003,Tehsil - Atarra 0003,020020, 1 TAMIL,2,0,2,0,0,0,2,0,2
C0116,09,40,0003,Tehsil - Atarra 0003,022000,22 URDU,615,357,258,499,282,217,116,75,41
C0116,09,40,0003,Tehsil - Atarra 0003,022014, 1 URDU,615,357,258,499,282,217,116,75,41
C0116,09,40,0003,Tehsil - Atarra 0003,123000,123 OTHERS,13,6,7,8,4,4,5,2,3
C0116,09,40,0004,Tehsil - Naraini 0004,002000,2 BENGALI,1,0,1,0,0,0,1,0,1
C0116,09,40,0004,Tehsil - Naraini 0004,002004, 1 BENGALI,1,0,1,0,0,0,1,0,1
C0116,09,40,0004,Tehsil - Naraini 0004,006000,6 HINDI,249389,134071,115318,236381,127085,109296,13008,6986,6022
C0116,09,40,0004,Tehsil - Naraini 0004,006045, 1 BHOJPURI,2,1,1,2,1,1,0,0,0
C0116,09,40,0004,Tehsil - Naraini 0004,006060, 2 BUNDELI/BUNDELKHANDI,391,209,182,391,209,182,0,0,0
C0116,09,40,0004,Tehsil - Naraini 0004,006118, 3 HINDI,248970,133843,115127,235963,126857,109106,13007,6986,6021
C0116,09,40,0004,Tehsil - Naraini 0004,006127, 4 JAUNSARI,25,18,7,25,18,7,0,0,0
C0116,09,40,0004,Tehsil - Naraini 0004,006162, 5 KUMAUNI,1,0,1,0,0,0,1,0,1
C0116,09,40,0004,Tehsil - Naraini 0004,011000,11 MALAYALAM,1,0,1,0,0,0,1,0,1
C0116,09,40,0004,Tehsil - Naraini 0004,011013, 1 MALAYALAM,1,0,1,0,0,0,1,0,1
C0116,09,40,0004,Tehsil - Naraini 0004,013000,13 MARATHI,1,0,1,1,0,1,0,0,0
C0116,09,40,0004,Tehsil - Naraini 0004,013048, 1 MARATHI,1,0,1,1,0,1,0,0,0
C0116,09,40,0004,Tehsil - Naraini 0004,014000,14 NEPALI,936,519,417,908,502,406,28,17,11
C0116,09,40,0004,Tehsil - Naraini 0004,014009, 1 NEPALI,936,519,417,908,502,406,28,17,11
C0116,09,40,0004,Tehsil - Naraini 0004,015000,15 ORIYA,1,0,1,1,0,1,0,0,0
C0116,09,40,0004,Tehsil - Naraini 0004,015031, 1 ORIYA,1,0,1,1,0,1,0,0,0
C0116,09,40,0004,Tehsil - Naraini 0004,020000,20 TAMIL,1,1,0,1,1,0,0,0,0
C0116,09,40,0004,Tehsil - Naraini 0004,020020, 1 TAMIL,1,1,0,1,1,0,0,0,0
C0116,09,40,0004,Tehsil - Naraini 0004,022000,22 URDU,556,303,253,482,265,217,74,38,36
C0116,09,40,0004,Tehsil - Naraini 0004,022014, 1 URDU,556,303,253,482,265,217,74,38,36
C0116,09,40,0004,Tehsil - Naraini 0004,123000,123 OTHERS,9,5,4,9,5,4,0,0,0
C0116,09,41,0000,District - Chitrakoot *  41,001000,1 ASSAMESE,6,2,4,0,0,0,6,2,4
C0116,09,41,0000,District - Chitrakoot *  41,001002, 1 ASSAMESE,6,2,4,0,0,0,6,2,4
C0116,09,41,0000,District - Chitrakoot *  41,002000,2 BENGALI,21,9,12,15,6,9,6,3,3
C0116,09,41,0000,District - Chitrakoot *  41,002004, 1 BENGALI,21,9,12,15,6,9,6,3,3
C0116,09,41,0000,District - Chitrakoot *  41,005000,5 GUJARATI,32,16,16,32,16,16,0,0,0
C0116,09,41,0000,District - Chitrakoot *  41,005011, 1 GUJARATI,32,16,16,32,16,16,0,0,0
C0116,09,41,0000,District - Chitrakoot *  41,006000,6 HINDI,758620,405066,353554,684819,365591,319228,73801,39475,34326
C0116,09,41,0000,District - Chitrakoot *  41,006045, 1 BHOJPURI,2,1,1,2,1,1,0,0,0
C0116,09,41,0000,District - Chitrakoot *  41,006060, 2 BUNDELI/BUNDELKHANDI,2,2,0,0,0,0,2,2,0
C0116,09,41,0000,District - Chitrakoot *  41,006095, 3 GARHWALI,7,3,4,7,3,4,0,0,0
C0116,09,41,0000,District - Chitrakoot *  41,006118, 4 HINDI,758584,405046,353538,684785,365573,319212,73799,39473,34326
C0116,09,41,0000,District - Chitrakoot *  41,006127, 5 JAUNSARI,1,1,0,1,1,0,0,0,0
C0116,09,41,0000,District - Chitrakoot *  41,006242, 6 RAJASTHANI,24,13,11,24,13,11,0,0,0
C0116,09,41,0000,District - Chitrakoot *  41,011000,11 MALAYALAM,4,1,3,4,1,3,0,0,0
C0116,09,41,0000,District - Chitrakoot *  41,011013, 1 MALAYALAM,4,1,3,4,1,3,0,0,0
C0116,09,41,0000,District - Chitrakoot *  41,013000,13 MARATHI,16,7,9,0,0,0,16,7,9
C0116,09,41,0000,District - Chitrakoot *  41,013048, 1 MARATHI,16,7,9,0,0,0,16,7,9
C0116,09,41,0000,District - Chitrakoot *  41,014000,14 NEPALI,4082,2238,1844,3255,1824,1431,827,414,413
C0116,09,41,0000,District - Chitrakoot *  41,014009, 1 NEPALI,4082,2238,1844,3255,1824,1431,827,414,413
C0116,09,41,0000,District - Chitrakoot *  41,015000,15 ORIYA,4,1,3,4,1,3,0,0,0
C0116,09,41,0000,District - Chitrakoot *  41,015031, 1 ORIYA,4,1,3,4,1,3,0,0,0
C0116,09,41,0000,District - Chitrakoot *  41,016000,16 PUNJABI,1,1,0,1,1,0,0,0,0
C0116,09,41,0000,District - Chitrakoot *  41,016018, 1 PUNJABI,1,1,0,1,1,0,0,0,0
C0116,09,41,0000,District - Chitrakoot *  41,017000,17 SANSKRIT,6,4,2,2,1,1,4,3,1
C0116,09,41,0000,District - Chitrakoot *  41,017002, 1 SANSKRIT,6,4,2,2,1,1,4,3,1
C0116,09,41,0000,District - Chitrakoot *  41,019000,19 SINDHI,3,1,2,2,1,1,1,0,1
C0116,09,41,0000,District - Chitrakoot *  41,019013, 1 SINDHI,3,1,2,2,1,1,1,0,1
C0116,09,41,0000,District - Chitrakoot *  41,020000,20 TAMIL,92,50,42,91,49,42,1,1,0
C0116,09,41,0000,District - Chitrakoot *  41,020020, 1 TAMIL,92,50,42,91,49,42,1,1,0
C0116,09,41,0000,District - Chitrakoot *  41,022000,22 URDU,3312,1764,1548,1426,801,625,1886,963,923
C0116,09,41,0000,District - Chitrakoot *  41,022014, 1 URDU,3312,1764,1548,1426,801,625,1886,963,923
C0116,09,41,0000,District - Chitrakoot *  41,040000,40 ENGLISH,12,9,3,5,3,2,7,6,1
C0116,09,41,0000,District - Chitrakoot *  41,040001, 1 ENGLISH,12,9,3,5,3,2,7,6,1
C0116,09,41,0000,District - Chitrakoot *  41,123000,123 OTHERS,14,9,5,9,5,4,5,4,1
C0116,09,41,0001,Tehsil - Karwi 0001,001000,1 ASSAMESE,6,2,4,0,0,0,6,2,4
C0116,09,41,0001,Tehsil - Karwi 0001,001002, 1 ASSAMESE,6,2,4,0,0,0,6,2,4
C0116,09,41,0001,Tehsil - Karwi 0001,002000,2 BENGALI,13,4,9,7,1,6,6,3,3
C0116,09,41,0001,Tehsil - Karwi 0001,002004, 1 BENGALI,13,4,9,7,1,6,6,3,3
C0116,09,41,0001,Tehsil - Karwi 0001,005000,5 GUJARATI,32,16,16,32,16,16,0,0,0
C0116,09,41,0001,Tehsil - Karwi 0001,005011, 1 GUJARATI,32,16,16,32,16,16,0,0,0
C0116,09,41,0001,Tehsil - Karwi 0001,006000,6 HINDI,534751,286809,247942,473545,253971,219574,61206,32838,28368
C0116,09,41,0001,Tehsil - Karwi 0001,006045, 1 BHOJPURI,2,1,1,2,1,1,0,0,0
C0116,09,41,0001,Tehsil - Karwi 0001,006060, 2 BUNDELI/BUNDELKHANDI,2,2,0,0,0,0,2,2,0
C0116,09,41,0001,Tehsil - Karwi 0001,006095, 3 GARHWALI,4,2,2,4,2,2,0,0,0
C0116,09,41,0001,Tehsil - Karwi 0001,006118, 4 HINDI,534719,286791,247928,473515,253955,219560,61204,32836,28368
C0116,09,41,0001,Tehsil - Karwi 0001,006242, 5 RAJASTHANI,24,13,11,24,13,11,0,0,0
C0116,09,41,0001,Tehsil - Karwi 0001,011000,11 MALAYALAM,1,0,1,1,0,1,0,0,0
C0116,09,41,0001,Tehsil - Karwi 0001,011013, 1 MALAYALAM,1,0,1,1,0,1,0,0,0
C0116,09,41,0001,Tehsil - Karwi 0001,013000,13 MARATHI,16,7,9,0,0,0,16,7,9
C0116,09,41,0001,Tehsil - Karwi 0001,013048, 1 MARATHI,16,7,9,0,0,0,16,7,9
C0116,09,41,0001,Tehsil - Karwi 0001,014000,14 NEPALI,2764,1481,1283,2008,1099,909,756,382,374
C0116,09,41,0001,Tehsil - Karwi 0001,014009, 1 NEPALI,2764,1481,1283,2008,1099,909,756,382,374
C0116,09,41,0001,Tehsil - Karwi 0001,015000,15 ORIYA,4,1,3,4,1,3,0,0,0
C0116,09,41,0001,Tehsil - Karwi 0001,015031, 1 ORIYA,4,1,3,4,1,3,0,0,0
C0116,09,41,0001,Tehsil - Karwi 0001,017000,17 SANSKRIT,5,3,2,1,0,1,4,3,1
C0116,09,41,0001,Tehsil - Karwi 0001,017002, 1 SANSKRIT,5,3,2,1,0,1,4,3,1
C0116,09,41,0001,Tehsil - Karwi 0001,019000,19 SINDHI,2,1,1,1,1,0,1,0,1
C0116,09,41,0001,Tehsil - Karwi 0001,019013, 1 SINDHI,2,1,1,1,1,0,1,0,1
C0116,09,41,0001,Tehsil - Karwi 0001,020000,20 TAMIL,85,44,41,84,43,41,1,1,0
C0116,09,41,0001,Tehsil - Karwi 0001,020020, 1 TAMIL,85,44,41,84,43,41,1,1,0
C0116,09,41,0001,Tehsil - Karwi 0001,022000,22 URDU,2850,1510,1340,1050,595,455,1800,915,885
C0116,09,41,0001,Tehsil - Karwi 0001,022014, 1 URDU,2850,1510,1340,1050,595,455,1800,915,885
C0116,09,41,0001,Tehsil - Karwi 0001,040000,40 ENGLISH,10,7,3,3,1,2,7,6,1
C0116,09,41,0001,Tehsil - Karwi 0001,040001, 1 ENGLISH,10,7,3,3,1,2,7,6,1
C0116,09,41,0001,Tehsil - Karwi 0001,123000,123 OTHERS,14,9,5,9,5,4,5,4,1
C0116,09,41,0002,Tehsil - Mau 0002,002000,2 BENGALI,8,5,3,8,5,3,0,0,0
C0116,09,41,0002,Tehsil - Mau 0002,002004, 1 BENGALI,8,5,3,8,5,3,0,0,0
C0116,09,41,0002,Tehsil - Mau 0002,006000,6 HINDI,223869,118257,105612,211274,111620,99654,12595,6637,5958
C0116,09,41,0002,Tehsil - Mau 0002,006095, 1 GARHWALI,3,1,2,3,1,2,0,0,0
C0116,09,41,0002,Tehsil - Mau 0002,006118, 2 HINDI,223865,118255,105610,211270,111618,99652,12595,6637,5958
C0116,09,41,0002,Tehsil - Mau 0002,006127, 3 JAUNSARI,1,1,0,1,1,0,0,0,0
C0116,09,41,0002,Tehsil - Mau 0002,011000,11 MALAYALAM,3,1,2,3,1,2,0,0,0
C0116,09,41,0002,Tehsil - Mau 0002,011013, 1 MALAYALAM,3,1,2,3,1,2,0,0,0
C0116,09,41,0002,Tehsil - Mau 0002,014000,14 NEPALI,1318,757,561,1247,725,522,71,32,39
C0116,09,41,0002,Tehsil - Mau 0002,014009, 1 NEPALI,1318,757,561,1247,725,522,71,32,39
C0116,09,41,0002,Tehsil - Mau 0002,016000,16 PUNJABI,1,1,0,1,1,0,0,0,0
C0116,09,41,0002,Tehsil - Mau 0002,016018, 1 PUNJABI,1,1,0,1,1,0,0,0,0
C0116,09,41,0002,Tehsil - Mau 0002,017000,17 SANSKRIT,1,1,0,1,1,0,0,0,0
C0116,09,41,0002,Tehsil - Mau 0002,017002, 1 SANSKRIT,1,1,0,1,1,0,0,0,0
C0116,09,41,0002,Tehsil - Mau 0002,019000,19 SINDHI,1,0,1,1,0,1,0,0,0
C0116,09,41,0002,Tehsil - Mau 0002,019013, 1 SINDHI,1,0,1,1,0,1,0,0,0
C0116,09,41,0002,Tehsil - Mau 0002,020000,20 TAMIL,7,6,1,7,6,1,0,0,0
C0116,09,41,0002,Tehsil - Mau 0002,020020, 1 TAMIL,7,6,1,7,6,1,0,0,0
C0116,09,41,0002,Tehsil - Mau 0002,022000,22 URDU,462,254,208,376,206,170,86,48,38
C0116,09,41,0002,Tehsil - Mau 0002,022014, 1 URDU,462,254,208,376,206,170,86,48,38
C0116,09,41,0002,Tehsil - Mau 0002,040000,40 ENGLISH,2,2,0,2,2,0,0,0,0
C0116,09,41,0002,Tehsil - Mau 0002,040001, 1 ENGLISH,2,2,0,2,2,0,0,0,0
C0116,09,42,0000,District - Fatehpur  42,002000,2 BENGALI,82,43,39,19,9,10,63,34,29
C0116,09,42,0000,District - Fatehpur  42,002004, 1 BENGALI,82,43,39,19,9,10,63,34,29
C0116,09,42,0000,District - Fatehpur  42,005000,5 GUJARATI,5,4,1,5,4,1,0,0,0
C0116,09,42,0000,District - Fatehpur  42,005011, 1 GUJARATI,3,2,1,3,2,1,0,0,0
C0116,09,42,0000,District - Fatehpur  42,005999,5 Others,2,2,0,2,2,0,0,0,0
C0116,09,42,0000,District - Fatehpur  42,006000,6 HINDI,2196752,1161828,1034924,2001799,1058598,943201,194953,103230,91723
C0116,09,42,0000,District - Fatehpur  42,006008, 1 AWADHI,304,150,154,295,144,151,9,6,3
C0116,09,42,0000,District - Fatehpur  42,006045, 2 BHOJPURI,44,27,17,28,17,11,16,10,6
C0116,09,42,0000,District - Fatehpur  42,006060, 3 BUNDELI/BUNDELKHANDI,9,4,5,3,1,2,6,3,3
C0116,09,42,0000,District - Fatehpur  42,006072, 4 CHHATTISGARHI,13,5,8,13,5,8,0,0,0
C0116,09,42,0000,District - Fatehpur  42,006095, 5 GARHWALI,4,1,3,4,1,3,0,0,0
C0116,09,42,0000,District - Fatehpur  42,006118, 6 HINDI,2195815,1161359,1034456,2000913,1058161,942752,194902,103198,91704
C0116,09,42,0000,District - Fatehpur  42,006127, 7 JAUNSARI,26,15,11,25,14,11,1,1,0
C0116,09,42,0000,District - Fatehpur  42,006148, 8 KHARI BOLI,364,175,189,364,175,189,0,0,0
C0116,09,42,0000,District - Fatehpur  42,006195, 9 MEWARI,6,1,5,6,1,5,0,0,0
C0116,09,42,0000,District - Fatehpur  42,006242, 10 RAJASTHANI,42,26,16,26,15,11,16,11,5
C0116,09,42,0000,District - Fatehpur  42,006999,6 Others,125,65,60,122,64,58,3,1,2
C0116,09,42,0000,District - Fatehpur  42,007000,7 KANNADA,1,1,0,0,0,0,1,1,0
C0116,09,42,0000,District - Fatehpur  42,007013, 1 KANNADA,1,1,0,0,0,0,1,1,0
C0116,09,42,0000,District - Fatehpur  42,011000,11 MALAYALAM,30,11,19,3,2,1,27,9,18
C0116,09,42,0000,District - Fatehpur  42,011013, 1 MALAYALAM,30,11,19,3,2,1,27,9,18
C0116,09,42,0000,District - Fatehpur  42,013000,13 MARATHI,43,17,26,43,17,26,0,0,0
C0116,09,42,0000,District - Fatehpur  42,013048, 1 MARATHI,43,17,26,43,17,26,0,0,0
C0116,09,42,0000,District - Fatehpur  42,014000,14 NEPALI,9878,5552,4326,9241,5182,4059,637,370,267
C0116,09,42,0000,District - Fatehpur  42,014009, 1 NEPALI,9878,5552,4326,9241,5182,4059,637,370,267
C0116,09,42,0000,District - Fatehpur  42,016000,16 PUNJABI,230,123,107,1,1,0,229,122,107
C0116,09,42,0000,District - Fatehpur  42,016018, 1 PUNJABI,196,104,92,1,1,0,195,103,92
C0116,09,42,0000,District - Fatehpur  42,016999,16 Others,34,19,15,0,0,0,34,19,15
C0116,09,42,0000,District - Fatehpur  42,017000,17 SANSKRIT,18,8,10,0,0,0,18,8,10
C0116,09,42,0000,District - Fatehpur  42,017002, 1 SANSKRIT,18,8,10,0,0,0,18,8,10
C0116,09,42,0000,District - Fatehpur  42,020000,20 TAMIL,9,8,1,0,0,0,9,8,1
C0116,09,42,0000,District - Fatehpur  42,020020, 1 TAMIL,9,8,1,0,0,0,9,8,1
C0116,09,42,0000,District - Fatehpur  42,021000,21 TELUGU,10,4,6,0,0,0,10,4,6
C0116,09,42,0000,District - Fatehpur  42,021035, 1 TELUGU,10,4,6,0,0,0,10,4,6
C0116,09,42,0000,District - Fatehpur  42,022000,22 URDU,101225,51950,49275,59441,30486,28955,41784,21464,20320
C0116,09,42,0000,District - Fatehpur  42,022014, 1 URDU,101225,51950,49275,59441,30486,28955,41784,21464,20320
C0116,09,42,0000,District - Fatehpur  42,028000,28 ARABIC/ARBI,9,5,4,7,4,3,2,1,1
C0116,09,42,0000,District - Fatehpur  42,028001, 1 ARABIC/ARBI,9,5,4,7,4,3,2,1,1
C0116,09,42,0000,District - Fatehpur  42,040000,40 ENGLISH,74,36,38,61,30,31,13,6,7
C0116,09,42,0000,District - Fatehpur  42,040001, 1 ENGLISH,74,36,38,61,30,31,13,6,7
C0116,09,42,0000,District - Fatehpur  42,123000,123 OTHERS,18,12,6,14,10,4,4,2,2
C0116,09,42,0001,Tehsil - Bindki 0001,002000,2 BENGALI,21,13,8,10,5,5,11,8,3
C0116,09,42,0001,Tehsil - Bindki 0001,002004, 1 BENGALI,21,13,8,10,5,5,11,8,3
C0116,09,42,0001,Tehsil - Bindki 0001,005000,5 GUJARATI,4,3,1,4,3,1,0,0,0
C0116,09,42,0001,Tehsil - Bindki 0001,005011, 1 GUJARATI,3,2,1,3,2,1,0,0,0
C0116,09,42,0001,Tehsil - Bindki 0001,005999,5 Others,1,1,0,1,1,0,0,0,0
C0116,09,42,0001,Tehsil - Bindki 0001,006000,6 HINDI,659428,349141,310287,610263,323060,287203,49165,26081,23084
C0116,09,42,0001,Tehsil - Bindki 0001,006045, 1 BHOJPURI,11,6,5,11,6,5,0,0,0
C0116,09,42,0001,Tehsil - Bindki 0001,006060, 2 BUNDELI/BUNDELKHANDI,2,1,1,2,1,1,0,0,0
C0116,09,42,0001,Tehsil - Bindki 0001,006095, 3 GARHWALI,1,0,1,1,0,1,0,0,0
C0116,09,42,0001,Tehsil - Bindki 0001,006118, 4 HINDI,659207,349036,310171,610043,322956,287087,49164,26080,23084
C0116,09,42,0001,Tehsil - Bindki 0001,006127, 5 JAUNSARI,7,6,1,6,5,1,1,1,0
C0116,09,42,0001,Tehsil - Bindki 0001,006148, 6 KHARI BOLI,55,19,36,55,19,36,0,0,0
C0116,09,42,0001,Tehsil - Bindki 0001,006195, 7 MEWARI,6,1,5,6,1,5,0,0,0
C0116,09,42,0001,Tehsil - Bindki 0001,006242, 8 RAJASTHANI,26,15,11,26,15,11,0,0,0
C0116,09,42,0001,Tehsil - Bindki 0001,006999,6 Others,113,57,56,113,57,56,0,0,0
C0116,09,42,0001,Tehsil - Bindki 0001,011000,11 MALAYALAM,3,2,1,3,2,1,0,0,0
C0116,09,42,0001,Tehsil - Bindki 0001,011013, 1 MALAYALAM,3,2,1,3,2,1,0,0,0
C0116,09,42,0001,Tehsil - Bindki 0001,013000,13 MARATHI,20,9,11,20,9,11,0,0,0
C0116,09,42,0001,Tehsil - Bindki 0001,013048, 1 MARATHI,20,9,11,20,9,11,0,0,0
C0116,09,42,0001,Tehsil - Bindki 0001,014000,14 NEPALI,3842,2179,1663,3669,2087,1582,173,92,81
C0116,09,42,0001,Tehsil - Bindki 0001,014009, 1 NEPALI,3842,2179,1663,3669,2087,1582,173,92,81
C0116,09,42,0001,Tehsil - Bindki 0001,016000,16 PUNJABI,45,23,22,1,1,0,44,22,22
C0116,09,42,0001,Tehsil - Bindki 0001,016018, 1 PUNJABI,17,8,9,1,1,0,16,7,9
C0116,09,42,0001,Tehsil - Bindki 0001,016999,16 Others,28,15,13,0,0,0,28,15,13
C0116,09,42,0001,Tehsil - Bindki 0001,020000,20 TAMIL,2,1,1,0,0,0,2,1,1
C0116,09,42,0001,Tehsil - Bindki 0001,020020, 1 TAMIL,2,1,1,0,0,0,2,1,1
C0116,09,42,0001,Tehsil - Bindki 0001,022000,22 URDU,16859,8708,8151,7855,4022,3833,9004,4686,4318
C0116,09,42,0001,Tehsil - Bindki 0001,022014, 1 URDU,16859,8708,8151,7855,4022,3833,9004,4686,4318
C0116,09,42,0001,Tehsil - Bindki 0001,028000,28 ARABIC/ARBI,1,1,0,0,0,0,1,1,0
C0116,09,42,0001,Tehsil - Bindki 0001,028001, 1 ARABIC/ARBI,1,1,0,0,0,0,1,1,0
C0116,09,42,0001,Tehsil - Bindki 0001,040000,40 ENGLISH,3,1,2,3,1,2,0,0,0
C0116,09,42,0001,Tehsil - Bindki 0001,040001, 1 ENGLISH,3,1,2,3,1,2,0,0,0
C0116,09,42,0002,Tehsil - Fatehpur 0002,002000,2 BENGALI,49,24,25,1,1,0,48,23,25
C0116,09,42,0002,Tehsil - Fatehpur 0002,002004, 1 BENGALI,49,24,25,1,1,0,48,23,25
C0116,09,42,0002,Tehsil - Fatehpur 0002,005000,5 GUJARATI,1,1,0,1,1,0,0,0,0
C0116,09,42,0002,Tehsil - Fatehpur 0002,005999,5 Others,1,1,0,1,1,0,0,0,0
C0116,09,42,0002,Tehsil - Fatehpur 0002,006000,6 HINDI,887198,471900,415298,759168,404032,355136,128030,67868,60162
C0116,09,42,0002,Tehsil - Fatehpur 0002,006008, 1 AWADHI,304,150,154,295,144,151,9,6,3
C0116,09,42,0002,Tehsil - Fatehpur 0002,006045, 2 BHOJPURI,17,10,7,1,0,1,16,10,6
C0116,09,42,0002,Tehsil - Fatehpur 0002,006060, 3 BUNDELI/BUNDELKHANDI,6,3,3,0,0,0,6,3,3
C0116,09,42,0002,Tehsil - Fatehpur 0002,006072, 4 CHHATTISGARHI,13,5,8,13,5,8,0,0,0
C0116,09,42,0002,Tehsil - Fatehpur 0002,006118, 5 HINDI,886517,471556,414961,758537,403719,354818,127980,67837,60143
C0116,09,42,0002,Tehsil - Fatehpur 0002,006127, 6 JAUNSARI,6,3,3,6,3,3,0,0,0
C0116,09,42,0002,Tehsil - Fatehpur 0002,006148, 7 KHARI BOLI,309,156,153,309,156,153,0,0,0
C0116,09,42,0002,Tehsil - Fatehpur 0002,006242, 8 RAJASTHANI,16,11,5,0,0,0,16,11,5
C0116,09,42,0002,Tehsil - Fatehpur 0002,006999,6 Others,10,6,4,7,5,2,3,1,2
C0116,09,42,0002,Tehsil - Fatehpur 0002,007000,7 KANNADA,1,1,0,0,0,0,1,1,0
C0116,09,42,0002,Tehsil - Fatehpur 0002,007013, 1 KANNADA,1,1,0,0,0,0,1,1,0
C0116,09,42,0002,Tehsil - Fatehpur 0002,011000,11 MALAYALAM,27,9,18,0,0,0,27,9,18
C0116,09,42,0002,Tehsil - Fatehpur 0002,011013, 1 MALAYALAM,27,9,18,0,0,0,27,9,18
C0116,09,42,0002,Tehsil - Fatehpur 0002,013000,13 MARATHI,5,3,2,5,3,2,0,0,0
C0116,09,42,0002,Tehsil - Fatehpur 0002,013048, 1 MARATHI,5,3,2,5,3,2,0,0,0
C0116,09,42,0002,Tehsil - Fatehpur 0002,014000,14 NEPALI,2814,1574,1240,2422,1339,1083,392,235,157
C0116,09,42,0002,Tehsil - Fatehpur 0002,014009, 1 NEPALI,2814,1574,1240,2422,1339,1083,392,235,157
C0116,09,42,0002,Tehsil - Fatehpur 0002,016000,16 PUNJABI,185,100,85,0,0,0,185,100,85
C0116,09,42,0002,Tehsil - Fatehpur 0002,016018, 1 PUNJABI,179,96,83,0,0,0,179,96,83
C0116,09,42,0002,Tehsil - Fatehpur 0002,016999,16 Others,6,4,2,0,0,0,6,4,2
C0116,09,42,0002,Tehsil - Fatehpur 0002,017000,17 SANSKRIT,11,6,5,0,0,0,11,6,5
C0116,09,42,0002,Tehsil - Fatehpur 0002,017002, 1 SANSKRIT,11,6,5,0,0,0,11,6,5
C0116,09,42,0002,Tehsil - Fatehpur 0002,020000,20 TAMIL,7,7,0,0,0,0,7,7,0
C0116,09,42,0002,Tehsil - Fatehpur 0002,020020, 1 TAMIL,7,7,0,0,0,0,7,7,0
C0116,09,42,0002,Tehsil - Fatehpur 0002,021000,21 TELUGU,10,4,6,0,0,0,10,4,6
C0116,09,42,0002,Tehsil - Fatehpur 0002,021035, 1 TELUGU,10,4,6,0,0,0,10,4,6
C0116,09,42,0002,Tehsil - Fatehpur 0002,022000,22 URDU,56592,29119,27473,23925,12404,11521,32667,16715,15952
C0116,09,42,0002,Tehsil - Fatehpur 0002,022014, 1 URDU,56592,29119,27473,23925,12404,11521,32667,16715,15952
C0116,09,42,0002,Tehsil - Fatehpur 0002,028000,28 ARABIC/ARBI,8,4,4,7,4,3,1,0,1
C0116,09,42,0002,Tehsil - Fatehpur 0002,028001, 1 ARABIC/ARBI,8,4,4,7,4,3,1,0,1
C0116,09,42,0002,Tehsil - Fatehpur 0002,040000,40 ENGLISH,68,33,35,55,27,28,13,6,7
C0116,09,42,0002,Tehsil - Fatehpur 0002,040001, 1 ENGLISH,68,33,35,55,27,28,13,6,7
C0116,09,42,0002,Tehsil - Fatehpur 0002,123000,123 OTHERS,16,11,5,12,9,3,4,2,2
C0116,09,42,0003,Tehsil - Khaga 0003,002000,2 BENGALI,12,6,6,8,3,5,4,3,1
C0116,09,42,0003,Tehsil - Khaga 0003,002004, 1 BENGALI,12,6,6,8,3,5,4,3,1
C0116,09,42,0003,Tehsil - Khaga 0003,006000,6 HINDI,650126,340787,309339,632368,331506,300862,17758,9281,8477
C0116,09,42,0003,Tehsil - Khaga 0003,006045, 1 BHOJPURI,16,11,5,16,11,5,0,0,0
C0116,09,42,0003,Tehsil - Khaga 0003,006060, 2 BUNDELI/BUNDELKHANDI,1,0,1,1,0,1,0,0,0
C0116,09,42,0003,Tehsil - Khaga 0003,006095, 3 GARHWALI,3,1,2,3,1,2,0,0,0
C0116,09,42,0003,Tehsil - Khaga 0003,006118, 4 HINDI,650091,340767,309324,632333,331486,300847,17758,9281,8477
C0116,09,42,0003,Tehsil - Khaga 0003,006127, 5 JAUNSARI,13,6,7,13,6,7,0,0,0
C0116,09,42,0003,Tehsil - Khaga 0003,006999,6 Others,2,2,0,2,2,0,0,0,0
C0116,09,42,0003,Tehsil - Khaga 0003,013000,13 MARATHI,18,5,13,18,5,13,0,0,0
C0116,09,42,0003,Tehsil - Khaga 0003,013048, 1 MARATHI,18,5,13,18,5,13,0,0,0
C0116,09,42,0003,Tehsil - Khaga 0003,014000,14 NEPALI,3222,1799,1423,3150,1756,1394,72,43,29
C0116,09,42,0003,Tehsil - Khaga 0003,014009, 1 NEPALI,3222,1799,1423,3150,1756,1394,72,43,29
C0116,09,42,0003,Tehsil - Khaga 0003,017000,17 SANSKRIT,7,2,5,0,0,0,7,2,5
C0116,09,42,0003,Tehsil - Khaga 0003,017002, 1 SANSKRIT,7,2,5,0,0,0,7,2,5
C0116,09,42,0003,Tehsil - Khaga 0003,022000,22 URDU,27774,14123,13651,27661,14060,13601,113,63,50
C0116,09,42,0003,Tehsil - Khaga 0003,022014, 1 URDU,27774,14123,13651,27661,14060,13601,113,63,50
C0116,09,42,0003,Tehsil - Khaga 0003,040000,40 ENGLISH,3,2,1,3,2,1,0,0,0
C0116,09,42,0003,Tehsil - Khaga 0003,040001, 1 ENGLISH,3,2,1,3,2,1,0,0,0
C0116,09,42,0003,Tehsil - Khaga 0003,123000,123 OTHERS,2,1,1,2,1,1,0,0,0
C0116,09,43,0000,District - Pratapgarh  43,001000,1 ASSAMESE,2,1,1,2,1,1,0,0,0
C0116,09,43,0000,District - Pratapgarh  43,001002, 1 ASSAMESE,2,1,1,2,1,1,0,0,0
C0116,09,43,0000,District - Pratapgarh  43,002000,2 BENGALI,683,355,328,414,208,206,269,147,122
C0116,09,43,0000,District - Pratapgarh  43,002004, 1 BENGALI,683,355,328,414,208,206,269,147,122
C0116,09,43,0000,District - Pratapgarh  43,005000,5 GUJARATI,20,5,15,15,4,11,5,1,4
C0116,09,43,0000,District - Pratapgarh  43,005011, 1 GUJARATI,8,1,7,3,0,3,5,1,4
C0116,09,43,0000,District - Pratapgarh  43,005999,5 Others,12,4,8,12,4,8,0,0,0
C0116,09,43,0000,District - Pratapgarh  43,006000,6 HINDI,2608664,1301591,1307073,2488542,1238742,1249800,120122,62849,57273
C0116,09,43,0000,District - Pratapgarh  43,006008, 1 AWADHI,213699,105411,108288,207295,102157,105138,6404,3254,3150
C0116,09,43,0000,District - Pratapgarh  43,006045, 2 BHOJPURI,515,188,327,475,168,307,40,20,20
C0116,09,43,0000,District - Pratapgarh  43,006059, 3 BRAJBHASHA,12,5,7,12,5,7,0,0,0
C0116,09,43,0000,District - Pratapgarh  43,006060, 4 BUNDELI/BUNDELKHANDI,47,22,25,32,14,18,15,8,7
C0116,09,43,0000,District - Pratapgarh  43,006072, 5 CHHATTISGARHI,1860,962,898,1860,962,898,0,0,0
C0116,09,43,0000,District - Pratapgarh  43,006095, 6 GARHWALI,137,68,69,134,68,66,3,0,3
C0116,09,43,0000,District - Pratapgarh  43,006117, 7 HARYANVI,3,1,2,2,1,1,1,0,1
C0116,09,43,0000,District - Pratapgarh  43,006118, 8 HINDI,2391493,1194472,1197021,2277872,1134930,1142942,113621,59542,54079
C0116,09,43,0000,District - Pratapgarh  43,006127, 9 JAUNSARI,272,124,148,271,123,148,1,1,0
C0116,09,43,0000,District - Pratapgarh  43,006162, 10 KUMAUNI,3,1,2,2,1,1,1,0,1
C0116,09,43,0000,District - Pratapgarh  43,006192, 11 MARWARI,2,2,0,2,2,0,0,0,0
C0116,09,43,0000,District - Pratapgarh  43,006242, 12 RAJASTHANI,9,7,2,9,7,2,0,0,0
C0116,09,43,0000,District - Pratapgarh  43,006251, 13 SADAN/SADRI,19,13,6,0,0,0,19,13,6
C0116,09,43,0000,District - Pratapgarh  43,006999,6 Others,593,315,278,576,304,272,17,11,6
C0116,09,43,0000,District - Pratapgarh  43,007000,7 KANNADA,22,9,13,22,9,13,0,0,0
C0116,09,43,0000,District - Pratapgarh  43,007999,7 Others,22,9,13,22,9,13,0,0,0
C0116,09,43,0000,District - Pratapgarh  43,011000,11 MALAYALAM,43,9,34,18,6,12,25,3,22
C0116,09,43,0000,District - Pratapgarh  43,011013, 1 MALAYALAM,43,9,34,18,6,12,25,3,22
C0116,09,43,0000,District - Pratapgarh  43,013000,13 MARATHI,54,29,25,10,4,6,44,25,19
C0116,09,43,0000,District - Pratapgarh  43,013048, 1 MARATHI,54,29,25,10,4,6,44,25,19
C0116,09,43,0000,District - Pratapgarh  43,014000,14 NEPALI,15020,7730,7290,14676,7540,7136,344,190,154
C0116,09,43,0000,District - Pratapgarh  43,014009, 1 NEPALI,15020,7730,7290,14676,7540,7136,344,190,154
C0116,09,43,0000,District - Pratapgarh  43,015000,15 ORIYA,422,214,208,422,214,208,0,0,0
C0116,09,43,0000,District - Pratapgarh  43,015031, 1 ORIYA,422,214,208,422,214,208,0,0,0
C0116,09,43,0000,District - Pratapgarh  43,016000,16 PUNJABI,1452,773,679,46,21,25,1406,752,654
C0116,09,43,0000,District - Pratapgarh  43,016018, 1 PUNJABI,1423,760,663,25,13,12,1398,747,651
C0116,09,43,0000,District - Pratapgarh  43,016999,16 Others,29,13,16,21,8,13,8,5,3
C0116,09,43,0000,District - Pratapgarh  43,017000,17 SANSKRIT,1,1,0,1,1,0,0,0,0
C0116,09,43,0000,District - Pratapgarh  43,017002, 1 SANSKRIT,1,1,0,1,1,0,0,0,0
C0116,09,43,0000,District - Pratapgarh  43,018000,18 SANTALI,8,3,5,8,3,5,0,0,0
C0116,09,43,0000,District - Pratapgarh  43,018013, 1 SANTALI,8,3,5,8,3,5,0,0,0
C0116,09,43,0000,District - Pratapgarh  43,019000,19 SINDHI,86,41,45,0,0,0,86,41,45
C0116,09,43,0000,District - Pratapgarh  43,019013, 1 SINDHI,86,41,45,0,0,0,86,41,45
C0116,09,43,0000,District - Pratapgarh  43,020000,20 TAMIL,11,7,4,11,7,4,0,0,0
C0116,09,43,0000,District - Pratapgarh  43,020020, 1 TAMIL,11,7,4,11,7,4,0,0,0
C0116,09,43,0000,District - Pratapgarh  43,021000,21 TELUGU,7,3,4,3,2,1,4,1,3
C0116,09,43,0000,District - Pratapgarh  43,021035, 1 TELUGU,7,3,4,3,2,1,4,1,3
C0116,09,43,0000,District - Pratapgarh  43,022000,22 URDU,104458,52061,52397,82247,40884,41363,22211,11177,11034
C0116,09,43,0000,District - Pratapgarh  43,022014, 1 URDU,104458,52061,52397,82247,40884,41363,22211,11177,11034
C0116,09,43,0000,District - Pratapgarh  43,028000,28 ARABIC/ARBI,24,9,15,18,5,13,6,4,2
C0116,09,43,0000,District - Pratapgarh  43,028001, 1 ARABIC/ARBI,24,9,15,18,5,13,6,4,2
C0116,09,43,0000,District - Pratapgarh  43,030000,30 BHILI/BHILODI,3,0,3,0,0,0,3,0,3
C0116,09,43,0000,District - Pratapgarh  43,030027, 1 KOKNA/KOKNI/KUKNA,3,0,3,0,0,0,3,0,3
C0116,09,43,0000,District - Pratapgarh  43,040000,40 ENGLISH,40,24,16,12,8,4,28,16,12
C0116,09,43,0000,District - Pratapgarh  43,040001, 1 ENGLISH,40,24,16,12,8,4,28,16,12
C0116,09,43,0000,District - Pratapgarh  43,123000,123 OTHERS,154,83,71,152,82,70,2,1,1
C0116,09,43,0001,Tehsil - Lalganj 0001,002000,2 BENGALI,33,20,13,33,20,13,0,0,0
C0116,09,43,0001,Tehsil - Lalganj 0001,002004, 1 BENGALI,33,20,13,33,20,13,0,0,0
C0116,09,43,0001,Tehsil - Lalganj 0001,005000,5 GUJARATI,1,0,1,1,0,1,0,0,0
C0116,09,43,0001,Tehsil - Lalganj 0001,005011, 1 GUJARATI,1,0,1,1,0,1,0,0,0
C0116,09,43,0001,Tehsil - Lalganj 0001,006000,6 HINDI,502561,249556,253005,502561,249556,253005,0,0,0
C0116,09,43,0001,Tehsil - Lalganj 0001,006008, 1 AWADHI,11837,5711,6126,11837,5711,6126,0,0,0
C0116,09,43,0001,Tehsil - Lalganj 0001,006045, 2 BHOJPURI,4,1,3,4,1,3,0,0,0
C0116,09,43,0001,Tehsil - Lalganj 0001,006060, 3 BUNDELI/BUNDELKHANDI,9,6,3,9,6,3,0,0,0
C0116,09,43,0001,Tehsil - Lalganj 0001,006072, 4 CHHATTISGARHI,307,156,151,307,156,151,0,0,0
C0116,09,43,0001,Tehsil - Lalganj 0001,006095, 5 GARHWALI,5,1,4,5,1,4,0,0,0
C0116,09,43,0001,Tehsil - Lalganj 0001,006117, 6 HARYANVI,2,1,1,2,1,1,0,0,0
C0116,09,43,0001,Tehsil - Lalganj 0001,006118, 7 HINDI,490190,243582,246608,490190,243582,246608,0,0,0
C0116,09,43,0001,Tehsil - Lalganj 0001,006127, 8 JAUNSARI,194,90,104,194,90,104,0,0,0
C0116,09,43,0001,Tehsil - Lalganj 0001,006162, 9 KUMAUNI,2,1,1,2,1,1,0,0,0
C0116,09,43,0001,Tehsil - Lalganj 0001,006242, 10 RAJASTHANI,9,7,2,9,7,2,0,0,0
C0116,09,43,0001,Tehsil - Lalganj 0001,006999,6 Others,2,0,2,2,0,2,0,0,0
C0116,09,43,0001,Tehsil - Lalganj 0001,007000,7 KANNADA,22,9,13,22,9,13,0,0,0
C0116,09,43,0001,Tehsil - Lalganj 0001,007999,7 Others,22,9,13,22,9,13,0,0,0
C0116,09,43,0001,Tehsil - Lalganj 0001,011000,11 MALAYALAM,5,3,2,5,3,2,0,0,0
C0116,09,43,0001,Tehsil - Lalganj 0001,011013, 1 MALAYALAM,5,3,2,5,3,2,0,0,0
C0116,09,43,0001,Tehsil - Lalganj 0001,014000,14 NEPALI,4868,2500,2368,4868,2500,2368,0,0,0
C0116,09,43,0001,Tehsil - Lalganj 0001,014009, 1 NEPALI,4868,2500,2368,4868,2500,2368,0,0,0
C0116,09,43,0001,Tehsil - Lalganj 0001,015000,15 ORIYA,267,131,136,267,131,136,0,0,0
C0116,09,43,0001,Tehsil - Lalganj 0001,015031, 1 ORIYA,267,131,136,267,131,136,0,0,0
C0116,09,43,0001,Tehsil - Lalganj 0001,016000,16 PUNJABI,4,3,1,4,3,1,0,0,0
C0116,09,43,0001,Tehsil - Lalganj 0001,016018, 1 PUNJABI,2,1,1,2,1,1,0,0,0
C0116,09,43,0001,Tehsil - Lalganj 0001,016999,16 Others,2,2,0,2,2,0,0,0,0
C0116,09,43,0001,Tehsil - Lalganj 0001,017000,17 SANSKRIT,1,1,0,1,1,0,0,0,0
C0116,09,43,0001,Tehsil - Lalganj 0001,017002, 1 SANSKRIT,1,1,0,1,1,0,0,0,0
C0116,09,43,0001,Tehsil - Lalganj 0001,022000,22 URDU,16198,8163,8035,16198,8163,8035,0,0,0
C0116,09,43,0001,Tehsil - Lalganj 0001,022014, 1 URDU,16198,8163,8035,16198,8163,8035,0,0,0
C0116,09,43,0001,Tehsil - Lalganj 0001,028000,28 ARABIC/ARBI,12,4,8,12,4,8,0,0,0
C0116,09,43,0001,Tehsil - Lalganj 0001,028001, 1 ARABIC/ARBI,12,4,8,12,4,8,0,0,0
C0116,09,43,0001,Tehsil - Lalganj 0001,040000,40 ENGLISH,1,1,0,1,1,0,0,0,0
C0116,09,43,0001,Tehsil - Lalganj 0001,040001, 1 ENGLISH,1,1,0,1,1,0,0,0,0
C0116,09,43,0001,Tehsil - Lalganj 0001,123000,123 OTHERS,6,3,3,6,3,3,0,0,0
C0116,09,43,0002,Tehsil - Kunda 0002,002000,2 BENGALI,36,19,17,25,13,12,11,6,5
C0116,09,43,0002,Tehsil - Kunda 0002,002004, 1 BENGALI,36,19,17,25,13,12,11,6,5
C0116,09,43,0002,Tehsil - Kunda 0002,005000,5 GUJARATI,5,2,3,2,1,1,3,1,2
C0116,09,43,0002,Tehsil - Kunda 0002,005011, 1 GUJARATI,3,1,2,0,0,0,3,1,2
C0116,09,43,0002,Tehsil - Kunda 0002,005999,5 Others,2,1,1,2,1,1,0,0,0
C0116,09,43,0002,Tehsil - Kunda 0002,006000,6 HINDI,736504,369652,366852,705202,353436,351766,31302,16216,15086
C0116,09,43,0002,Tehsil - Kunda 0002,006008, 1 AWADHI,6518,3390,3128,6518,3390,3128,0,0,0
C0116,09,43,0002,Tehsil - Kunda 0002,006045, 2 BHOJPURI,4,3,1,3,2,1,1,1,0
C0116,09,43,0002,Tehsil - Kunda 0002,006060, 3 BUNDELI/BUNDELKHANDI,11,7,4,8,4,4,3,3,0
C0116,09,43,0002,Tehsil - Kunda 0002,006072, 4 CHHATTISGARHI,80,39,41,80,39,41,0,0,0
C0116,09,43,0002,Tehsil - Kunda 0002,006095, 5 GARHWALI,2,1,1,2,1,1,0,0,0
C0116,09,43,0002,Tehsil - Kunda 0002,006118, 6 HINDI,729876,366204,363672,698579,349993,348586,31297,16211,15086
C0116,09,43,0002,Tehsil - Kunda 0002,006127, 7 JAUNSARI,7,4,3,6,3,3,1,1,0
C0116,09,43,0002,Tehsil - Kunda 0002,006999,6 Others,6,4,2,6,4,2,0,0,0
C0116,09,43,0002,Tehsil - Kunda 0002,011000,11 MALAYALAM,1,0,1,1,0,1,0,0,0
C0116,09,43,0002,Tehsil - Kunda 0002,011013, 1 MALAYALAM,1,0,1,1,0,1,0,0,0
C0116,09,43,0002,Tehsil - Kunda 0002,014000,14 NEPALI,2730,1421,1309,2646,1376,1270,84,45,39
C0116,09,43,0002,Tehsil - Kunda 0002,014009, 1 NEPALI,2730,1421,1309,2646,1376,1270,84,45,39
C0116,09,43,0002,Tehsil - Kunda 0002,015000,15 ORIYA,25,12,13,25,12,13,0,0,0
C0116,09,43,0002,Tehsil - Kunda 0002,015031, 1 ORIYA,25,12,13,25,12,13,0,0,0
C0116,09,43,0002,Tehsil - Kunda 0002,016000,16 PUNJABI,30,17,13,15,7,8,15,10,5
C0116,09,43,0002,Tehsil - Kunda 0002,016018, 1 PUNJABI,30,17,13,15,7,8,15,10,5
C0116,09,43,0002,Tehsil - Kunda 0002,018000,18 SANTALI,8,3,5,8,3,5,0,0,0
C0116,09,43,0002,Tehsil - Kunda 0002,018013, 1 SANTALI,8,3,5,8,3,5,0,0,0
C0116,09,43,0002,Tehsil - Kunda 0002,020000,20 TAMIL,5,3,2,5,3,2,0,0,0
C0116,09,43,0002,Tehsil - Kunda 0002,020020, 1 TAMIL,5,3,2,5,3,2,0,0,0
C0116,09,43,0002,Tehsil - Kunda 0002,021000,21 TELUGU,4,1,3,0,0,0,4,1,3
C0116,09,43,0002,Tehsil - Kunda 0002,021035, 1 TELUGU,4,1,3,0,0,0,4,1,3
C0116,09,43,0002,Tehsil - Kunda 0002,022000,22 URDU,27875,14156,13719,23514,11910,11604,4361,2246,2115
C0116,09,43,0002,Tehsil - Kunda 0002,022014, 1 URDU,27875,14156,13719,23514,11910,11604,4361,2246,2115
C0116,09,43,0002,Tehsil - Kunda 0002,028000,28 ARABIC/ARBI,1,1,0,1,1,0,0,0,0
C0116,09,43,0002,Tehsil - Kunda 0002,028001, 1 ARABIC/ARBI,1,1,0,1,1,0,0,0,0
C0116,09,43,0002,Tehsil - Kunda 0002,040000,40 ENGLISH,2,1,1,2,1,1,0,0,0
C0116,09,43,0002,Tehsil - Kunda 0002,040001, 1 ENGLISH,2,1,1,2,1,1,0,0,0
C0116,09,43,0002,Tehsil - Kunda 0002,123000,123 OTHERS,8,6,2,8,6,2,0,0,0
C0116,09,43,0003,Tehsil - Pratapgarh 0003,002000,2 BENGALI,266,139,127,20,6,14,246,133,113
C0116,09,43,0003,Tehsil - Pratapgarh 0003,002004, 1 BENGALI,266,139,127,20,6,14,246,133,113
C0116,09,43,0003,Tehsil - Pratapgarh 0003,006000,6 HINDI,561983,283530,278453,481475,241156,240319,80508,42374,38134
C0116,09,43,0003,Tehsil - Pratapgarh 0003,006008, 1 AWADHI,16051,8018,8033,14353,7181,7172,1698,837,861
C0116,09,43,0003,Tehsil - Pratapgarh 0003,006045, 2 BHOJPURI,9,4,5,9,4,5,0,0,0
C0116,09,43,0003,Tehsil - Pratapgarh 0003,006060, 3 BUNDELI/BUNDELKHANDI,13,6,7,2,1,1,11,5,6
C0116,09,43,0003,Tehsil - Pratapgarh 0003,006072, 4 CHHATTISGARHI,732,378,354,732,378,354,0,0,0
C0116,09,43,0003,Tehsil - Pratapgarh 0003,006095, 5 GARHWALI,2,1,1,1,1,0,1,0,1
C0116,09,43,0003,Tehsil - Pratapgarh 0003,006117, 6 HARYANVI,1,0,1,0,0,0,1,0,1
C0116,09,43,0003,Tehsil - Pratapgarh 0003,006118, 7 HINDI,545045,275056,269989,466276,233542,232734,78769,41514,37255
C0116,09,43,0003,Tehsil - Pratapgarh 0003,006127, 8 JAUNSARI,5,2,3,5,2,3,0,0,0
C0116,09,43,0003,Tehsil - Pratapgarh 0003,006162, 9 KUMAUNI,1,0,1,0,0,0,1,0,1
C0116,09,43,0003,Tehsil - Pratapgarh 0003,006251, 10 SADAN/SADRI,19,13,6,0,0,0,19,13,6
C0116,09,43,0003,Tehsil - Pratapgarh 0003,006999,6 Others,105,52,53,97,47,50,8,5,3
C0116,09,43,0003,Tehsil - Pratapgarh 0003,011000,11 MALAYALAM,33,5,28,8,2,6,25,3,22
C0116,09,43,0003,Tehsil - Pratapgarh 0003,011013, 1 MALAYALAM,33,5,28,8,2,6,25,3,22
C0116,09,43,0003,Tehsil - Pratapgarh 0003,013000,13 MARATHI,46,25,21,2,0,2,44,25,19
C0116,09,43,0003,Tehsil - Pratapgarh 0003,013048, 1 MARATHI,46,25,21,2,0,2,44,25,19
C0116,09,43,0003,Tehsil - Pratapgarh 0003,014000,14 NEPALI,2444,1297,1147,2208,1166,1042,236,131,105
C0116,09,43,0003,Tehsil - Pratapgarh 0003,014009, 1 NEPALI,2444,1297,1147,2208,1166,1042,236,131,105
C0116,09,43,0003,Tehsil - Pratapgarh 0003,015000,15 ORIYA,42,20,22,42,20,22,0,0,0
C0116,09,43,0003,Tehsil - Pratapgarh 0003,015031, 1 ORIYA,42,20,22,42,20,22,0,0,0
C0116,09,43,0003,Tehsil - Pratapgarh 0003,016000,16 PUNJABI,1391,742,649,0,0,0,1391,742,649
C0116,09,43,0003,Tehsil - Pratapgarh 0003,016018, 1 PUNJABI,1383,737,646,0,0,0,1383,737,646
C0116,09,43,0003,Tehsil - Pratapgarh 0003,016999,16 Others,8,5,3,0,0,0,8,5,3
C0116,09,43,0003,Tehsil - Pratapgarh 0003,019000,19 SINDHI,86,41,45,0,0,0,86,41,45
C0116,09,43,0003,Tehsil - Pratapgarh 0003,019013, 1 SINDHI,86,41,45,0,0,0,86,41,45
C0116,09,43,0003,Tehsil - Pratapgarh 0003,020000,20 TAMIL,2,2,0,2,2,0,0,0,0
C0116,09,43,0003,Tehsil - Pratapgarh 0003,020020, 1 TAMIL,2,2,0,2,2,0,0,0,0
C0116,09,43,0003,Tehsil - Pratapgarh 0003,022000,22 URDU,33359,16534,16825,15956,7827,8129,17403,8707,8696
C0116,09,43,0003,Tehsil - Pratapgarh 0003,022014, 1 URDU,33359,16534,16825,15956,7827,8129,17403,8707,8696
C0116,09,43,0003,Tehsil - Pratapgarh 0003,028000,28 ARABIC/ARBI,9,4,5,3,0,3,6,4,2
C0116,09,43,0003,Tehsil - Pratapgarh 0003,028001, 1 ARABIC/ARBI,9,4,5,3,0,3,6,4,2
C0116,09,43,0003,Tehsil - Pratapgarh 0003,030000,30 BHILI/BHILODI,3,0,3,0,0,0,3,0,3
C0116,09,43,0003,Tehsil - Pratapgarh 0003,030027, 1 KOKNA/KOKNI/KUKNA,3,0,3,0,0,0,3,0,3
C0116,09,43,0003,Tehsil - Pratapgarh 0003,040000,40 ENGLISH,29,17,12,1,1,0,28,16,12
C0116,09,43,0003,Tehsil - Pratapgarh 0003,040001, 1 ENGLISH,29,17,12,1,1,0,28,16,12
C0116,09,43,0003,Tehsil - Pratapgarh 0003,123000,123 OTHERS,9,4,5,7,3,4,2,1,1
C0116,09,43,0004,Tehsil - Patti 0004,001000,1 ASSAMESE,2,1,1,2,1,1,0,0,0
C0116,09,43,0004,Tehsil - Patti 0004,001002, 1 ASSAMESE,2,1,1,2,1,1,0,0,0
C0116,09,43,0004,Tehsil - Patti 0004,002000,2 BENGALI,348,177,171,336,169,167,12,8,4
C0116,09,43,0004,Tehsil - Patti 0004,002004, 1 BENGALI,348,177,171,336,169,167,12,8,4
C0116,09,43,0004,Tehsil - Patti 0004,005000,5 GUJARATI,14,3,11,12,3,9,2,0,2
C0116,09,43,0004,Tehsil - Patti 0004,005011, 1 GUJARATI,4,0,4,2,0,2,2,0,2
C0116,09,43,0004,Tehsil - Patti 0004,005999,5 Others,10,3,7,10,3,7,0,0,0
C0116,09,43,0004,Tehsil - Patti 0004,006000,6 HINDI,807616,398853,408763,799304,394594,404710,8312,4259,4053
C0116,09,43,0004,Tehsil - Patti 0004,006008, 1 AWADHI,179293,88292,91001,174587,85875,88712,4706,2417,2289
C0116,09,43,0004,Tehsil - Patti 0004,006045, 2 BHOJPURI,498,180,318,459,161,298,39,19,20
C0116,09,43,0004,Tehsil - Patti 0004,006059, 3 BRAJBHASHA,12,5,7,12,5,7,0,0,0
C0116,09,43,0004,Tehsil - Patti 0004,006060, 4 BUNDELI/BUNDELKHANDI,14,3,11,13,3,10,1,0,1
C0116,09,43,0004,Tehsil - Patti 0004,006072, 5 CHHATTISGARHI,741,389,352,741,389,352,0,0,0
C0116,09,43,0004,Tehsil - Patti 0004,006095, 6 GARHWALI,128,65,63,126,65,61,2,0,2
C0116,09,43,0004,Tehsil - Patti 0004,006118, 7 HINDI,626382,309630,316752,622827,307813,315014,3555,1817,1738
C0116,09,43,0004,Tehsil - Patti 0004,006127, 8 JAUNSARI,66,28,38,66,28,38,0,0,0
C0116,09,43,0004,Tehsil - Patti 0004,006192, 9 MARWARI,2,2,0,2,2,0,0,0,0
C0116,09,43,0004,Tehsil - Patti 0004,006999,6 Others,480,259,221,471,253,218,9,6,3
C0116,09,43,0004,Tehsil - Patti 0004,011000,11 MALAYALAM,4,1,3,4,1,3,0,0,0
C0116,09,43,0004,Tehsil - Patti 0004,011013, 1 MALAYALAM,4,1,3,4,1,3,0,0,0
C0116,09,43,0004,Tehsil - Patti 0004,013000,13 MARATHI,8,4,4,8,4,4,0,0,0
C0116,09,43,0004,Tehsil - Patti 0004,013048, 1 MARATHI,8,4,4,8,4,4,0,0,0
C0116,09,43,0004,Tehsil - Patti 0004,014000,14 NEPALI,4978,2512,2466,4954,2498,2456,24,14,10
C0116,09,43,0004,Tehsil - Patti 0004,014009, 1 NEPALI,4978,2512,2466,4954,2498,2456,24,14,10
C0116,09,43,0004,Tehsil - Patti 0004,015000,15 ORIYA,88,51,37,88,51,37,0,0,0
C0116,09,43,0004,Tehsil - Patti 0004,015031, 1 ORIYA,88,51,37,88,51,37,0,0,0
C0116,09,43,0004,Tehsil - Patti 0004,016000,16 PUNJABI,27,11,16,27,11,16,0,0,0
C0116,09,43,0004,Tehsil - Patti 0004,016018, 1 PUNJABI,8,5,3,8,5,3,0,0,0
C0116,09,43,0004,Tehsil - Patti 0004,016999,16 Others,19,6,13,19,6,13,0,0,0
C0116,09,43,0004,Tehsil - Patti 0004,020000,20 TAMIL,4,2,2,4,2,2,0,0,0
C0116,09,43,0004,Tehsil - Patti 0004,020020, 1 TAMIL,4,2,2,4,2,2,0,0,0
C0116,09,43,0004,Tehsil - Patti 0004,021000,21 TELUGU,3,2,1,3,2,1,0,0,0
C0116,09,43,0004,Tehsil - Patti 0004,021035, 1 TELUGU,3,2,1,3,2,1,0,0,0
C0116,09,43,0004,Tehsil - Patti 0004,022000,22 URDU,27026,13208,13818,26579,12984,13595,447,224,223
C0116,09,43,0004,Tehsil - Patti 0004,022014, 1 URDU,27026,13208,13818,26579,12984,13595,447,224,223
C0116,09,43,0004,Tehsil - Patti 0004,028000,28 ARABIC/ARBI,2,0,2,2,0,2,0,0,0
C0116,09,43,0004,Tehsil - Patti 0004,028001, 1 ARABIC/ARBI,2,0,2,2,0,2,0,0,0
C0116,09,43,0004,Tehsil - Patti 0004,040000,40 ENGLISH,8,5,3,8,5,3,0,0,0
C0116,09,43,0004,Tehsil - Patti 0004,040001, 1 ENGLISH,8,5,3,8,5,3,0,0,0
C0116,09,43,0004,Tehsil - Patti 0004,123000,123 OTHERS,131,70,61,131,70,61,0,0,0
C0116,09,44,0000,District - Kaushambi *  44,002000,2 BENGALI,51,22,29,22,8,14,29,14,15
C0116,09,44,0000,District - Kaushambi *  44,002004, 1 BENGALI,51,22,29,22,8,14,29,14,15
C0116,09,44,0000,District - Kaushambi *  44,006000,6 HINDI,1249375,659337,590038,1169291,617096,552195,80084,42241,37843
C0116,09,44,0000,District - Kaushambi *  44,006045, 1 BHOJPURI,31,24,7,12,9,3,19,15,4
C0116,09,44,0000,District - Kaushambi *  44,006060, 2 BUNDELI/BUNDELKHANDI,41,23,18,38,21,17,3,2,1
C0116,09,44,0000,District - Kaushambi *  44,006072, 3 CHHATTISGARHI,19,10,9,19,10,9,0,0,0
C0116,09,44,0000,District - Kaushambi *  44,006095, 4 GARHWALI,18,6,12,18,6,12,0,0,0
C0116,09,44,0000,District - Kaushambi *  44,006118, 5 HINDI,1249248,659266,589982,1169188,617042,552146,80060,42224,37836
C0116,09,44,0000,District - Kaushambi *  44,006127, 6 JAUNSARI,10,4,6,8,4,4,2,0,2
C0116,09,44,0000,District - Kaushambi *  44,006162, 7 KUMAUNI,2,1,1,2,1,1,0,0,0
C0116,09,44,0000,District - Kaushambi *  44,006999,6 Others,6,3,3,6,3,3,0,0,0
C0116,09,44,0000,District - Kaushambi *  44,011000,11 MALAYALAM,3,1,2,2,1,1,1,0,1
C0116,09,44,0000,District - Kaushambi *  44,011013, 1 MALAYALAM,2,1,1,1,1,0,1,0,1
C0116,09,44,0000,District - Kaushambi *  44,011999,11 Others,1,0,1,1,0,1,0,0,0
C0116,09,44,0000,District - Kaushambi *  44,013000,13 MARATHI,1,0,1,1,0,1,0,0,0
C0116,09,44,0000,District - Kaushambi *  44,013048, 1 MARATHI,1,0,1,1,0,1,0,0,0
C0116,09,44,0000,District - Kaushambi *  44,014000,14 NEPALI,5639,2975,2664,5341,2822,2519,298,153,145
C0116,09,44,0000,District - Kaushambi *  44,014009, 1 NEPALI,5639,2975,2664,5341,2822,2519,298,153,145
C0116,09,44,0000,District - Kaushambi *  44,015000,15 ORIYA,78,44,34,78,44,34,0,0,0
C0116,09,44,0000,District - Kaushambi *  44,015031, 1 ORIYA,78,44,34,78,44,34,0,0,0
C0116,09,44,0000,District - Kaushambi *  44,016000,16 PUNJABI,3,2,1,0,0,0,3,2,1
C0116,09,44,0000,District - Kaushambi *  44,016018, 1 PUNJABI,3,2,1,0,0,0,3,2,1
C0116,09,44,0000,District - Kaushambi *  44,017000,17 SANSKRIT,5,2,3,5,2,3,0,0,0
C0116,09,44,0000,District - Kaushambi *  44,017002, 1 SANSKRIT,5,2,3,5,2,3,0,0,0
C0116,09,44,0000,District - Kaushambi *  44,020000,20 TAMIL,2,2,0,2,2,0,0,0,0
C0116,09,44,0000,District - Kaushambi *  44,020020, 1 TAMIL,1,1,0,1,1,0,0,0,0
C0116,09,44,0000,District - Kaushambi *  44,020999,20 Others,1,1,0,1,1,0,0,0,0
C0116,09,44,0000,District - Kaushambi *  44,022000,22 URDU,37954,19884,18070,26593,14046,12547,11361,5838,5523
C0116,09,44,0000,District - Kaushambi *  44,022014, 1 URDU,37954,19884,18070,26593,14046,12547,11361,5838,5523
C0116,09,44,0000,District - Kaushambi *  44,028000,28 ARABIC/ARBI,2,1,1,2,1,1,0,0,0
C0116,09,44,0000,District - Kaushambi *  44,028001, 1 ARABIC/ARBI,2,1,1,2,1,1,0,0,0
C0116,09,44,0000,District - Kaushambi *  44,040000,40 ENGLISH,17,8,9,12,5,7,5,3,2
C0116,09,44,0000,District - Kaushambi *  44,040001, 1 ENGLISH,17,8,9,12,5,7,5,3,2
C0116,09,44,0000,District - Kaushambi *  44,123000,123 OTHERS,24,12,12,20,10,10,4,2,2
C0116,09,44,0001,Tehsil - Sirathu 0001,002000,2 BENGALI,11,4,7,7,3,4,4,1,3
C0116,09,44,0001,Tehsil - Sirathu 0001,002004, 1 BENGALI,11,4,7,7,3,4,4,1,3
C0116,09,44,0001,Tehsil - Sirathu 0001,006000,6 HINDI,414150,217313,196837,387797,203546,184251,26353,13767,12586
C0116,09,44,0001,Tehsil - Sirathu 0001,006045, 1 BHOJPURI,3,2,1,2,2,0,1,0,1
C0116,09,44,0001,Tehsil - Sirathu 0001,006060, 2 BUNDELI/BUNDELKHANDI,1,0,1,1,0,1,0,0,0
C0116,09,44,0001,Tehsil - Sirathu 0001,006095, 3 GARHWALI,5,3,2,5,3,2,0,0,0
C0116,09,44,0001,Tehsil - Sirathu 0001,006118, 4 HINDI,414139,217307,196832,387787,203540,184247,26352,13767,12585
C0116,09,44,0001,Tehsil - Sirathu 0001,006127, 5 JAUNSARI,2,1,1,2,1,1,0,0,0
C0116,09,44,0001,Tehsil - Sirathu 0001,013000,13 MARATHI,1,0,1,1,0,1,0,0,0
C0116,09,44,0001,Tehsil - Sirathu 0001,013048, 1 MARATHI,1,0,1,1,0,1,0,0,0
C0116,09,44,0001,Tehsil - Sirathu 0001,014000,14 NEPALI,1872,987,885,1832,967,865,40,20,20
C0116,09,44,0001,Tehsil - Sirathu 0001,014009, 1 NEPALI,1872,987,885,1832,967,865,40,20,20
C0116,09,44,0001,Tehsil - Sirathu 0001,015000,15 ORIYA,67,38,29,67,38,29,0,0,0
C0116,09,44,0001,Tehsil - Sirathu 0001,015031, 1 ORIYA,67,38,29,67,38,29,0,0,0
C0116,09,44,0001,Tehsil - Sirathu 0001,020000,20 TAMIL,1,1,0,1,1,0,0,0,0
C0116,09,44,0001,Tehsil - Sirathu 0001,020020, 1 TAMIL,1,1,0,1,1,0,0,0,0
C0116,09,44,0001,Tehsil - Sirathu 0001,022000,22 URDU,5218,2678,2540,4981,2545,2436,237,133,104
C0116,09,44,0001,Tehsil - Sirathu 0001,022014, 1 URDU,5218,2678,2540,4981,2545,2436,237,133,104
C0116,09,44,0001,Tehsil - Sirathu 0001,123000,123 OTHERS,4,2,2,3,2,1,1,0,1
C0116,09,44,0002,Tehsil - Manjhanpur 0002,002000,2 BENGALI,19,10,9,5,2,3,14,8,6
C0116,09,44,0002,Tehsil - Manjhanpur 0002,002004, 1 BENGALI,19,10,9,5,2,3,14,8,6
C0116,09,44,0002,Tehsil - Manjhanpur 0002,006000,6 HINDI,436658,230521,206137,417279,220311,196968,19379,10210,9169
C0116,09,44,0002,Tehsil - Manjhanpur 0002,006045, 1 BHOJPURI,24,18,6,6,3,3,18,15,3
C0116,09,44,0002,Tehsil - Manjhanpur 0002,006060, 2 BUNDELI/BUNDELKHANDI,1,0,1,0,0,0,1,0,1
C0116,09,44,0002,Tehsil - Manjhanpur 0002,006095, 3 GARHWALI,4,1,3,4,1,3,0,0,0
C0116,09,44,0002,Tehsil - Manjhanpur 0002,006118, 4 HINDI,436624,230502,206122,417265,220307,196958,19359,10195,9164
C0116,09,44,0002,Tehsil - Manjhanpur 0002,006127, 5 JAUNSARI,4,0,4,3,0,3,1,0,1
C0116,09,44,0002,Tehsil - Manjhanpur 0002,006162, 6 KUMAUNI,1,0,1,1,0,1,0,0,0
C0116,09,44,0002,Tehsil - Manjhanpur 0002,014000,14 NEPALI,2152,1124,1028,2086,1089,997,66,35,31
C0116,09,44,0002,Tehsil - Manjhanpur 0002,014009, 1 NEPALI,2152,1124,1028,2086,1089,997,66,35,31
C0116,09,44,0002,Tehsil - Manjhanpur 0002,022000,22 URDU,10515,5447,5068,3077,1644,1433,7438,3803,3635
C0116,09,44,0002,Tehsil - Manjhanpur 0002,022014, 1 URDU,10515,5447,5068,3077,1644,1433,7438,3803,3635
C0116,09,44,0002,Tehsil - Manjhanpur 0002,028000,28 ARABIC/ARBI,2,1,1,2,1,1,0,0,0
C0116,09,44,0002,Tehsil - Manjhanpur 0002,028001, 1 ARABIC/ARBI,2,1,1,2,1,1,0,0,0
C0116,09,44,0002,Tehsil - Manjhanpur 0002,040000,40 ENGLISH,13,6,7,8,3,5,5,3,2
C0116,09,44,0002,Tehsil - Manjhanpur 0002,040001, 1 ENGLISH,13,6,7,8,3,5,5,3,2
C0116,09,44,0002,Tehsil - Manjhanpur 0002,123000,123 OTHERS,6,3,3,6,3,3,0,0,0
C0116,09,44,0003,Tehsil - Chail 0003,002000,2 BENGALI,21,8,13,10,3,7,11,5,6
C0116,09,44,0003,Tehsil - Chail 0003,002004, 1 BENGALI,21,8,13,10,3,7,11,5,6
C0116,09,44,0003,Tehsil - Chail 0003,006000,6 HINDI,398567,211503,187064,364215,193239,170976,34352,18264,16088
C0116,09,44,0003,Tehsil - Chail 0003,006045, 1 BHOJPURI,4,4,0,4,4,0,0,0,0
C0116,09,44,0003,Tehsil - Chail 0003,006060, 2 BUNDELI/BUNDELKHANDI,39,23,16,37,21,16,2,2,0
C0116,09,44,0003,Tehsil - Chail 0003,006072, 3 CHHATTISGARHI,19,10,9,19,10,9,0,0,0
C0116,09,44,0003,Tehsil - Chail 0003,006095, 4 GARHWALI,9,2,7,9,2,7,0,0,0
C0116,09,44,0003,Tehsil - Chail 0003,006118, 5 HINDI,398485,211457,187028,364136,193195,170941,34349,18262,16087
C0116,09,44,0003,Tehsil - Chail 0003,006127, 6 JAUNSARI,4,3,1,3,3,0,1,0,1
C0116,09,44,0003,Tehsil - Chail 0003,006162, 7 KUMAUNI,1,1,0,1,1,0,0,0,0
C0116,09,44,0003,Tehsil - Chail 0003,006999,6 Others,6,3,3,6,3,3,0,0,0
C0116,09,44,0003,Tehsil - Chail 0003,011000,11 MALAYALAM,3,1,2,2,1,1,1,0,1
C0116,09,44,0003,Tehsil - Chail 0003,011013, 1 MALAYALAM,2,1,1,1,1,0,1,0,1
C0116,09,44,0003,Tehsil - Chail 0003,011999,11 Others,1,0,1,1,0,1,0,0,0
C0116,09,44,0003,Tehsil - Chail 0003,014000,14 NEPALI,1615,864,751,1423,766,657,192,98,94
C0116,09,44,0003,Tehsil - Chail 0003,014009, 1 NEPALI,1615,864,751,1423,766,657,192,98,94
C0116,09,44,0003,Tehsil - Chail 0003,015000,15 ORIYA,11,6,5,11,6,5,0,0,0
C0116,09,44,0003,Tehsil - Chail 0003,015031, 1 ORIYA,11,6,5,11,6,5,0,0,0
C0116,09,44,0003,Tehsil - Chail 0003,016000,16 PUNJABI,3,2,1,0,0,0,3,2,1
C0116,09,44,0003,Tehsil - Chail 0003,016018, 1 PUNJABI,3,2,1,0,0,0,3,2,1
C0116,09,44,0003,Tehsil - Chail 0003,017000,17 SANSKRIT,5,2,3,5,2,3,0,0,0
C0116,09,44,0003,Tehsil - Chail 0003,017002, 1 SANSKRIT,5,2,3,5,2,3,0,0,0
C0116,09,44,0003,Tehsil - Chail 0003,020000,20 TAMIL,1,1,0,1,1,0,0,0,0
C0116,09,44,0003,Tehsil - Chail 0003,020999,20 Others,1,1,0,1,1,0,0,0,0
C0116,09,44,0003,Tehsil - Chail 0003,022000,22 URDU,22221,11759,10462,18535,9857,8678,3686,1902,1784
C0116,09,44,0003,Tehsil - Chail 0003,022014, 1 URDU,22221,11759,10462,18535,9857,8678,3686,1902,1784
C0116,09,44,0003,Tehsil - Chail 0003,040000,40 ENGLISH,4,2,2,4,2,2,0,0,0
C0116,09,44,0003,Tehsil - Chail 0003,040001, 1 ENGLISH,4,2,2,4,2,2,0,0,0
C0116,09,44,0003,Tehsil - Chail 0003,123000,123 OTHERS,14,7,7,11,5,6,3,2,1
C0116,09,45,0000,District - Allahabad  45,001000,1 ASSAMESE,28,15,13,10,7,3,18,8,10
C0116,09,45,0000,District - Allahabad  45,001002, 1 ASSAMESE,28,15,13,10,7,3,18,8,10
C0116,09,45,0000,District - Allahabad  45,002000,2 BENGALI,5316,2676,2640,391,217,174,4925,2459,2466
C0116,09,45,0000,District - Allahabad  45,002004, 1 BENGALI,5316,2676,2640,391,217,174,4925,2459,2466
C0116,09,45,0000,District - Allahabad  45,003000,3 BODO,1,1,0,0,0,0,1,1,0
C0116,09,45,0000,District - Allahabad  45,003001, 1 BODO,1,1,0,0,0,0,1,1,0
C0116,09,45,0000,District - Allahabad  45,004000,4 DOGRI,8,5,3,2,2,0,6,3,3
C0116,09,45,0000,District - Allahabad  45,004001, 1 DOGRI,8,5,3,2,2,0,6,3,3
C0116,09,45,0000,District - Allahabad  45,005000,5 GUJARATI,90,47,43,18,9,9,72,38,34
C0116,09,45,0000,District - Allahabad  45,005011, 1 GUJARATI,80,43,37,18,9,9,62,34,28
C0116,09,45,0000,District - Allahabad  45,005999,5 Others,10,4,6,0,0,0,10,4,6
C0116,09,45,0000,District - Allahabad  45,006000,6 HINDI,4714257,2509465,2204792,3662829,1927301,1735528,1051428,582164,469264
C0116,09,45,0000,District - Allahabad  45,006008, 1 AWADHI,485777,252769,233008,476670,247873,228797,9107,4896,4211
C0116,09,45,0000,District - Allahabad  45,006016, 2 BAGHELI/BAGHEL KHANDI,2,1,1,0,0,0,2,1,1
C0116,09,45,0000,District - Allahabad  45,006045, 3 BHOJPURI,2968,1568,1400,2781,1471,1310,187,97,90
C0116,09,45,0000,District - Allahabad  45,006059, 4 BRAJBHASHA,7,4,3,4,2,2,3,2,1
C0116,09,45,0000,District - Allahabad  45,006060, 5 BUNDELI/BUNDELKHANDI,1044,560,484,113,67,46,931,493,438
C0116,09,45,0000,District - Allahabad  45,006072, 6 CHHATTISGARHI,975,501,474,973,500,473,2,1,1
C0116,09,45,0000,District - Allahabad  45,006095, 7 GARHWALI,186,92,94,104,50,54,82,42,40
C0116,09,45,0000,District - Allahabad  45,006117, 8 HARYANVI,38,19,19,38,19,19,0,0,0
C0116,09,45,0000,District - Allahabad  45,006118, 9 HINDI,4222856,2253740,1969116,3181911,1677198,1504713,1040945,576542,464403
C0116,09,45,0000,District - Allahabad  45,006127, 10 JAUNSARI,4,3,1,1,1,0,3,2,1
C0116,09,45,0000,District - Allahabad  45,006162, 11 KUMAUNI,50,31,19,9,4,5,41,27,14
C0116,09,45,0000,District - Allahabad  45,006179, 12 MAGADHI/MAGAHI,38,19,19,37,18,19,1,1,0
C0116,09,45,0000,District - Allahabad  45,006192, 13 MARWARI,25,13,12,3,2,1,22,11,11
C0116,09,45,0000,District - Allahabad  45,006195, 14 MEWARI,64,33,31,29,14,15,35,19,16
C0116,09,45,0000,District - Allahabad  45,006213, 15 PAHARI,5,2,3,1,1,0,4,1,3
C0116,09,45,0000,District - Allahabad  45,006242, 16 RAJASTHANI,23,11,12,13,8,5,10,3,7
C0116,09,45,0000,District - Allahabad  45,006999,6 Others,195,99,96,142,73,69,53,26,27
C0116,09,45,0000,District - Allahabad  45,007000,7 KANNADA,66,40,26,16,11,5,50,29,21
C0116,09,45,0000,District - Allahabad  45,007013, 1 KANNADA,65,40,25,15,11,4,50,29,21
C0116,09,45,0000,District - Allahabad  45,007999,7 Others,1,0,1,1,0,1,0,0,0
C0116,09,45,0000,District - Allahabad  45,008000,8 KASHMIRI,41,24,17,11,7,4,30,17,13
C0116,09,45,0000,District - Allahabad  45,008002, 1 KASHMIRI,41,24,17,11,7,4,30,17,13
C0116,09,45,0000,District - Allahabad  45,009000,9 KONKANI,10,6,4,1,0,1,9,6,3
C0116,09,45,0000,District - Allahabad  45,009010, 1 KONKANI,10,6,4,1,0,1,9,6,3
C0116,09,45,0000,District - Allahabad  45,010000,10 MAITHILI,69,35,34,18,9,9,51,26,25
C0116,09,45,0000,District - Allahabad  45,010006, 1 MAITHILI,69,35,34,18,9,9,51,26,25
C0116,09,45,0000,District - Allahabad  45,011000,11 MALAYALAM,557,176,381,84,51,33,473,125,348
C0116,09,45,0000,District - Allahabad  45,011013, 1 MALAYALAM,549,172,377,84,51,33,465,121,344
C0116,09,45,0000,District - Allahabad  45,011999,11 Others,8,4,4,0,0,0,8,4,4
C0116,09,45,0000,District - Allahabad  45,012000,12 MANIPURI,1,1,0,0,0,0,1,1,0
C0116,09,45,0000,District - Allahabad  45,012002, 1 MANIPURI,1,1,0,0,0,0,1,1,0
C0116,09,45,0000,District - Allahabad  45,013000,13 MARATHI,341,179,162,160,82,78,181,97,84
C0116,09,45,0000,District - Allahabad  45,013048, 1 MARATHI,339,178,161,158,81,77,181,97,84
C0116,09,45,0000,District - Allahabad  45,013999,13 Others,2,1,1,2,1,1,0,0,0
C0116,09,45,0000,District - Allahabad  45,014000,14 NEPALI,883,490,393,481,266,215,402,224,178
C0116,09,45,0000,District - Allahabad  45,014009, 1 NEPALI,883,490,393,481,266,215,402,224,178
C0116,09,45,0000,District - Allahabad  45,015000,15 ORIYA,148,84,64,79,45,34,69,39,30
C0116,09,45,0000,District - Allahabad  45,015031, 1 ORIYA,148,84,64,79,45,34,69,39,30
C0116,09,45,0000,District - Allahabad  45,016000,16 PUNJABI,2669,1377,1292,210,120,90,2459,1257,1202
C0116,09,45,0000,District - Allahabad  45,016018, 1 PUNJABI,2655,1369,1286,209,119,90,2446,1250,1196
C0116,09,45,0000,District - Allahabad  45,016999,16 Others,14,8,6,1,1,0,13,7,6
C0116,09,45,0000,District - Allahabad  45,017000,17 SANSKRIT,49,37,12,24,15,9,25,22,3
C0116,09,45,0000,District - Allahabad  45,017002, 1 SANSKRIT,49,37,12,24,15,9,25,22,3
C0116,09,45,0000,District - Allahabad  45,018000,18 SANTALI,5,3,2,5,3,2,0,0,0
C0116,09,45,0000,District - Allahabad  45,018013, 1 SANTALI,5,3,2,5,3,2,0,0,0
C0116,09,45,0000,District - Allahabad  45,019000,19 SINDHI,748,390,358,6,2,4,742,388,354
C0116,09,45,0000,District - Allahabad  45,019013, 1 SINDHI,744,388,356,6,2,4,738,386,352
C0116,09,45,0000,District - Allahabad  45,019999,19 Others,4,2,2,0,0,0,4,2,2
C0116,09,45,0000,District - Allahabad  45,020000,20 TAMIL,178,111,67,88,61,27,90,50,40
C0116,09,45,0000,District - Allahabad  45,020020, 1 TAMIL,177,111,66,88,61,27,89,50,39
C0116,09,45,0000,District - Allahabad  45,020999,20 Others,1,0,1,0,0,0,1,0,1
C0116,09,45,0000,District - Allahabad  45,021000,21 TELUGU,121,74,47,51,37,14,70,37,33
C0116,09,45,0000,District - Allahabad  45,021035, 1 TELUGU,121,74,47,51,37,14,70,37,33
C0116,09,45,0000,District - Allahabad  45,022000,22 URDU,209035,110416,98619,64216,33850,30366,144819,76566,68253
C0116,09,45,0000,District - Allahabad  45,022014, 1 URDU,209035,110416,98619,64216,33850,30366,144819,76566,68253
C0116,09,45,0000,District - Allahabad  45,028000,28 ARABIC/ARBI,348,186,162,282,148,134,66,38,28
C0116,09,45,0000,District - Allahabad  45,028001, 1 ARABIC/ARBI,348,186,162,282,148,134,66,38,28
C0116,09,45,0000,District - Allahabad  45,033000,33 BISHNUPURIYA,2,2,0,2,2,0,0,0,0
C0116,09,45,0000,District - Allahabad  45,033001, 1 BISHNUPRIYA MANIPURI/MANIPURI BISHNUPRIYA,2,2,0,2,2,0,0,0,0
C0116,09,45,0000,District - Allahabad  45,037000,37 COORGI/KODAGU,1,1,0,1,1,0,0,0,0
C0116,09,45,0000,District - Allahabad  45,037001, 1 COORGI/KODAGU,1,1,0,1,1,0,0,0,0
C0116,09,45,0000,District - Allahabad  45,040000,40 ENGLISH,952,508,444,294,152,142,658,356,302
C0116,09,45,0000,District - Allahabad  45,040001, 1 ENGLISH,952,508,444,294,152,142,658,356,302
C0116,09,45,0000,District - Allahabad  45,044000,44 GONDI,2,1,1,0,0,0,2,1,1
C0116,09,45,0000,District - Allahabad  45,044999,44 Others,2,1,1,0,0,0,2,1,1
C0116,09,45,0000,District - Allahabad  45,051000,51 KABUI,1,0,1,0,0,0,1,0,1
C0116,09,45,0000,District - Allahabad  45,051003, 1 KABUI,1,0,1,0,0,0,1,0,1
C0116,09,45,0000,District - Allahabad  45,053000,53 KHANDESHI,1,1,0,1,1,0,0,0,0
C0116,09,45,0000,District - Allahabad  45,053005, 1 GUJARI,1,1,0,1,1,0,0,0,0
C0116,09,45,0000,District - Allahabad  45,072000,72 KURUKH/ORAON,1,1,0,0,0,0,1,1,0
C0116,09,45,0000,District - Allahabad  45,072999,72 Others,1,1,0,0,0,0,1,1,0
C0116,09,45,0000,District - Allahabad  45,090000,90 MUNDA,6,3,3,0,0,0,6,3,3
C0116,09,45,0000,District - Allahabad  45,090006, 1 MUNDA,6,3,3,0,0,0,6,3,3
C0116,09,45,0000,District - Allahabad  45,098000,98 PERSIAN,3,1,2,0,0,0,3,1,2
C0116,09,45,0000,District - Allahabad  45,098001, 1 PERSIAN,3,1,2,0,0,0,3,1,2
C0116,09,45,0000,District - Allahabad  45,116000,116 TULU,1,1,0,0,0,0,1,1,0
C0116,09,45,0000,District - Allahabad  45,116999,116 Others,1,1,0,0,0,0,1,1,0
C0116,09,45,0000,District - Allahabad  45,123000,123 OTHERS,166,91,75,40,26,14,126,65,61
C0116,09,45,0001,Tehsil - Soraon 0001,001000,1 ASSAMESE,10,7,3,10,7,3,0,0,0
C0116,09,45,0001,Tehsil - Soraon 0001,001002, 1 ASSAMESE,10,7,3,10,7,3,0,0,0
C0116,09,45,0001,Tehsil - Soraon 0001,002000,2 BENGALI,101,66,35,101,66,35,0,0,0
C0116,09,45,0001,Tehsil - Soraon 0001,002004, 1 BENGALI,101,66,35,101,66,35,0,0,0
C0116,09,45,0001,Tehsil - Soraon 0001,004000,4 DOGRI,2,2,0,2,2,0,0,0,0
C0116,09,45,0001,Tehsil - Soraon 0001,004001, 1 DOGRI,2,2,0,2,2,0,0,0,0
C0116,09,45,0001,Tehsil - Soraon 0001,005000,5 GUJARATI,2,1,1,2,1,1,0,0,0
C0116,09,45,0001,Tehsil - Soraon 0001,005011, 1 GUJARATI,2,1,1,2,1,1,0,0,0
C0116,09,45,0001,Tehsil - Soraon 0001,006000,6 HINDI,645579,337203,308376,624648,326185,298463,20931,11018,9913
C0116,09,45,0001,Tehsil - Soraon 0001,006008, 1 AWADHI,7614,3776,3838,7500,3718,3782,114,58,56
C0116,09,45,0001,Tehsil - Soraon 0001,006045, 2 BHOJPURI,266,148,118,264,146,118,2,2,0
C0116,09,45,0001,Tehsil - Soraon 0001,006059, 3 BRAJBHASHA,4,2,2,4,2,2,0,0,0
C0116,09,45,0001,Tehsil - Soraon 0001,006060, 4 BUNDELI/BUNDELKHANDI,15,11,4,14,10,4,1,1,0
C0116,09,45,0001,Tehsil - Soraon 0001,006072, 5 CHHATTISGARHI,13,5,8,13,5,8,0,0,0
C0116,09,45,0001,Tehsil - Soraon 0001,006095, 6 GARHWALI,4,3,1,4,3,1,0,0,0
C0116,09,45,0001,Tehsil - Soraon 0001,006117, 7 HARYANVI,17,9,8,17,9,8,0,0,0
C0116,09,45,0001,Tehsil - Soraon 0001,006118, 8 HINDI,637608,333229,304379,616794,322272,294522,20814,10957,9857
C0116,09,45,0001,Tehsil - Soraon 0001,006162, 9 KUMAUNI,3,2,1,3,2,1,0,0,0
C0116,09,45,0001,Tehsil - Soraon 0001,006179, 10 MAGADHI/MAGAHI,23,11,12,23,11,12,0,0,0
C0116,09,45,0001,Tehsil - Soraon 0001,006213, 11 PAHARI,1,1,0,1,1,0,0,0,0
C0116,09,45,0001,Tehsil - Soraon 0001,006242, 12 RAJASTHANI,9,5,4,9,5,4,0,0,0
C0116,09,45,0001,Tehsil - Soraon 0001,006999,6 Others,2,1,1,2,1,1,0,0,0
C0116,09,45,0001,Tehsil - Soraon 0001,007000,7 KANNADA,9,8,1,9,8,1,0,0,0
C0116,09,45,0001,Tehsil - Soraon 0001,007013, 1 KANNADA,9,8,1,9,8,1,0,0,0
C0116,09,45,0001,Tehsil - Soraon 0001,010000,10 MAITHILI,1,1,0,1,1,0,0,0,0
C0116,09,45,0001,Tehsil - Soraon 0001,010006, 1 MAITHILI,1,1,0,1,1,0,0,0,0
C0116,09,45,0001,Tehsil - Soraon 0001,011000,11 MALAYALAM,27,23,4,27,23,4,0,0,0
C0116,09,45,0001,Tehsil - Soraon 0001,011013, 1 MALAYALAM,27,23,4,27,23,4,0,0,0
C0116,09,45,0001,Tehsil - Soraon 0001,013000,13 MARATHI,38,22,16,37,21,16,1,1,0
C0116,09,45,0001,Tehsil - Soraon 0001,013048, 1 MARATHI,36,21,15,35,20,15,1,1,0
C0116,09,45,0001,Tehsil - Soraon 0001,013999,13 Others,2,1,1,2,1,1,0,0,0
C0116,09,45,0001,Tehsil - Soraon 0001,014000,14 NEPALI,98,57,41,97,57,40,1,0,1
C0116,09,45,0001,Tehsil - Soraon 0001,014009, 1 NEPALI,98,57,41,97,57,40,1,0,1
C0116,09,45,0001,Tehsil - Soraon 0001,015000,15 ORIYA,36,24,12,36,24,12,0,0,0
C0116,09,45,0001,Tehsil - Soraon 0001,015031, 1 ORIYA,36,24,12,36,24,12,0,0,0
C0116,09,45,0001,Tehsil - Soraon 0001,016000,16 PUNJABI,26,19,7,26,19,7,0,0,0
C0116,09,45,0001,Tehsil - Soraon 0001,016018, 1 PUNJABI,26,19,7,26,19,7,0,0,0
C0116,09,45,0001,Tehsil - Soraon 0001,017000,17 SANSKRIT,2,0,2,2,0,2,0,0,0
C0116,09,45,0001,Tehsil - Soraon 0001,017002, 1 SANSKRIT,2,0,2,2,0,2,0,0,0
C0116,09,45,0001,Tehsil - Soraon 0001,018000,18 SANTALI,5,3,2,5,3,2,0,0,0
C0116,09,45,0001,Tehsil - Soraon 0001,018013, 1 SANTALI,5,3,2,5,3,2,0,0,0
C0116,09,45,0001,Tehsil - Soraon 0001,020000,20 TAMIL,41,33,8,41,33,8,0,0,0
C0116,09,45,0001,Tehsil - Soraon 0001,020020, 1 TAMIL,41,33,8,41,33,8,0,0,0
C0116,09,45,0001,Tehsil - Soraon 0001,021000,21 TELUGU,25,23,2,25,23,2,0,0,0
C0116,09,45,0001,Tehsil - Soraon 0001,021035, 1 TELUGU,25,23,2,25,23,2,0,0,0
C0116,09,45,0001,Tehsil - Soraon 0001,022000,22 URDU,41611,21683,19928,21594,11305,10289,20017,10378,9639
C0116,09,45,0001,Tehsil - Soraon 0001,022014, 1 URDU,41611,21683,19928,21594,11305,10289,20017,10378,9639
C0116,09,45,0001,Tehsil - Soraon 0001,028000,28 ARABIC/ARBI,18,8,10,0,0,0,18,8,10
C0116,09,45,0001,Tehsil - Soraon 0001,028001, 1 ARABIC/ARBI,18,8,10,0,0,0,18,8,10
C0116,09,45,0001,Tehsil - Soraon 0001,033000,33 BISHNUPURIYA,2,2,0,2,2,0,0,0,0
C0116,09,45,0001,Tehsil - Soraon 0001,033001, 1 BISHNUPRIYA MANIPURI/MANIPURI BISHNUPRIYA,2,2,0,2,2,0,0,0,0
C0116,09,45,0001,Tehsil - Soraon 0001,037000,37 COORGI/KODAGU,1,1,0,1,1,0,0,0,0
C0116,09,45,0001,Tehsil - Soraon 0001,037001, 1 COORGI/KODAGU,1,1,0,1,1,0,0,0,0
C0116,09,45,0001,Tehsil - Soraon 0001,040000,40 ENGLISH,2,2,0,2,2,0,0,0,0
C0116,09,45,0001,Tehsil - Soraon 0001,040001, 1 ENGLISH,2,2,0,2,2,0,0,0,0
C0116,09,45,0001,Tehsil - Soraon 0001,053000,53 KHANDESHI,1,1,0,1,1,0,0,0,0
C0116,09,45,0001,Tehsil - Soraon 0001,053005, 1 GUJARI,1,1,0,1,1,0,0,0,0
C0116,09,45,0001,Tehsil - Soraon 0001,123000,123 OTHERS,13,11,2,13,11,2,0,0,0
C0116,09,45,0002,Tehsil - Phulpur 0002,002000,2 BENGALI,160,80,80,74,34,40,86,46,40
C0116,09,45,0002,Tehsil - Phulpur 0002,002004, 1 BENGALI,160,80,80,74,34,40,86,46,40
C0116,09,45,0002,Tehsil - Phulpur 0002,005000,5 GUJARATI,9,6,3,8,5,3,1,1,0
C0116,09,45,0002,Tehsil - Phulpur 0002,005011, 1 GUJARATI,9,6,3,8,5,3,1,1,0
C0116,09,45,0002,Tehsil - Phulpur 0002,006000,6 HINDI,693170,364705,328465,651934,342154,309780,41236,22551,18685
C0116,09,45,0002,Tehsil - Phulpur 0002,006008, 1 AWADHI,187963,98756,89207,182133,95577,86556,5830,3179,2651
C0116,09,45,0002,Tehsil - Phulpur 0002,006045, 2 BHOJPURI,555,280,275,518,258,260,37,22,15
C0116,09,45,0002,Tehsil - Phulpur 0002,006060, 3 BUNDELI/BUNDELKHANDI,50,27,23,19,10,9,31,17,14
C0116,09,45,0002,Tehsil - Phulpur 0002,006072, 4 CHHATTISGARHI,297,155,142,297,155,142,0,0,0
C0116,09,45,0002,Tehsil - Phulpur 0002,006095, 5 GARHWALI,34,16,18,32,14,18,2,2,0
C0116,09,45,0002,Tehsil - Phulpur 0002,006118, 6 HINDI,504246,265455,238791,468917,246128,222789,35329,19327,16002
C0116,09,45,0002,Tehsil - Phulpur 0002,006162, 7 KUMAUNI,1,0,1,1,0,1,0,0,0
C0116,09,45,0002,Tehsil - Phulpur 0002,006192, 8 MARWARI,7,4,3,0,0,0,7,4,3
C0116,09,45,0002,Tehsil - Phulpur 0002,006242, 9 RAJASTHANI,2,1,1,2,1,1,0,0,0
C0116,09,45,0002,Tehsil - Phulpur 0002,006999,6 Others,15,11,4,15,11,4,0,0,0
C0116,09,45,0002,Tehsil - Phulpur 0002,010000,10 MAITHILI,5,2,3,4,1,3,1,1,0
C0116,09,45,0002,Tehsil - Phulpur 0002,010006, 1 MAITHILI,5,2,3,4,1,3,1,1,0
C0116,09,45,0002,Tehsil - Phulpur 0002,011000,11 MALAYALAM,26,13,13,26,13,13,0,0,0
C0116,09,45,0002,Tehsil - Phulpur 0002,011013, 1 MALAYALAM,26,13,13,26,13,13,0,0,0
C0116,09,45,0002,Tehsil - Phulpur 0002,013000,13 MARATHI,9,1,8,5,1,4,4,0,4
C0116,09,45,0002,Tehsil - Phulpur 0002,013048, 1 MARATHI,9,1,8,5,1,4,4,0,4
C0116,09,45,0002,Tehsil - Phulpur 0002,014000,14 NEPALI,100,46,54,99,46,53,1,0,1
C0116,09,45,0002,Tehsil - Phulpur 0002,014009, 1 NEPALI,100,46,54,99,46,53,1,0,1
C0116,09,45,0002,Tehsil - Phulpur 0002,015000,15 ORIYA,1,1,0,1,1,0,0,0,0
C0116,09,45,0002,Tehsil - Phulpur 0002,015031, 1 ORIYA,1,1,0,1,1,0,0,0,0
C0116,09,45,0002,Tehsil - Phulpur 0002,016000,16 PUNJABI,62,41,21,45,29,16,17,12,5
C0116,09,45,0002,Tehsil - Phulpur 0002,016018, 1 PUNJABI,61,40,21,44,28,16,17,12,5
C0116,09,45,0002,Tehsil - Phulpur 0002,016999,16 Others,1,1,0,1,1,0,0,0,0
C0116,09,45,0002,Tehsil - Phulpur 0002,017000,17 SANSKRIT,2,2,0,2,2,0,0,0,0
C0116,09,45,0002,Tehsil - Phulpur 0002,017002, 1 SANSKRIT,2,2,0,2,2,0,0,0,0
C0116,09,45,0002,Tehsil - Phulpur 0002,019000,19 SINDHI,4,2,2,4,2,2,0,0,0
C0116,09,45,0002,Tehsil - Phulpur 0002,019013, 1 SINDHI,4,2,2,4,2,2,0,0,0
C0116,09,45,0002,Tehsil - Phulpur 0002,020000,20 TAMIL,20,10,10,19,10,9,1,0,1
C0116,09,45,0002,Tehsil - Phulpur 0002,020020, 1 TAMIL,20,10,10,19,10,9,1,0,1
C0116,09,45,0002,Tehsil - Phulpur 0002,021000,21 TELUGU,17,9,8,15,9,6,2,0,2
C0116,09,45,0002,Tehsil - Phulpur 0002,021035, 1 TELUGU,17,9,8,15,9,6,2,0,2
C0116,09,45,0002,Tehsil - Phulpur 0002,022000,22 URDU,23051,12304,10747,13461,7044,6417,9590,5260,4330
C0116,09,45,0002,Tehsil - Phulpur 0002,022014, 1 URDU,23051,12304,10747,13461,7044,6417,9590,5260,4330
C0116,09,45,0002,Tehsil - Phulpur 0002,028000,28 ARABIC/ARBI,144,83,61,134,77,57,10,6,4
C0116,09,45,0002,Tehsil - Phulpur 0002,028001, 1 ARABIC/ARBI,144,83,61,134,77,57,10,6,4
C0116,09,45,0002,Tehsil - Phulpur 0002,040000,40 ENGLISH,181,91,90,180,90,90,1,1,0
C0116,09,45,0002,Tehsil - Phulpur 0002,040001, 1 ENGLISH,181,91,90,180,90,90,1,1,0
C0116,09,45,0002,Tehsil - Phulpur 0002,123000,123 OTHERS,4,3,1,2,2,0,2,1,1
C0116,09,45,0003,Tehsil - Allahabad ** 0003,001000,1 ASSAMESE,18,8,10,0,0,0,18,8,10
C0116,09,45,0003,Tehsil - Allahabad ** 0003,001002, 1 ASSAMESE,18,8,10,0,0,0,18,8,10
C0116,09,45,0003,Tehsil - Allahabad ** 0003,002000,2 BENGALI,4830,2408,2422,0,0,0,4830,2408,2422
C0116,09,45,0003,Tehsil - Allahabad ** 0003,002004, 1 BENGALI,4830,2408,2422,0,0,0,4830,2408,2422
C0116,09,45,0003,Tehsil - Allahabad ** 0003,003000,3 BODO,1,1,0,0,0,0,1,1,0
C0116,09,45,0003,Tehsil - Allahabad ** 0003,003001, 1 BODO,1,1,0,0,0,0,1,1,0
C0116,09,45,0003,Tehsil - Allahabad ** 0003,004000,4 DOGRI,6,3,3,0,0,0,6,3,3
C0116,09,45,0003,Tehsil - Allahabad ** 0003,004001, 1 DOGRI,6,3,3,0,0,0,6,3,3
C0116,09,45,0003,Tehsil - Allahabad ** 0003,005000,5 GUJARATI,71,37,34,0,0,0,71,37,34
C0116,09,45,0003,Tehsil - Allahabad ** 0003,005011, 1 GUJARATI,61,33,28,0,0,0,61,33,28
C0116,09,45,0003,Tehsil - Allahabad ** 0003,005999,5 Others,10,4,6,0,0,0,10,4,6
C0116,09,45,0003,Tehsil - Allahabad ** 0003,006000,6 HINDI,1058159,586399,471760,139747,75477,64270,918412,510922,407490
C0116,09,45,0003,Tehsil - Allahabad ** 0003,006008, 1 AWADHI,2617,1373,1244,0,0,0,2617,1373,1244
C0116,09,45,0003,Tehsil - Allahabad ** 0003,006016, 2 BAGHELI/BAGHEL KHANDI,2,1,1,0,0,0,2,1,1
C0116,09,45,0003,Tehsil - Allahabad ** 0003,006045, 3 BHOJPURI,140,71,69,1,1,0,139,70,69
C0116,09,45,0003,Tehsil - Allahabad ** 0003,006059, 4 BRAJBHASHA,3,2,1,0,0,0,3,2,1
C0116,09,45,0003,Tehsil - Allahabad ** 0003,006060, 5 BUNDELI/BUNDELKHANDI,895,472,423,2,1,1,893,471,422
C0116,09,45,0003,Tehsil - Allahabad ** 0003,006072, 6 CHHATTISGARHI,2,1,1,0,0,0,2,1,1
C0116,09,45,0003,Tehsil - Allahabad ** 0003,006095, 7 GARHWALI,80,40,40,0,0,0,80,40,40
C0116,09,45,0003,Tehsil - Allahabad ** 0003,006118, 8 HINDI,1054259,584354,469905,139744,75475,64269,914515,508879,405636
C0116,09,45,0003,Tehsil - Allahabad ** 0003,006127, 9 JAUNSARI,3,2,1,0,0,0,3,2,1
C0116,09,45,0003,Tehsil - Allahabad ** 0003,006162, 10 KUMAUNI,40,26,14,0,0,0,40,26,14
C0116,09,45,0003,Tehsil - Allahabad ** 0003,006179, 11 MAGADHI/MAGAHI,1,1,0,0,0,0,1,1,0
C0116,09,45,0003,Tehsil - Allahabad ** 0003,006192, 12 MARWARI,15,7,8,0,0,0,15,7,8
C0116,09,45,0003,Tehsil - Allahabad ** 0003,006195, 13 MEWARI,35,19,16,0,0,0,35,19,16
C0116,09,45,0003,Tehsil - Allahabad ** 0003,006213, 14 PAHARI,4,1,3,0,0,0,4,1,3
C0116,09,45,0003,Tehsil - Allahabad ** 0003,006242, 15 RAJASTHANI,10,3,7,0,0,0,10,3,7
C0116,09,45,0003,Tehsil - Allahabad ** 0003,006999,6 Others,53,26,27,0,0,0,53,26,27
C0116,09,45,0003,Tehsil - Allahabad ** 0003,007000,7 KANNADA,50,29,21,0,0,0,50,29,21
C0116,09,45,0003,Tehsil - Allahabad ** 0003,007013, 1 KANNADA,50,29,21,0,0,0,50,29,21
C0116,09,45,0003,Tehsil - Allahabad ** 0003,008000,8 KASHMIRI,30,17,13,0,0,0,30,17,13
C0116,09,45,0003,Tehsil - Allahabad ** 0003,008002, 1 KASHMIRI,30,17,13,0,0,0,30,17,13
C0116,09,45,0003,Tehsil - Allahabad ** 0003,009000,9 KONKANI,9,6,3,0,0,0,9,6,3
C0116,09,45,0003,Tehsil - Allahabad ** 0003,009010, 1 KONKANI,9,6,3,0,0,0,9,6,3
C0116,09,45,0003,Tehsil - Allahabad ** 0003,010000,10 MAITHILI,50,25,25,0,0,0,50,25,25
C0116,09,45,0003,Tehsil - Allahabad ** 0003,010006, 1 MAITHILI,50,25,25,0,0,0,50,25,25
C0116,09,45,0003,Tehsil - Allahabad ** 0003,011000,11 MALAYALAM,469,123,346,0,0,0,469,123,346
C0116,09,45,0003,Tehsil - Allahabad ** 0003,011013, 1 MALAYALAM,461,119,342,0,0,0,461,119,342
C0116,09,45,0003,Tehsil - Allahabad ** 0003,011999,11 Others,8,4,4,0,0,0,8,4,4
C0116,09,45,0003,Tehsil - Allahabad ** 0003,012000,12 MANIPURI,1,1,0,0,0,0,1,1,0
C0116,09,45,0003,Tehsil - Allahabad ** 0003,012002, 1 MANIPURI,1,1,0,0,0,0,1,1,0
C0116,09,45,0003,Tehsil - Allahabad ** 0003,013000,13 MARATHI,176,96,80,0,0,0,176,96,80
C0116,09,45,0003,Tehsil - Allahabad ** 0003,013048, 1 MARATHI,176,96,80,0,0,0,176,96,80
C0116,09,45,0003,Tehsil - Allahabad ** 0003,014000,14 NEPALI,423,235,188,32,18,14,391,217,174
C0116,09,45,0003,Tehsil - Allahabad ** 0003,014009, 1 NEPALI,423,235,188,32,18,14,391,217,174
C0116,09,45,0003,Tehsil - Allahabad ** 0003,015000,15 ORIYA,69,39,30,2,1,1,67,38,29
C0116,09,45,0003,Tehsil - Allahabad ** 0003,015031, 1 ORIYA,69,39,30,2,1,1,67,38,29
C0116,09,45,0003,Tehsil - Allahabad ** 0003,016000,16 PUNJABI,2388,1220,1168,18,13,5,2370,1207,1163
C0116,09,45,0003,Tehsil - Allahabad ** 0003,016018, 1 PUNJABI,2375,1213,1162,18,13,5,2357,1200,1157
C0116,09,45,0003,Tehsil - Allahabad ** 0003,016999,16 Others,13,7,6,0,0,0,13,7,6
C0116,09,45,0003,Tehsil - Allahabad ** 0003,017000,17 SANSKRIT,25,22,3,0,0,0,25,22,3
C0116,09,45,0003,Tehsil - Allahabad ** 0003,017002, 1 SANSKRIT,25,22,3,0,0,0,25,22,3
C0116,09,45,0003,Tehsil - Allahabad ** 0003,019000,19 SINDHI,736,384,352,0,0,0,736,384,352
C0116,09,45,0003,Tehsil - Allahabad ** 0003,019013, 1 SINDHI,732,382,350,0,0,0,732,382,350
C0116,09,45,0003,Tehsil - Allahabad ** 0003,019999,19 Others,4,2,2,0,0,0,4,2,2
C0116,09,45,0003,Tehsil - Allahabad ** 0003,020000,20 TAMIL,89,50,39,0,0,0,89,50,39
C0116,09,45,0003,Tehsil - Allahabad ** 0003,020020, 1 TAMIL,88,50,38,0,0,0,88,50,38
C0116,09,45,0003,Tehsil - Allahabad ** 0003,020999,20 Others,1,0,1,0,0,0,1,0,1
C0116,09,45,0003,Tehsil - Allahabad ** 0003,021000,21 TELUGU,62,33,29,0,0,0,62,33,29
C0116,09,45,0003,Tehsil - Allahabad ** 0003,021035, 1 TELUGU,62,33,29,0,0,0,62,33,29
C0116,09,45,0003,Tehsil - Allahabad ** 0003,022000,22 URDU,128499,67947,60552,14959,7898,7061,113540,60049,53491
C0116,09,45,0003,Tehsil - Allahabad ** 0003,022014, 1 URDU,128499,67947,60552,14959,7898,7061,113540,60049,53491
C0116,09,45,0003,Tehsil - Allahabad ** 0003,028000,28 ARABIC/ARBI,40,25,15,2,1,1,38,24,14
C0116,09,45,0003,Tehsil - Allahabad ** 0003,028001, 1 ARABIC/ARBI,40,25,15,2,1,1,38,24,14
C0116,09,45,0003,Tehsil - Allahabad ** 0003,040000,40 ENGLISH,657,355,302,0,0,0,657,355,302
C0116,09,45,0003,Tehsil - Allahabad ** 0003,040001, 1 ENGLISH,657,355,302,0,0,0,657,355,302
C0116,09,45,0003,Tehsil - Allahabad ** 0003,044000,44 GONDI,2,1,1,0,0,0,2,1,1
C0116,09,45,0003,Tehsil - Allahabad ** 0003,044999,44 Others,2,1,1,0,0,0,2,1,1
C0116,09,45,0003,Tehsil - Allahabad ** 0003,051000,51 KABUI,1,0,1,0,0,0,1,0,1
C0116,09,45,0003,Tehsil - Allahabad ** 0003,051003, 1 KABUI,1,0,1,0,0,0,1,0,1
C0116,09,45,0003,Tehsil - Allahabad ** 0003,072000,72 KURUKH/ORAON,1,1,0,0,0,0,1,1,0
C0116,09,45,0003,Tehsil - Allahabad ** 0003,072999,72 Others,1,1,0,0,0,0,1,1,0
C0116,09,45,0003,Tehsil - Allahabad ** 0003,090000,90 MUNDA,6,3,3,0,0,0,6,3,3
C0116,09,45,0003,Tehsil - Allahabad ** 0003,090006, 1 MUNDA,6,3,3,0,0,0,6,3,3
C0116,09,45,0003,Tehsil - Allahabad ** 0003,098000,98 PERSIAN,3,1,2,0,0,0,3,1,2
C0116,09,45,0003,Tehsil - Allahabad ** 0003,098001, 1 PERSIAN,3,1,2,0,0,0,3,1,2
C0116,09,45,0003,Tehsil - Allahabad ** 0003,116000,116 TULU,1,1,0,0,0,0,1,1,0
C0116,09,45,0003,Tehsil - Allahabad ** 0003,116999,116 Others,1,1,0,0,0,0,1,1,0
C0116,09,45,0003,Tehsil - Allahabad ** 0003,123000,123 OTHERS,117,60,57,0,0,0,117,60,57
C0116,09,45,0004,Tehsil - Bara 0004,002000,2 BENGALI,21,11,10,20,10,10,1,1,0
C0116,09,45,0004,Tehsil - Bara 0004,002004, 1 BENGALI,21,11,10,20,10,10,1,1,0
C0116,09,45,0004,Tehsil - Bara 0004,006000,6 HINDI,291507,155058,136449,278482,148133,130349,13025,6925,6100
C0116,09,45,0004,Tehsil - Bara 0004,006045, 1 BHOJPURI,350,181,169,350,181,169,0,0,0
C0116,09,45,0004,Tehsil - Bara 0004,006060, 2 BUNDELI/BUNDELKHANDI,14,10,4,13,9,4,1,1,0
C0116,09,45,0004,Tehsil - Bara 0004,006118, 3 HINDI,291141,154866,136275,278117,147942,130175,13024,6924,6100
C0116,09,45,0004,Tehsil - Bara 0004,006999,6 Others,2,1,1,2,1,1,0,0,0
C0116,09,45,0004,Tehsil - Bara 0004,007000,7 KANNADA,1,0,1,1,0,1,0,0,0
C0116,09,45,0004,Tehsil - Bara 0004,007999,7 Others,1,0,1,1,0,1,0,0,0
C0116,09,45,0004,Tehsil - Bara 0004,011000,11 MALAYALAM,3,2,1,3,2,1,0,0,0
C0116,09,45,0004,Tehsil - Bara 0004,011013, 1 MALAYALAM,3,2,1,3,2,1,0,0,0
C0116,09,45,0004,Tehsil - Bara 0004,014000,14 NEPALI,38,23,15,36,21,15,2,2,0
C0116,09,45,0004,Tehsil - Bara 0004,014009, 1 NEPALI,38,23,15,36,21,15,2,2,0
C0116,09,45,0004,Tehsil - Bara 0004,015000,15 ORIYA,25,12,13,25,12,13,0,0,0
C0116,09,45,0004,Tehsil - Bara 0004,015031, 1 ORIYA,25,12,13,25,12,13,0,0,0
C0116,09,45,0004,Tehsil - Bara 0004,016000,16 PUNJABI,5,1,4,3,1,2,2,0,2
C0116,09,45,0004,Tehsil - Bara 0004,016018, 1 PUNJABI,5,1,4,3,1,2,2,0,2
C0116,09,45,0004,Tehsil - Bara 0004,019000,19 SINDHI,6,4,2,0,0,0,6,4,2
C0116,09,45,0004,Tehsil - Bara 0004,019013, 1 SINDHI,6,4,2,0,0,0,6,4,2
C0116,09,45,0004,Tehsil - Bara 0004,022000,22 URDU,210,117,93,144,85,59,66,32,34
C0116,09,45,0004,Tehsil - Bara 0004,022014, 1 URDU,210,117,93,144,85,59,66,32,34
C0116,09,45,0004,Tehsil - Bara 0004,040000,40 ENGLISH,2,1,1,2,1,1,0,0,0
C0116,09,45,0004,Tehsil - Bara 0004,040001, 1 ENGLISH,2,1,1,2,1,1,0,0,0
C0116,09,45,0004,Tehsil - Bara 0004,123000,123 OTHERS,1,0,1,1,0,1,0,0,0
C0116,09,45,0005,Tehsil - Karchhana 0005,002000,2 BENGALI,139,71,68,132,68,64,7,3,4
C0116,09,45,0005,Tehsil - Karchhana 0005,002004, 1 BENGALI,139,71,68,132,68,64,7,3,4
C0116,09,45,0005,Tehsil - Karchhana 0005,005000,5 GUJARATI,8,3,5,8,3,5,0,0,0
C0116,09,45,0005,Tehsil - Karchhana 0005,005011, 1 GUJARATI,8,3,5,8,3,5,0,0,0
C0116,09,45,0005,Tehsil - Karchhana 0005,006000,6 HINDI,488989,261481,227508,484875,259273,225602,4114,2208,1906
C0116,09,45,0005,Tehsil - Karchhana 0005,006008, 1 AWADHI,189,103,86,189,103,86,0,0,0
C0116,09,45,0005,Tehsil - Karchhana 0005,006045, 2 BHOJPURI,456,238,218,456,238,218,0,0,0
C0116,09,45,0005,Tehsil - Karchhana 0005,006060, 3 BUNDELI/BUNDELKHANDI,50,27,23,48,26,22,2,1,1
C0116,09,45,0005,Tehsil - Karchhana 0005,006072, 4 CHHATTISGARHI,277,126,151,277,126,151,0,0,0
C0116,09,45,0005,Tehsil - Karchhana 0005,006095, 5 GARHWALI,51,22,29,51,22,29,0,0,0
C0116,09,45,0005,Tehsil - Karchhana 0005,006117, 6 HARYANVI,21,10,11,21,10,11,0,0,0
C0116,09,45,0005,Tehsil - Karchhana 0005,006118, 7 HINDI,487916,260939,226977,483805,258733,225072,4111,2206,1905
C0116,09,45,0005,Tehsil - Karchhana 0005,006162, 8 KUMAUNI,6,3,3,5,2,3,1,1,0
C0116,09,45,0005,Tehsil - Karchhana 0005,006179, 9 MAGADHI/MAGAHI,14,7,7,14,7,7,0,0,0
C0116,09,45,0005,Tehsil - Karchhana 0005,006192, 10 MARWARI,3,2,1,3,2,1,0,0,0
C0116,09,45,0005,Tehsil - Karchhana 0005,006999,6 Others,6,4,2,6,4,2,0,0,0
C0116,09,45,0005,Tehsil - Karchhana 0005,007000,7 KANNADA,6,3,3,6,3,3,0,0,0
C0116,09,45,0005,Tehsil - Karchhana 0005,007013, 1 KANNADA,6,3,3,6,3,3,0,0,0
C0116,09,45,0005,Tehsil - Karchhana 0005,008000,8 KASHMIRI,11,7,4,11,7,4,0,0,0
C0116,09,45,0005,Tehsil - Karchhana 0005,008002, 1 KASHMIRI,11,7,4,11,7,4,0,0,0
C0116,09,45,0005,Tehsil - Karchhana 0005,009000,9 KONKANI,1,0,1,1,0,1,0,0,0
C0116,09,45,0005,Tehsil - Karchhana 0005,009010, 1 KONKANI,1,0,1,1,0,1,0,0,0
C0116,09,45,0005,Tehsil - Karchhana 0005,010000,10 MAITHILI,13,7,6,13,7,6,0,0,0
C0116,09,45,0005,Tehsil - Karchhana 0005,010006, 1 MAITHILI,13,7,6,13,7,6,0,0,0
C0116,09,45,0005,Tehsil - Karchhana 0005,011000,11 MALAYALAM,30,15,15,26,13,13,4,2,2
C0116,09,45,0005,Tehsil - Karchhana 0005,011013, 1 MALAYALAM,30,15,15,26,13,13,4,2,2
C0116,09,45,0005,Tehsil - Karchhana 0005,013000,13 MARATHI,19,11,8,19,11,8,0,0,0
C0116,09,45,0005,Tehsil - Karchhana 0005,013048, 1 MARATHI,19,11,8,19,11,8,0,0,0
C0116,09,45,0005,Tehsil - Karchhana 0005,014000,14 NEPALI,54,31,23,54,31,23,0,0,0
C0116,09,45,0005,Tehsil - Karchhana 0005,014009, 1 NEPALI,54,31,23,54,31,23,0,0,0
C0116,09,45,0005,Tehsil - Karchhana 0005,015000,15 ORIYA,16,8,8,14,7,7,2,1,1
C0116,09,45,0005,Tehsil - Karchhana 0005,015031, 1 ORIYA,16,8,8,14,7,7,2,1,1
C0116,09,45,0005,Tehsil - Karchhana 0005,016000,16 PUNJABI,184,94,90,114,56,58,70,38,32
C0116,09,45,0005,Tehsil - Karchhana 0005,016018, 1 PUNJABI,184,94,90,114,56,58,70,38,32
C0116,09,45,0005,Tehsil - Karchhana 0005,017000,17 SANSKRIT,11,7,4,11,7,4,0,0,0
C0116,09,45,0005,Tehsil - Karchhana 0005,017002, 1 SANSKRIT,11,7,4,11,7,4,0,0,0
C0116,09,45,0005,Tehsil - Karchhana 0005,019000,19 SINDHI,2,0,2,2,0,2,0,0,0
C0116,09,45,0005,Tehsil - Karchhana 0005,019013, 1 SINDHI,2,0,2,2,0,2,0,0,0
C0116,09,45,0005,Tehsil - Karchhana 0005,020000,20 TAMIL,15,6,9,15,6,9,0,0,0
C0116,09,45,0005,Tehsil - Karchhana 0005,020020, 1 TAMIL,15,6,9,15,6,9,0,0,0
C0116,09,45,0005,Tehsil - Karchhana 0005,021000,21 TELUGU,17,9,8,11,5,6,6,4,2
C0116,09,45,0005,Tehsil - Karchhana 0005,021035, 1 TELUGU,17,9,8,11,5,6,6,4,2
C0116,09,45,0005,Tehsil - Karchhana 0005,022000,22 URDU,5878,3175,2703,5867,3169,2698,11,6,5
C0116,09,45,0005,Tehsil - Karchhana 0005,022014, 1 URDU,5878,3175,2703,5867,3169,2698,11,6,5
C0116,09,45,0005,Tehsil - Karchhana 0005,028000,28 ARABIC/ARBI,31,17,14,31,17,14,0,0,0
C0116,09,45,0005,Tehsil - Karchhana 0005,028001, 1 ARABIC/ARBI,31,17,14,31,17,14,0,0,0
C0116,09,45,0005,Tehsil - Karchhana 0005,040000,40 ENGLISH,3,3,0,3,3,0,0,0,0
C0116,09,45,0005,Tehsil - Karchhana 0005,040001, 1 ENGLISH,3,3,0,3,3,0,0,0,0
C0116,09,45,0005,Tehsil - Karchhana 0005,123000,123 OTHERS,4,2,2,1,0,1,3,2,1
C0116,09,45,0006,Tehsil - Handia 0006,002000,2 BENGALI,56,37,19,55,36,19,1,1,0
C0116,09,45,0006,Tehsil - Handia 0006,002004, 1 BENGALI,56,37,19,55,36,19,1,1,0
C0116,09,45,0006,Tehsil - Handia 0006,006000,6 HINDI,767438,398565,368873,752590,390604,361986,14848,7961,6887
C0116,09,45,0006,Tehsil - Handia 0006,006008, 1 AWADHI,150697,77008,73689,150151,76722,73429,546,286,260
C0116,09,45,0006,Tehsil - Handia 0006,006045, 2 BHOJPURI,424,221,203,415,218,197,9,3,6
C0116,09,45,0006,Tehsil - Handia 0006,006060, 3 BUNDELI/BUNDELKHANDI,15,10,5,12,8,4,3,2,1
C0116,09,45,0006,Tehsil - Handia 0006,006072, 4 CHHATTISGARHI,296,162,134,296,162,134,0,0,0
C0116,09,45,0006,Tehsil - Handia 0006,006095, 5 GARHWALI,14,9,5,14,9,5,0,0,0
C0116,09,45,0006,Tehsil - Handia 0006,006118, 6 HINDI,615873,321097,294776,601583,313427,288156,14290,7670,6620
C0116,09,45,0006,Tehsil - Handia 0006,006242, 7 RAJASTHANI,2,2,0,2,2,0,0,0,0
C0116,09,45,0006,Tehsil - Handia 0006,006999,6 Others,117,56,61,117,56,61,0,0,0
C0116,09,45,0006,Tehsil - Handia 0006,013000,13 MARATHI,98,48,50,98,48,50,0,0,0
C0116,09,45,0006,Tehsil - Handia 0006,013048, 1 MARATHI,98,48,50,98,48,50,0,0,0
C0116,09,45,0006,Tehsil - Handia 0006,014000,14 NEPALI,50,30,20,49,29,20,1,1,0
C0116,09,45,0006,Tehsil - Handia 0006,014009, 1 NEPALI,50,30,20,49,29,20,1,1,0
C0116,09,45,0006,Tehsil - Handia 0006,016000,16 PUNJABI,3,1,2,3,1,2,0,0,0
C0116,09,45,0006,Tehsil - Handia 0006,016018, 1 PUNJABI,3,1,2,3,1,2,0,0,0
C0116,09,45,0006,Tehsil - Handia 0006,017000,17 SANSKRIT,8,5,3,8,5,3,0,0,0
C0116,09,45,0006,Tehsil - Handia 0006,017002, 1 SANSKRIT,8,5,3,8,5,3,0,0,0
C0116,09,45,0006,Tehsil - Handia 0006,020000,20 TAMIL,12,11,1,12,11,1,0,0,0
C0116,09,45,0006,Tehsil - Handia 0006,020020, 1 TAMIL,12,11,1,12,11,1,0,0,0
C0116,09,45,0006,Tehsil - Handia 0006,022000,22 URDU,8465,4493,3972,6880,3657,3223,1585,836,749
C0116,09,45,0006,Tehsil - Handia 0006,022014, 1 URDU,8465,4493,3972,6880,3657,3223,1585,836,749
C0116,09,45,0006,Tehsil - Handia 0006,028000,28 ARABIC/ARBI,115,53,62,115,53,62,0,0,0
C0116,09,45,0006,Tehsil - Handia 0006,028001, 1 ARABIC/ARBI,115,53,62,115,53,62,0,0,0
C0116,09,45,0006,Tehsil - Handia 0006,040000,40 ENGLISH,3,1,2,3,1,2,0,0,0
C0116,09,45,0006,Tehsil - Handia 0006,040001, 1 ENGLISH,3,1,2,3,1,2,0,0,0
C0116,09,45,0006,Tehsil - Handia 0006,123000,123 OTHERS,27,15,12,23,13,10,4,2,2
C0116,09,45,0007,Tehsil - Meja 0007,002000,2 BENGALI,9,3,6,9,3,6,0,0,0
C0116,09,45,0007,Tehsil - Meja 0007,002004, 1 BENGALI,9,3,6,9,3,6,0,0,0
C0116,09,45,0007,Tehsil - Meja 0007,006000,6 HINDI,470594,248367,222227,443873,234248,209625,26721,14119,12602
C0116,09,45,0007,Tehsil - Meja 0007,006008, 1 AWADHI,136318,71547,64771,136318,71547,64771,0,0,0
C0116,09,45,0007,Tehsil - Meja 0007,006045, 2 BHOJPURI,8,3,5,8,3,5,0,0,0
C0116,09,45,0007,Tehsil - Meja 0007,006060, 3 BUNDELI/BUNDELKHANDI,5,3,2,5,3,2,0,0,0
C0116,09,45,0007,Tehsil - Meja 0007,006072, 4 CHHATTISGARHI,90,52,38,90,52,38,0,0,0
C0116,09,45,0007,Tehsil - Meja 0007,006095, 5 GARHWALI,1,0,1,1,0,1,0,0,0
C0116,09,45,0007,Tehsil - Meja 0007,006118, 6 HINDI,334172,176762,157410,307451,162643,144808,26721,14119,12602
C0116,09,45,0007,Tehsil - Meja 0007,011000,11 MALAYALAM,2,0,2,2,0,2,0,0,0
C0116,09,45,0007,Tehsil - Meja 0007,011013, 1 MALAYALAM,2,0,2,2,0,2,0,0,0
C0116,09,45,0007,Tehsil - Meja 0007,013000,13 MARATHI,1,1,0,1,1,0,0,0,0
C0116,09,45,0007,Tehsil - Meja 0007,013048, 1 MARATHI,1,1,0,1,1,0,0,0,0
C0116,09,45,0007,Tehsil - Meja 0007,014000,14 NEPALI,114,64,50,108,60,48,6,4,2
C0116,09,45,0007,Tehsil - Meja 0007,014009, 1 NEPALI,114,64,50,108,60,48,6,4,2
C0116,09,45,0007,Tehsil - Meja 0007,015000,15 ORIYA,1,0,1,1,0,1,0,0,0
C0116,09,45,0007,Tehsil - Meja 0007,015031, 1 ORIYA,1,0,1,1,0,1,0,0,0
C0116,09,45,0007,Tehsil - Meja 0007,020000,20 TAMIL,1,1,0,1,1,0,0,0,0
C0116,09,45,0007,Tehsil - Meja 0007,020020, 1 TAMIL,1,1,0,1,1,0,0,0,0
C0116,09,45,0007,Tehsil - Meja 0007,022000,22 URDU,1025,532,493,1016,528,488,9,4,5
C0116,09,45,0007,Tehsil - Meja 0007,022014, 1 URDU,1025,532,493,1016,528,488,9,4,5
C0116,09,45,0007,Tehsil - Meja 0007,040000,40 ENGLISH,104,55,49,104,55,49,0,0,0
C0116,09,45,0007,Tehsil - Meja 0007,040001, 1 ENGLISH,104,55,49,104,55,49,0,0,0
C0116,09,45,0008,Tehsil - Koraon ** 0008,006000,6 HINDI,298821,157687,141134,286680,151227,135453,12141,6460,5681
C0116,09,45,0008,Tehsil - Koraon ** 0008,006008, 1 AWADHI,379,206,173,379,206,173,0,0,0
C0116,09,45,0008,Tehsil - Koraon ** 0008,006045, 2 BHOJPURI,769,426,343,769,426,343,0,0,0
C0116,09,45,0008,Tehsil - Koraon ** 0008,006095, 3 GARHWALI,2,2,0,2,2,0,0,0,0
C0116,09,45,0008,Tehsil - Koraon ** 0008,006118, 4 HINDI,297641,157038,140603,285500,150578,134922,12141,6460,5681
C0116,09,45,0008,Tehsil - Koraon ** 0008,006127, 5 JAUNSARI,1,1,0,1,1,0,0,0,0
C0116,09,45,0008,Tehsil - Koraon ** 0008,006195, 6 MEWARI,29,14,15,29,14,15,0,0,0
C0116,09,45,0008,Tehsil - Koraon ** 0008,014000,14 NEPALI,6,4,2,6,4,2,0,0,0
C0116,09,45,0008,Tehsil - Koraon ** 0008,014009, 1 NEPALI,6,4,2,6,4,2,0,0,0
C0116,09,45,0008,Tehsil - Koraon ** 0008,016000,16 PUNJABI,1,1,0,1,1,0,0,0,0
C0116,09,45,0008,Tehsil - Koraon ** 0008,016018, 1 PUNJABI,1,1,0,1,1,0,0,0,0
C0116,09,45,0008,Tehsil - Koraon ** 0008,017000,17 SANSKRIT,1,1,0,1,1,0,0,0,0
C0116,09,45,0008,Tehsil - Koraon ** 0008,017002, 1 SANSKRIT,1,1,0,1,1,0,0,0,0
C0116,09,45,0008,Tehsil - Koraon ** 0008,022000,22 URDU,296,165,131,295,164,131,1,1,0
C0116,09,45,0008,Tehsil - Koraon ** 0008,022014, 1 URDU,296,165,131,295,164,131,1,1,0
C0116,09,46,0000,District - Barabanki  46,002000,2 BENGALI,124,64,60,48,26,22,76,38,38
C0116,09,46,0000,District - Barabanki  46,002004, 1 BENGALI,124,64,60,48,26,22,76,38,38
C0116,09,46,0000,District - Barabanki  46,004000,4 DOGRI,1,1,0,0,0,0,1,1,0
C0116,09,46,0000,District - Barabanki  46,004001, 1 DOGRI,1,1,0,0,0,0,1,1,0
C0116,09,46,0000,District - Barabanki  46,005000,5 GUJARATI,1,0,1,1,0,1,0,0,0
C0116,09,46,0000,District - Barabanki  46,005011, 1 GUJARATI,1,0,1,1,0,1,0,0,0
C0116,09,46,0000,District - Barabanki  46,006000,6 HINDI,2439956,1295073,1144883,2291565,1216457,1075108,148391,78616,69775
C0116,09,46,0000,District - Barabanki  46,006008, 1 AWADHI,32259,17185,15074,31972,17035,14937,287,150,137
C0116,09,46,0000,District - Barabanki  46,006045, 2 BHOJPURI,572,296,276,543,280,263,29,16,13
C0116,09,46,0000,District - Barabanki  46,006060, 3 BUNDELI/BUNDELKHANDI,154,87,67,20,12,8,134,75,59
C0116,09,46,0000,District - Barabanki  46,006072, 4 CHHATTISGARHI,512,258,254,512,258,254,0,0,0
C0116,09,46,0000,District - Barabanki  46,006095, 5 GARHWALI,58,39,19,33,25,8,25,14,11
C0116,09,46,0000,District - Barabanki  46,006117, 6 HARYANVI,4,2,2,0,0,0,4,2,2
C0116,09,46,0000,District - Barabanki  46,006118, 7 HINDI,2405517,1276749,1128768,2257688,1198436,1059252,147829,78313,69516
C0116,09,46,0000,District - Barabanki  46,006127, 8 JAUNSARI,6,5,1,5,4,1,1,1,0
C0116,09,46,0000,District - Barabanki  46,006148, 9 KHARI BOLI,3,2,1,3,2,1,0,0,0
C0116,09,46,0000,District - Barabanki  46,006162, 10 KUMAUNI,27,18,9,7,4,3,20,14,6
C0116,09,46,0000,District - Barabanki  46,006192, 11 MARWARI,5,2,3,5,2,3,0,0,0
C0116,09,46,0000,District - Barabanki  46,006242, 12 RAJASTHANI,6,3,3,2,1,1,4,2,2
C0116,09,46,0000,District - Barabanki  46,006999,6 Others,833,427,406,775,398,377,58,29,29
C0116,09,46,0000,District - Barabanki  46,007000,7 KANNADA,4,1,3,0,0,0,4,1,3
C0116,09,46,0000,District - Barabanki  46,007013, 1 KANNADA,4,1,3,0,0,0,4,1,3
C0116,09,46,0000,District - Barabanki  46,008000,8 KASHMIRI,4,2,2,4,2,2,0,0,0
C0116,09,46,0000,District - Barabanki  46,008002, 1 KASHMIRI,4,2,2,4,2,2,0,0,0
C0116,09,46,0000,District - Barabanki  46,010000,10 MAITHILI,17,7,10,4,2,2,13,5,8
C0116,09,46,0000,District - Barabanki  46,010006, 1 MAITHILI,17,7,10,4,2,2,13,5,8
C0116,09,46,0000,District - Barabanki  46,011000,11 MALAYALAM,25,13,12,1,0,1,24,13,11
C0116,09,46,0000,District - Barabanki  46,011013, 1 MALAYALAM,25,13,12,1,0,1,24,13,11
C0116,09,46,0000,District - Barabanki  46,013000,13 MARATHI,11,7,4,5,3,2,6,4,2
C0116,09,46,0000,District - Barabanki  46,013048, 1 MARATHI,11,7,4,5,3,2,6,4,2
C0116,09,46,0000,District - Barabanki  46,014000,14 NEPALI,159,94,65,92,53,39,67,41,26
C0116,09,46,0000,District - Barabanki  46,014009, 1 NEPALI,159,94,65,92,53,39,67,41,26
C0116,09,46,0000,District - Barabanki  46,015000,15 ORIYA,148,72,76,136,66,70,12,6,6
C0116,09,46,0000,District - Barabanki  46,015031, 1 ORIYA,148,72,76,136,66,70,12,6,6
C0116,09,46,0000,District - Barabanki  46,016000,16 PUNJABI,1087,563,524,676,345,331,411,218,193
C0116,09,46,0000,District - Barabanki  46,016018, 1 PUNJABI,1086,563,523,675,345,330,411,218,193
C0116,09,46,0000,District - Barabanki  46,016999,16 Others,1,0,1,1,0,1,0,0,0
C0116,09,46,0000,District - Barabanki  46,017000,17 SANSKRIT,43,24,19,43,24,19,0,0,0
C0116,09,46,0000,District - Barabanki  46,017002, 1 SANSKRIT,43,24,19,43,24,19,0,0,0
C0116,09,46,0000,District - Barabanki  46,018000,18 SANTALI,1,0,1,0,0,0,1,0,1
C0116,09,46,0000,District - Barabanki  46,018013, 1 SANTALI,1,0,1,0,0,0,1,0,1
C0116,09,46,0000,District - Barabanki  46,019000,19 SINDHI,9,7,2,0,0,0,9,7,2
C0116,09,46,0000,District - Barabanki  46,019013, 1 SINDHI,9,7,2,0,0,0,9,7,2
C0116,09,46,0000,District - Barabanki  46,020000,20 TAMIL,28,16,12,6,4,2,22,12,10
C0116,09,46,0000,District - Barabanki  46,020020, 1 TAMIL,28,16,12,6,4,2,22,12,10
C0116,09,46,0000,District - Barabanki  46,021000,21 TELUGU,79,42,37,0,0,0,79,42,37
C0116,09,46,0000,District - Barabanki  46,021999,21 Others,79,42,37,0,0,0,79,42,37
C0116,09,46,0000,District - Barabanki  46,022000,22 URDU,231699,120830,110869,132096,68855,63241,99603,51975,47628
C0116,09,46,0000,District - Barabanki  46,022014, 1 URDU,231699,120830,110869,132096,68855,63241,99603,51975,47628
C0116,09,46,0000,District - Barabanki  46,028000,28 ARABIC/ARBI,60,31,29,45,23,22,15,8,7
C0116,09,46,0000,District - Barabanki  46,028001, 1 ARABIC/ARBI,60,31,29,45,23,22,15,8,7
C0116,09,46,0000,District - Barabanki  46,040000,40 ENGLISH,16,13,3,12,11,1,4,2,2
C0116,09,46,0000,District - Barabanki  46,040001, 1 ENGLISH,16,13,3,12,11,1,4,2,2
C0116,09,46,0000,District - Barabanki  46,123000,123 OTHERS,109,61,48,102,57,45,7,4,3
C0116,09,46,0001,Tehsil - Fatehpur 0001,002000,2 BENGALI,19,9,10,12,6,6,7,3,4
C0116,09,46,0001,Tehsil - Fatehpur 0001,002004, 1 BENGALI,19,9,10,12,6,6,7,3,4
C0116,09,46,0001,Tehsil - Fatehpur 0001,006000,6 HINDI,425856,227809,198047,413255,221181,192074,12601,6628,5973
C0116,09,46,0001,Tehsil - Fatehpur 0001,006008, 1 AWADHI,100,45,55,100,45,55,0,0,0
C0116,09,46,0001,Tehsil - Fatehpur 0001,006045, 2 BHOJPURI,3,1,2,1,1,0,2,0,2
C0116,09,46,0001,Tehsil - Fatehpur 0001,006060, 3 BUNDELI/BUNDELKHANDI,7,3,4,1,0,1,6,3,3
C0116,09,46,0001,Tehsil - Fatehpur 0001,006095, 4 GARHWALI,2,2,0,0,0,0,2,2,0
C0116,09,46,0001,Tehsil - Fatehpur 0001,006118, 5 HINDI,425738,227755,197983,413148,221132,192016,12590,6623,5967
C0116,09,46,0001,Tehsil - Fatehpur 0001,006148, 6 KHARI BOLI,3,2,1,3,2,1,0,0,0
C0116,09,46,0001,Tehsil - Fatehpur 0001,006162, 7 KUMAUNI,3,1,2,2,1,1,1,0,1
C0116,09,46,0001,Tehsil - Fatehpur 0001,014000,14 NEPALI,18,10,8,18,10,8,0,0,0
C0116,09,46,0001,Tehsil - Fatehpur 0001,014009, 1 NEPALI,18,10,8,18,10,8,0,0,0
C0116,09,46,0001,Tehsil - Fatehpur 0001,016000,16 PUNJABI,412,215,197,412,215,197,0,0,0
C0116,09,46,0001,Tehsil - Fatehpur 0001,016018, 1 PUNJABI,412,215,197,412,215,197,0,0,0
C0116,09,46,0001,Tehsil - Fatehpur 0001,020000,20 TAMIL,1,1,0,1,1,0,0,0,0
C0116,09,46,0001,Tehsil - Fatehpur 0001,020020, 1 TAMIL,1,1,0,1,1,0,0,0,0
C0116,09,46,0001,Tehsil - Fatehpur 0001,022000,22 URDU,51870,27412,24458,34509,18291,16218,17361,9121,8240
C0116,09,46,0001,Tehsil - Fatehpur 0001,022014, 1 URDU,51870,27412,24458,34509,18291,16218,17361,9121,8240
C0116,09,46,0001,Tehsil - Fatehpur 0001,028000,28 ARABIC/ARBI,13,7,6,1,0,1,12,7,5
C0116,09,46,0001,Tehsil - Fatehpur 0001,028001, 1 ARABIC/ARBI,13,7,6,1,0,1,12,7,5
C0116,09,46,0001,Tehsil - Fatehpur 0001,040000,40 ENGLISH,3,3,0,3,3,0,0,0,0
C0116,09,46,0001,Tehsil - Fatehpur 0001,040001, 1 ENGLISH,3,3,0,3,3,0,0,0,0
C0116,09,46,0001,Tehsil - Fatehpur 0001,123000,123 OTHERS,87,48,39,87,48,39,0,0,0
C0116,09,46,0002,Tehsil - Ramnagar 0002,002000,2 BENGALI,3,2,1,0,0,0,3,2,1
C0116,09,46,0002,Tehsil - Ramnagar 0002,002004, 1 BENGALI,3,2,1,0,0,0,3,2,1
C0116,09,46,0002,Tehsil - Ramnagar 0002,006000,6 HINDI,237766,127749,110017,228924,123086,105838,8842,4663,4179
C0116,09,46,0002,Tehsil - Ramnagar 0002,006008, 1 AWADHI,2196,1208,988,2196,1208,988,0,0,0
C0116,09,46,0002,Tehsil - Ramnagar 0002,006045, 2 BHOJPURI,5,5,0,5,5,0,0,0,0
C0116,09,46,0002,Tehsil - Ramnagar 0002,006095, 3 GARHWALI,2,2,0,2,2,0,0,0,0
C0116,09,46,0002,Tehsil - Ramnagar 0002,006118, 4 HINDI,235563,126534,109029,226721,121871,104850,8842,4663,4179
C0116,09,46,0002,Tehsil - Ramnagar 0002,014000,14 NEPALI,12,8,4,12,8,4,0,0,0
C0116,09,46,0002,Tehsil - Ramnagar 0002,014009, 1 NEPALI,12,8,4,12,8,4,0,0,0
C0116,09,46,0002,Tehsil - Ramnagar 0002,016000,16 PUNJABI,80,46,34,80,46,34,0,0,0
C0116,09,46,0002,Tehsil - Ramnagar 0002,016018, 1 PUNJABI,80,46,34,80,46,34,0,0,0
C0116,09,46,0002,Tehsil - Ramnagar 0002,022000,22 URDU,13605,7203,6402,10094,5315,4779,3511,1888,1623
C0116,09,46,0002,Tehsil - Ramnagar 0002,022014, 1 URDU,13605,7203,6402,10094,5315,4779,3511,1888,1623
C0116,09,46,0002,Tehsil - Ramnagar 0002,040000,40 ENGLISH,3,3,0,3,3,0,0,0,0
C0116,09,46,0002,Tehsil - Ramnagar 0002,040001, 1 ENGLISH,3,3,0,3,3,0,0,0,0
C0116,09,46,0003,Tehsil - Nawabganj 0003,002000,2 BENGALI,58,28,30,5,2,3,53,26,27
C0116,09,46,0003,Tehsil - Nawabganj 0003,002004, 1 BENGALI,58,28,30,5,2,3,53,26,27
C0116,09,46,0003,Tehsil - Nawabganj 0003,004000,4 DOGRI,1,1,0,0,0,0,1,1,0
C0116,09,46,0003,Tehsil - Nawabganj 0003,004001, 1 DOGRI,1,1,0,0,0,0,1,1,0
C0116,09,46,0003,Tehsil - Nawabganj 0003,006000,6 HINDI,700292,370579,329713,613942,324586,289356,86350,45993,40357
C0116,09,46,0003,Tehsil - Nawabganj 0003,006008, 1 AWADHI,63,30,33,63,30,33,0,0,0
C0116,09,46,0003,Tehsil - Nawabganj 0003,006045, 2 BHOJPURI,316,155,161,289,139,150,27,16,11
C0116,09,46,0003,Tehsil - Nawabganj 0003,006060, 3 BUNDELI/BUNDELKHANDI,135,77,58,8,6,2,127,71,56
C0116,09,46,0003,Tehsil - Nawabganj 0003,006072, 4 CHHATTISGARHI,398,200,198,398,200,198,0,0,0
C0116,09,46,0003,Tehsil - Nawabganj 0003,006095, 5 GARHWALI,37,22,15,14,10,4,23,12,11
C0116,09,46,0003,Tehsil - Nawabganj 0003,006117, 6 HARYANVI,4,2,2,0,0,0,4,2,2
C0116,09,46,0003,Tehsil - Nawabganj 0003,006118, 7 HINDI,698564,369693,328871,612477,323847,288630,86087,45846,40241
C0116,09,46,0003,Tehsil - Nawabganj 0003,006127, 8 JAUNSARI,1,1,0,0,0,0,1,1,0
C0116,09,46,0003,Tehsil - Nawabganj 0003,006162, 9 KUMAUNI,24,17,7,5,3,2,19,14,5
C0116,09,46,0003,Tehsil - Nawabganj 0003,006192, 10 MARWARI,5,2,3,5,2,3,0,0,0
C0116,09,46,0003,Tehsil - Nawabganj 0003,006242, 11 RAJASTHANI,6,3,3,2,1,1,4,2,2
C0116,09,46,0003,Tehsil - Nawabganj 0003,006999,6 Others,739,377,362,681,348,333,58,29,29
C0116,09,46,0003,Tehsil - Nawabganj 0003,007000,7 KANNADA,4,1,3,0,0,0,4,1,3
C0116,09,46,0003,Tehsil - Nawabganj 0003,007013, 1 KANNADA,4,1,3,0,0,0,4,1,3
C0116,09,46,0003,Tehsil - Nawabganj 0003,008000,8 KASHMIRI,4,2,2,4,2,2,0,0,0
C0116,09,46,0003,Tehsil - Nawabganj 0003,008002, 1 KASHMIRI,4,2,2,4,2,2,0,0,0
C0116,09,46,0003,Tehsil - Nawabganj 0003,010000,10 MAITHILI,17,7,10,4,2,2,13,5,8
C0116,09,46,0003,Tehsil - Nawabganj 0003,010006, 1 MAITHILI,17,7,10,4,2,2,13,5,8
C0116,09,46,0003,Tehsil - Nawabganj 0003,011000,11 MALAYALAM,22,12,10,1,0,1,21,12,9
C0116,09,46,0003,Tehsil - Nawabganj 0003,011013, 1 MALAYALAM,22,12,10,1,0,1,21,12,9
C0116,09,46,0003,Tehsil - Nawabganj 0003,013000,13 MARATHI,6,4,2,0,0,0,6,4,2
C0116,09,46,0003,Tehsil - Nawabganj 0003,013048, 1 MARATHI,6,4,2,0,0,0,6,4,2
C0116,09,46,0003,Tehsil - Nawabganj 0003,014000,14 NEPALI,80,42,38,28,14,14,52,28,24
C0116,09,46,0003,Tehsil - Nawabganj 0003,014009, 1 NEPALI,80,42,38,28,14,14,52,28,24
C0116,09,46,0003,Tehsil - Nawabganj 0003,015000,15 ORIYA,15,7,8,3,1,2,12,6,6
C0116,09,46,0003,Tehsil - Nawabganj 0003,015031, 1 ORIYA,15,7,8,3,1,2,12,6,6
C0116,09,46,0003,Tehsil - Nawabganj 0003,016000,16 PUNJABI,434,229,205,33,15,18,401,214,187
C0116,09,46,0003,Tehsil - Nawabganj 0003,016018, 1 PUNJABI,434,229,205,33,15,18,401,214,187
C0116,09,46,0003,Tehsil - Nawabganj 0003,017000,17 SANSKRIT,42,23,19,42,23,19,0,0,0
C0116,09,46,0003,Tehsil - Nawabganj 0003,017002, 1 SANSKRIT,42,23,19,42,23,19,0,0,0
C0116,09,46,0003,Tehsil - Nawabganj 0003,018000,18 SANTALI,1,0,1,0,0,0,1,0,1
C0116,09,46,0003,Tehsil - Nawabganj 0003,018013, 1 SANTALI,1,0,1,0,0,0,1,0,1
C0116,09,46,0003,Tehsil - Nawabganj 0003,019000,19 SINDHI,9,7,2,0,0,0,9,7,2
C0116,09,46,0003,Tehsil - Nawabganj 0003,019013, 1 SINDHI,9,7,2,0,0,0,9,7,2
C0116,09,46,0003,Tehsil - Nawabganj 0003,020000,20 TAMIL,21,12,9,3,2,1,18,10,8
C0116,09,46,0003,Tehsil - Nawabganj 0003,020020, 1 TAMIL,21,12,9,3,2,1,18,10,8
C0116,09,46,0003,Tehsil - Nawabganj 0003,021000,21 TELUGU,79,42,37,0,0,0,79,42,37
C0116,09,46,0003,Tehsil - Nawabganj 0003,021999,21 Others,79,42,37,0,0,0,79,42,37
C0116,09,46,0003,Tehsil - Nawabganj 0003,022000,22 URDU,105827,54882,50945,46578,24082,22496,59249,30800,28449
C0116,09,46,0003,Tehsil - Nawabganj 0003,022014, 1 URDU,105827,54882,50945,46578,24082,22496,59249,30800,28449
C0116,09,46,0003,Tehsil - Nawabganj 0003,028000,28 ARABIC/ARBI,5,2,3,5,2,3,0,0,0
C0116,09,46,0003,Tehsil - Nawabganj 0003,028001, 1 ARABIC/ARBI,5,2,3,5,2,3,0,0,0
C0116,09,46,0003,Tehsil - Nawabganj 0003,040000,40 ENGLISH,5,3,2,1,1,0,4,2,2
C0116,09,46,0003,Tehsil - Nawabganj 0003,040001, 1 ENGLISH,5,3,2,1,1,0,4,2,2
C0116,09,46,0003,Tehsil - Nawabganj 0003,123000,123 OTHERS,7,4,3,0,0,0,7,4,3
C0116,09,46,0004,Tehsil - Sirauli Gauspur** 0004,002000,2 BENGALI,12,7,5,12,7,5,0,0,0
C0116,09,46,0004,Tehsil - Sirauli Gauspur** 0004,002004, 1 BENGALI,12,7,5,12,7,5,0,0,0
C0116,09,46,0004,Tehsil - Sirauli Gauspur** 0004,006000,6 HINDI,236102,125905,110197,223958,119527,104431,12144,6378,5766
C0116,09,46,0004,Tehsil - Sirauli Gauspur** 0004,006045, 1 BHOJPURI,1,0,1,1,0,1,0,0,0
C0116,09,46,0004,Tehsil - Sirauli Gauspur** 0004,006060, 2 BUNDELI/BUNDELKHANDI,1,1,0,1,1,0,0,0,0
C0116,09,46,0004,Tehsil - Sirauli Gauspur** 0004,006072, 3 CHHATTISGARHI,34,19,15,34,19,15,0,0,0
C0116,09,46,0004,Tehsil - Sirauli Gauspur** 0004,006118, 4 HINDI,236063,125883,110180,223919,119505,104414,12144,6378,5766
C0116,09,46,0004,Tehsil - Sirauli Gauspur** 0004,006127, 5 JAUNSARI,3,2,1,3,2,1,0,0,0
C0116,09,46,0004,Tehsil - Sirauli Gauspur** 0004,014000,14 NEPALI,26,20,6,17,13,4,9,7,2
C0116,09,46,0004,Tehsil - Sirauli Gauspur** 0004,014009, 1 NEPALI,26,20,6,17,13,4,9,7,2
C0116,09,46,0004,Tehsil - Sirauli Gauspur** 0004,015000,15 ORIYA,1,0,1,1,0,1,0,0,0
C0116,09,46,0004,Tehsil - Sirauli Gauspur** 0004,015031, 1 ORIYA,1,0,1,1,0,1,0,0,0
C0116,09,46,0004,Tehsil - Sirauli Gauspur** 0004,016000,16 PUNJABI,1,0,1,1,0,1,0,0,0
C0116,09,46,0004,Tehsil - Sirauli Gauspur** 0004,016018, 1 PUNJABI,1,0,1,1,0,1,0,0,0
C0116,09,46,0004,Tehsil - Sirauli Gauspur** 0004,020000,20 TAMIL,5,3,2,1,1,0,4,2,2
C0116,09,46,0004,Tehsil - Sirauli Gauspur** 0004,020020, 1 TAMIL,5,3,2,1,1,0,4,2,2
C0116,09,46,0004,Tehsil - Sirauli Gauspur** 0004,022000,22 URDU,27907,14438,13469,20482,10568,9914,7425,3870,3555
C0116,09,46,0004,Tehsil - Sirauli Gauspur** 0004,022014, 1 URDU,27907,14438,13469,20482,10568,9914,7425,3870,3555
C0116,09,46,0004,Tehsil - Sirauli Gauspur** 0004,123000,123 OTHERS,1,0,1,1,0,1,0,0,0
C0116,09,46,0005,Tehsil - Ramsanehighat 0005,002000,2 BENGALI,6,4,2,4,3,1,2,1,1
C0116,09,46,0005,Tehsil - Ramsanehighat 0005,002004, 1 BENGALI,6,4,2,4,3,1,2,1,1
C0116,09,46,0005,Tehsil - Ramsanehighat 0005,005000,5 GUJARATI,1,0,1,1,0,1,0,0,0
C0116,09,46,0005,Tehsil - Ramsanehighat 0005,005011, 1 GUJARATI,1,0,1,1,0,1,0,0,0
C0116,09,46,0005,Tehsil - Ramsanehighat 0005,006000,6 HINDI,339660,180485,159175,333172,177070,156102,6488,3415,3073
C0116,09,46,0005,Tehsil - Ramsanehighat 0005,006008, 1 AWADHI,2177,1159,1018,2177,1159,1018,0,0,0
C0116,09,46,0005,Tehsil - Ramsanehighat 0005,006045, 2 BHOJPURI,82,48,34,82,48,34,0,0,0
C0116,09,46,0005,Tehsil - Ramsanehighat 0005,006060, 3 BUNDELI/BUNDELKHANDI,3,1,2,3,1,2,0,0,0
C0116,09,46,0005,Tehsil - Ramsanehighat 0005,006072, 4 CHHATTISGARHI,80,39,41,80,39,41,0,0,0
C0116,09,46,0005,Tehsil - Ramsanehighat 0005,006118, 5 HINDI,337247,179201,158046,330759,175786,154973,6488,3415,3073
C0116,09,46,0005,Tehsil - Ramsanehighat 0005,006127, 6 JAUNSARI,2,2,0,2,2,0,0,0,0
C0116,09,46,0005,Tehsil - Ramsanehighat 0005,006999,6 Others,69,35,34,69,35,34,0,0,0
C0116,09,46,0005,Tehsil - Ramsanehighat 0005,011000,11 MALAYALAM,2,1,1,0,0,0,2,1,1
C0116,09,46,0005,Tehsil - Ramsanehighat 0005,011013, 1 MALAYALAM,2,1,1,0,0,0,2,1,1
C0116,09,46,0005,Tehsil - Ramsanehighat 0005,013000,13 MARATHI,2,2,0,2,2,0,0,0,0
C0116,09,46,0005,Tehsil - Ramsanehighat 0005,013048, 1 MARATHI,2,2,0,2,2,0,0,0,0
C0116,09,46,0005,Tehsil - Ramsanehighat 0005,014000,14 NEPALI,14,7,7,11,4,7,3,3,0
C0116,09,46,0005,Tehsil - Ramsanehighat 0005,014009, 1 NEPALI,14,7,7,11,4,7,3,3,0
C0116,09,46,0005,Tehsil - Ramsanehighat 0005,015000,15 ORIYA,85,42,43,85,42,43,0,0,0
C0116,09,46,0005,Tehsil - Ramsanehighat 0005,015031, 1 ORIYA,85,42,43,85,42,43,0,0,0
C0116,09,46,0005,Tehsil - Ramsanehighat 0005,016000,16 PUNJABI,47,19,28,47,19,28,0,0,0
C0116,09,46,0005,Tehsil - Ramsanehighat 0005,016018, 1 PUNJABI,46,19,27,46,19,27,0,0,0
C0116,09,46,0005,Tehsil - Ramsanehighat 0005,016999,16 Others,1,0,1,1,0,1,0,0,0
C0116,09,46,0005,Tehsil - Ramsanehighat 0005,017000,17 SANSKRIT,1,1,0,1,1,0,0,0,0
C0116,09,46,0005,Tehsil - Ramsanehighat 0005,017002, 1 SANSKRIT,1,1,0,1,1,0,0,0,0
C0116,09,46,0005,Tehsil - Ramsanehighat 0005,022000,22 URDU,25056,13010,12046,15887,8288,7599,9169,4722,4447
C0116,09,46,0005,Tehsil - Ramsanehighat 0005,022014, 1 URDU,25056,13010,12046,15887,8288,7599,9169,4722,4447
C0116,09,46,0005,Tehsil - Ramsanehighat 0005,028000,28 ARABIC/ARBI,8,3,5,5,2,3,3,1,2
C0116,09,46,0005,Tehsil - Ramsanehighat 0005,028001, 1 ARABIC/ARBI,8,3,5,5,2,3,3,1,2
C0116,09,46,0005,Tehsil - Ramsanehighat 0005,040000,40 ENGLISH,1,0,1,1,0,1,0,0,0
C0116,09,46,0005,Tehsil - Ramsanehighat 0005,040001, 1 ENGLISH,1,0,1,1,0,1,0,0,0
C0116,09,46,0005,Tehsil - Ramsanehighat 0005,123000,123 OTHERS,4,2,2,4,2,2,0,0,0
C0116,09,46,0006,Tehsil - Haidergarh 0006,002000,2 BENGALI,26,14,12,15,8,7,11,6,5
C0116,09,46,0006,Tehsil - Haidergarh 0006,002004, 1 BENGALI,26,14,12,15,8,7,11,6,5
C0116,09,46,0006,Tehsil - Haidergarh 0006,006000,6 HINDI,500280,262546,237734,478314,251007,227307,21966,11539,10427
C0116,09,46,0006,Tehsil - Haidergarh 0006,006008, 1 AWADHI,27723,14743,12980,27436,14593,12843,287,150,137
C0116,09,46,0006,Tehsil - Haidergarh 0006,006045, 2 BHOJPURI,165,87,78,165,87,78,0,0,0
C0116,09,46,0006,Tehsil - Haidergarh 0006,006060, 3 BUNDELI/BUNDELKHANDI,8,5,3,7,4,3,1,1,0
C0116,09,46,0006,Tehsil - Haidergarh 0006,006095, 4 GARHWALI,17,13,4,17,13,4,0,0,0
C0116,09,46,0006,Tehsil - Haidergarh 0006,006118, 5 HINDI,472342,247683,224659,450664,236295,214369,21678,11388,10290
C0116,09,46,0006,Tehsil - Haidergarh 0006,006999,6 Others,25,15,10,25,15,10,0,0,0
C0116,09,46,0006,Tehsil - Haidergarh 0006,011000,11 MALAYALAM,1,0,1,0,0,0,1,0,1
C0116,09,46,0006,Tehsil - Haidergarh 0006,011013, 1 MALAYALAM,1,0,1,0,0,0,1,0,1
C0116,09,46,0006,Tehsil - Haidergarh 0006,013000,13 MARATHI,3,1,2,3,1,2,0,0,0
C0116,09,46,0006,Tehsil - Haidergarh 0006,013048, 1 MARATHI,3,1,2,3,1,2,0,0,0
C0116,09,46,0006,Tehsil - Haidergarh 0006,014000,14 NEPALI,9,7,2,6,4,2,3,3,0
C0116,09,46,0006,Tehsil - Haidergarh 0006,014009, 1 NEPALI,9,7,2,6,4,2,3,3,0
C0116,09,46,0006,Tehsil - Haidergarh 0006,015000,15 ORIYA,47,23,24,47,23,24,0,0,0
C0116,09,46,0006,Tehsil - Haidergarh 0006,015031, 1 ORIYA,47,23,24,47,23,24,0,0,0
C0116,09,46,0006,Tehsil - Haidergarh 0006,016000,16 PUNJABI,113,54,59,103,50,53,10,4,6
C0116,09,46,0006,Tehsil - Haidergarh 0006,016018, 1 PUNJABI,113,54,59,103,50,53,10,4,6
C0116,09,46,0006,Tehsil - Haidergarh 0006,020000,20 TAMIL,1,0,1,1,0,1,0,0,0
C0116,09,46,0006,Tehsil - Haidergarh 0006,020020, 1 TAMIL,1,0,1,1,0,1,0,0,0
C0116,09,46,0006,Tehsil - Haidergarh 0006,022000,22 URDU,7434,3885,3549,4546,2311,2235,2888,1574,1314
C0116,09,46,0006,Tehsil - Haidergarh 0006,022014, 1 URDU,7434,3885,3549,4546,2311,2235,2888,1574,1314
C0116,09,46,0006,Tehsil - Haidergarh 0006,028000,28 ARABIC/ARBI,34,19,15,34,19,15,0,0,0
C0116,09,46,0006,Tehsil - Haidergarh 0006,028001, 1 ARABIC/ARBI,34,19,15,34,19,15,0,0,0
C0116,09,46,0006,Tehsil - Haidergarh 0006,040000,40 ENGLISH,4,4,0,4,4,0,0,0,0
C0116,09,46,0006,Tehsil - Haidergarh 0006,040001, 1 ENGLISH,4,4,0,4,4,0,0,0,0
C0116,09,46,0006,Tehsil - Haidergarh 0006,123000,123 OTHERS,10,7,3,10,7,3,0,0,0
C0116,09,47,0000,District - Faizabad  47,001000,1 ASSAMESE,146,113,33,3,2,1,143,111,32
C0116,09,47,0000,District - Faizabad  47,001002, 1 ASSAMESE,140,109,31,3,2,1,137,107,30
C0116,09,47,0000,District - Faizabad  47,001999,1 Others,6,4,2,0,0,0,6,4,2
C0116,09,47,0000,District - Faizabad  47,002000,2 BENGALI,476,250,226,193,102,91,283,148,135
C0116,09,47,0000,District - Faizabad  47,002004, 1 BENGALI,473,247,226,193,102,91,280,145,135
C0116,09,47,0000,District - Faizabad  47,002009, 2 HAIJONG/HAJONG,1,1,0,0,0,0,1,1,0
C0116,09,47,0000,District - Faizabad  47,002999,2 Others,2,2,0,0,0,0,2,2,0
C0116,09,47,0000,District - Faizabad  47,003000,3 BODO,17,14,3,0,0,0,17,14,3
C0116,09,47,0000,District - Faizabad  47,003001, 1 BODO,17,14,3,0,0,0,17,14,3
C0116,09,47,0000,District - Faizabad  47,004000,4 DOGRI,2422,2270,152,14,10,4,2408,2260,148
C0116,09,47,0000,District - Faizabad  47,004001, 1 DOGRI,2422,2270,152,14,10,4,2408,2260,148
C0116,09,47,0000,District - Faizabad  47,005000,5 GUJARATI,90,56,34,23,10,13,67,46,21
C0116,09,47,0000,District - Faizabad  47,005011, 1 GUJARATI,85,53,32,23,10,13,62,43,19
C0116,09,47,0000,District - Faizabad  47,005999,5 Others,5,3,2,0,0,0,5,3,2
C0116,09,47,0000,District - Faizabad  47,006000,6 HINDI,1938109,998809,939300,1721537,881501,840036,216572,117308,99264
C0116,09,47,0000,District - Faizabad  47,006008, 1 AWADHI,84629,42736,41893,78887,39786,39101,5742,2950,2792
C0116,09,47,0000,District - Faizabad  47,006045, 2 BHOJPURI,507,302,205,112,45,67,395,257,138
C0116,09,47,0000,District - Faizabad  47,006059, 3 BRAJBHASHA,14,12,2,1,1,0,13,11,2
C0116,09,47,0000,District - Faizabad  47,006060, 4 BUNDELI/BUNDELKHANDI,158,75,83,126,61,65,32,14,18
C0116,09,47,0000,District - Faizabad  47,006072, 5 CHHATTISGARHI,2302,1182,1120,2096,1071,1025,206,111,95
C0116,09,47,0000,District - Faizabad  47,006095, 6 GARHWALI,87,52,35,39,22,17,48,30,18
C0116,09,47,0000,District - Faizabad  47,006117, 7 HARYANVI,113,95,18,24,18,6,89,77,12
C0116,09,47,0000,District - Faizabad  47,006118, 8 HINDI,1849287,953744,895543,1639610,840154,799456,209677,113590,96087
C0116,09,47,0000,District - Faizabad  47,006127, 9 JAUNSARI,20,10,10,19,10,9,1,0,1
C0116,09,47,0000,District - Faizabad  47,006162, 10 KUMAUNI,30,14,16,1,1,0,29,13,16
C0116,09,47,0000,District - Faizabad  47,006172, 11 LARIA,8,2,6,8,2,6,0,0,0
C0116,09,47,0000,District - Faizabad  47,006187, 12 MALVI,3,1,2,0,0,0,3,1,2
C0116,09,47,0000,District - Faizabad  47,006192, 13 MARWARI,33,31,2,23,23,0,10,8,2
C0116,09,47,0000,District - Faizabad  47,006204, 14 NAGPURIA,36,18,18,36,18,18,0,0,0
C0116,09,47,0000,District - Faizabad  47,006213, 15 PAHARI,9,4,5,1,1,0,8,3,5
C0116,09,47,0000,District - Faizabad  47,006242, 16 RAJASTHANI,188,170,18,9,7,2,179,163,16
C0116,09,47,0000,District - Faizabad  47,006251, 17 SADAN/SADRI,96,49,47,93,47,46,3,2,1
C0116,09,47,0000,District - Faizabad  47,006999,6 Others,589,312,277,452,234,218,137,78,59
C0116,09,47,0000,District - Faizabad  47,007000,7 KANNADA,20,15,5,14,11,3,6,4,2
C0116,09,47,0000,District - Faizabad  47,007013, 1 KANNADA,20,15,5,14,11,3,6,4,2
C0116,09,47,0000,District - Faizabad  47,009000,9 KONKANI,3,3,0,0,0,0,3,3,0
C0116,09,47,0000,District - Faizabad  47,009010, 1 KONKANI,2,2,0,0,0,0,2,2,0
C0116,09,47,0000,District - Faizabad  47,009999,9 Others,1,1,0,0,0,0,1,1,0
C0116,09,47,0000,District - Faizabad  47,010000,10 MAITHILI,100,53,47,46,24,22,54,29,25
C0116,09,47,0000,District - Faizabad  47,010006, 1 MAITHILI,100,53,47,46,24,22,54,29,25
C0116,09,47,0000,District - Faizabad  47,011000,11 MALAYALAM,49,31,18,8,4,4,41,27,14
C0116,09,47,0000,District - Faizabad  47,011013, 1 MALAYALAM,49,31,18,8,4,4,41,27,14
C0116,09,47,0000,District - Faizabad  47,012000,12 MANIPURI,67,55,12,1,1,0,66,54,12
C0116,09,47,0000,District - Faizabad  47,012002, 1 MANIPURI,67,55,12,1,1,0,66,54,12
C0116,09,47,0000,District - Faizabad  47,013000,13 MARATHI,119,70,49,36,15,21,83,55,28
C0116,09,47,0000,District - Faizabad  47,013048, 1 MARATHI,119,70,49,36,15,21,83,55,28
C0116,09,47,0000,District - Faizabad  47,014000,14 NEPALI,7365,4000,3365,6525,3497,3028,840,503,337
C0116,09,47,0000,District - Faizabad  47,014009, 1 NEPALI,7365,4000,3365,6525,3497,3028,840,503,337
C0116,09,47,0000,District - Faizabad  47,015000,15 ORIYA,1479,770,709,1401,715,686,78,55,23
C0116,09,47,0000,District - Faizabad  47,015031, 1 ORIYA,1479,770,709,1401,715,686,78,55,23
C0116,09,47,0000,District - Faizabad  47,016000,16 PUNJABI,1824,1007,817,100,54,46,1724,953,771
C0116,09,47,0000,District - Faizabad  47,016018, 1 PUNJABI,1694,942,752,91,51,40,1603,891,712
C0116,09,47,0000,District - Faizabad  47,016999,16 Others,130,65,65,9,3,6,121,62,59
C0116,09,47,0000,District - Faizabad  47,017000,17 SANSKRIT,13,5,8,9,5,4,4,0,4
C0116,09,47,0000,District - Faizabad  47,017002, 1 SANSKRIT,13,5,8,9,5,4,4,0,4
C0116,09,47,0000,District - Faizabad  47,018000,18 SANTALI,1,1,0,1,1,0,0,0,0
C0116,09,47,0000,District - Faizabad  47,018013, 1 SANTALI,1,1,0,1,1,0,0,0,0
C0116,09,47,0000,District - Faizabad  47,019000,19 SINDHI,3082,1503,1579,7,6,1,3075,1497,1578
C0116,09,47,0000,District - Faizabad  47,019013, 1 SINDHI,3082,1503,1579,7,6,1,3075,1497,1578
C0116,09,47,0000,District - Faizabad  47,020000,20 TAMIL,49,29,20,21,9,12,28,20,8
C0116,09,47,0000,District - Faizabad  47,020020, 1 TAMIL,48,28,20,21,9,12,27,19,8
C0116,09,47,0000,District - Faizabad  47,020999,20 Others,1,1,0,0,0,0,1,1,0
C0116,09,47,0000,District - Faizabad  47,021000,21 TELUGU,65,36,29,23,15,8,42,21,21
C0116,09,47,0000,District - Faizabad  47,021035, 1 TELUGU,64,35,29,23,15,8,41,20,21
C0116,09,47,0000,District - Faizabad  47,021999,21 Others,1,1,0,0,0,0,1,1,0
C0116,09,47,0000,District - Faizabad  47,022000,22 URDU,132256,67677,64579,76950,39092,37858,55306,28585,26721
C0116,09,47,0000,District - Faizabad  47,022014, 1 URDU,132256,67677,64579,76950,39092,37858,55306,28585,26721
C0116,09,47,0000,District - Faizabad  47,025000,25 ANAL,4,3,1,0,0,0,4,3,1
C0116,09,47,0000,District - Faizabad  47,025001, 1 ANAL,4,3,1,0,0,0,4,3,1
C0116,09,47,0000,District - Faizabad  47,027000,27 AO,7,6,1,0,0,0,7,6,1
C0116,09,47,0000,District - Faizabad  47,027001, 1 AO,7,6,1,0,0,0,7,6,1
C0116,09,47,0000,District - Faizabad  47,028000,28 ARABIC/ARBI,143,71,72,118,58,60,25,13,12
C0116,09,47,0000,District - Faizabad  47,028001, 1 ARABIC/ARBI,143,71,72,118,58,60,25,13,12
C0116,09,47,0000,District - Faizabad  47,033000,33 BISHNUPURIYA,4,3,1,0,0,0,4,3,1
C0116,09,47,0000,District - Faizabad  47,033999,33 Others,4,3,1,0,0,0,4,3,1
C0116,09,47,0000,District - Faizabad  47,040000,40 ENGLISH,42,24,18,16,9,7,26,15,11
C0116,09,47,0000,District - Faizabad  47,040001, 1 ENGLISH,42,24,18,16,9,7,26,15,11
C0116,09,47,0000,District - Faizabad  47,043000,43 GARO,9,9,0,0,0,0,9,9,0
C0116,09,47,0000,District - Faizabad  47,043005, 1 GARO,9,9,0,0,0,0,9,9,0
C0116,09,47,0000,District - Faizabad  47,054000,54 KHARIA,1,1,0,0,0,0,1,1,0
C0116,09,47,0000,District - Faizabad  47,054999,54 Others,1,1,0,0,0,0,1,1,0
C0116,09,47,0000,District - Faizabad  47,062000,62 KODA/KORA,7,2,5,7,2,5,0,0,0
C0116,09,47,0000,District - Faizabad  47,062003, 1 KODA/KORA,7,2,5,7,2,5,0,0,0
C0116,09,47,0000,District - Faizabad  47,064000,64 KOM,1,0,1,0,0,0,1,0,1
C0116,09,47,0000,District - Faizabad  47,064001, 1 KOM,1,0,1,0,0,0,1,0,1
C0116,09,47,0000,District - Faizabad  47,071000,71 KUKI,22,21,1,0,0,0,22,21,1
C0116,09,47,0000,District - Faizabad  47,071007, 1 KUKI,22,21,1,0,0,0,22,21,1
C0116,09,47,0000,District - Faizabad  47,072000,72 KURUKH/ORAON,110,66,44,59,31,28,51,35,16
C0116,09,47,0000,District - Faizabad  47,072009, 1 KURUKH/ORAON,91,47,44,59,31,28,32,16,16
C0116,09,47,0000,District - Faizabad  47,072999,72 Others,19,19,0,0,0,0,19,19,0
C0116,09,47,0000,District - Faizabad  47,082000,82 LUSHAI/MIZO,60,58,2,1,1,0,59,57,2
C0116,09,47,0000,District - Faizabad  47,082003, 1 LUSHAI/MIZO,60,58,2,1,1,0,59,57,2
C0116,09,47,0000,District - Faizabad  47,087000,87 MISHMI,2,2,0,0,0,0,2,2,0
C0116,09,47,0000,District - Faizabad  47,087999,87 Others,2,2,0,0,0,0,2,2,0
C0116,09,47,0000,District - Faizabad  47,090000,90 MUNDA,61,52,9,0,0,0,61,52,9
C0116,09,47,0000,District - Faizabad  47,090006, 1 MUNDA,44,35,9,0,0,0,44,35,9
C0116,09,47,0000,District - Faizabad  47,090999,90 Others,17,17,0,0,0,0,17,17,0
C0116,09,47,0000,District - Faizabad  47,094000,94 NOCTE,1,1,0,0,0,0,1,1,0
C0116,09,47,0000,District - Faizabad  47,094003, 1 NOCTE,1,1,0,0,0,0,1,1,0
C0116,09,47,0000,District - Faizabad  47,095000,95 PAITE,12,6,6,0,0,0,12,6,6
C0116,09,47,0000,District - Faizabad  47,095002, 1 PAITE,12,6,6,0,0,0,12,6,6
C0116,09,47,0000,District - Faizabad  47,104000,104 SANGTAM,1,1,0,0,0,0,1,1,0
C0116,09,47,0000,District - Faizabad  47,104003, 1 SANGTAM,1,1,0,0,0,0,1,1,0
C0116,09,47,0000,District - Faizabad  47,113000,113 THADO,1,1,0,0,0,0,1,1,0
C0116,09,47,0000,District - Faizabad  47,113999,113 Others,1,1,0,0,0,0,1,1,0
C0116,09,47,0000,District - Faizabad  47,115000,115 TRIPURI,1,1,0,0,0,0,1,1,0
C0116,09,47,0000,District - Faizabad  47,115006, 1 TRIPURI,1,1,0,0,0,0,1,1,0
C0116,09,47,0000,District - Faizabad  47,117000,117 VAIPHEI,1,1,0,0,0,0,1,1,0
C0116,09,47,0000,District - Faizabad  47,117001, 1 VAIPHEI,1,1,0,0,0,0,1,1,0
C0116,09,47,0000,District - Faizabad  47,123000,123 OTHERS,686,376,310,542,268,274,144,108,36
C0116,09,47,0001,Tehsil - Rudauli 0001,002000,2 BENGALI,20,9,11,19,8,11,1,1,0
C0116,09,47,0001,Tehsil - Rudauli 0001,002004, 1 BENGALI,20,9,11,19,8,11,1,1,0
C0116,09,47,0001,Tehsil - Rudauli 0001,005000,5 GUJARATI,2,0,2,2,0,2,0,0,0
C0116,09,47,0001,Tehsil - Rudauli 0001,005011, 1 GUJARATI,2,0,2,2,0,2,0,0,0
C0116,09,47,0001,Tehsil - Rudauli 0001,006000,6 HINDI,331557,172601,158956,313205,163096,150109,18352,9505,8847
C0116,09,47,0001,Tehsil - Rudauli 0001,006008, 1 AWADHI,15117,7872,7245,14072,7328,6744,1045,544,501
C0116,09,47,0001,Tehsil - Rudauli 0001,006045, 2 BHOJPURI,15,7,8,14,6,8,1,1,0
C0116,09,47,0001,Tehsil - Rudauli 0001,006060, 3 BUNDELI/BUNDELKHANDI,4,3,1,4,3,1,0,0,0
C0116,09,47,0001,Tehsil - Rudauli 0001,006072, 4 CHHATTISGARHI,151,76,75,151,76,75,0,0,0
C0116,09,47,0001,Tehsil - Rudauli 0001,006095, 5 GARHWALI,3,2,1,3,2,1,0,0,0
C0116,09,47,0001,Tehsil - Rudauli 0001,006118, 6 HINDI,316240,164629,151611,298934,155669,143265,17306,8960,8346
C0116,09,47,0001,Tehsil - Rudauli 0001,006127, 7 JAUNSARI,1,1,0,1,1,0,0,0,0
C0116,09,47,0001,Tehsil - Rudauli 0001,006242, 8 RAJASTHANI,3,2,1,3,2,1,0,0,0
C0116,09,47,0001,Tehsil - Rudauli 0001,006999,6 Others,23,9,14,23,9,14,0,0,0
C0116,09,47,0001,Tehsil - Rudauli 0001,014000,14 NEPALI,922,489,433,875,470,405,47,19,28
C0116,09,47,0001,Tehsil - Rudauli 0001,014009, 1 NEPALI,922,489,433,875,470,405,47,19,28
C0116,09,47,0001,Tehsil - Rudauli 0001,015000,15 ORIYA,170,88,82,170,88,82,0,0,0
C0116,09,47,0001,Tehsil - Rudauli 0001,015031, 1 ORIYA,170,88,82,170,88,82,0,0,0
C0116,09,47,0001,Tehsil - Rudauli 0001,016000,16 PUNJABI,5,2,3,4,2,2,1,0,1
C0116,09,47,0001,Tehsil - Rudauli 0001,016018, 1 PUNJABI,5,2,3,4,2,2,1,0,1
C0116,09,47,0001,Tehsil - Rudauli 0001,017000,17 SANSKRIT,9,5,4,9,5,4,0,0,0
C0116,09,47,0001,Tehsil - Rudauli 0001,017002, 1 SANSKRIT,9,5,4,9,5,4,0,0,0
C0116,09,47,0001,Tehsil - Rudauli 0001,019000,19 SINDHI,1,0,1,0,0,0,1,0,1
C0116,09,47,0001,Tehsil - Rudauli 0001,019013, 1 SINDHI,1,0,1,0,0,0,1,0,1
C0116,09,47,0001,Tehsil - Rudauli 0001,020000,20 TAMIL,1,0,1,1,0,1,0,0,0
C0116,09,47,0001,Tehsil - Rudauli 0001,020020, 1 TAMIL,1,0,1,1,0,1,0,0,0
C0116,09,47,0001,Tehsil - Rudauli 0001,022000,22 URDU,54678,27856,26822,36307,18406,17901,18371,9450,8921
C0116,09,47,0001,Tehsil - Rudauli 0001,022014, 1 URDU,54678,27856,26822,36307,18406,17901,18371,9450,8921
C0116,09,47,0001,Tehsil - Rudauli 0001,028000,28 ARABIC/ARBI,32,15,17,32,15,17,0,0,0
C0116,09,47,0001,Tehsil - Rudauli 0001,028001, 1 ARABIC/ARBI,32,15,17,32,15,17,0,0,0
C0116,09,47,0001,Tehsil - Rudauli 0001,123000,123 OTHERS,18,8,10,15,5,10,3,3,0
C0116,09,47,0002,Tehsil - Milkipur ** 0002,002000,2 BENGALI,42,22,20,42,22,20,0,0,0
C0116,09,47,0002,Tehsil - Milkipur ** 0002,002004, 1 BENGALI,42,22,20,42,22,20,0,0,0
C0116,09,47,0002,Tehsil - Milkipur ** 0002,006000,6 HINDI,394283,201102,193181,394283,201102,193181,0,0,0
C0116,09,47,0002,Tehsil - Milkipur ** 0002,006008, 1 AWADHI,16074,8115,7959,16074,8115,7959,0,0,0
C0116,09,47,0002,Tehsil - Milkipur ** 0002,006060, 2 BUNDELI/BUNDELKHANDI,16,7,9,16,7,9,0,0,0
C0116,09,47,0002,Tehsil - Milkipur ** 0002,006072, 3 CHHATTISGARHI,623,313,310,623,313,310,0,0,0
C0116,09,47,0002,Tehsil - Milkipur ** 0002,006095, 4 GARHWALI,2,2,0,2,2,0,0,0,0
C0116,09,47,0002,Tehsil - Milkipur ** 0002,006118, 5 HINDI,377404,192576,184828,377404,192576,184828,0,0,0
C0116,09,47,0002,Tehsil - Milkipur ** 0002,006242, 6 RAJASTHANI,5,5,0,5,5,0,0,0,0
C0116,09,47,0002,Tehsil - Milkipur ** 0002,006251, 7 SADAN/SADRI,42,21,21,42,21,21,0,0,0
C0116,09,47,0002,Tehsil - Milkipur ** 0002,006999,6 Others,117,63,54,117,63,54,0,0,0
C0116,09,47,0002,Tehsil - Milkipur ** 0002,010000,10 MAITHILI,40,20,20,40,20,20,0,0,0
C0116,09,47,0002,Tehsil - Milkipur ** 0002,010006, 1 MAITHILI,40,20,20,40,20,20,0,0,0
C0116,09,47,0002,Tehsil - Milkipur ** 0002,013000,13 MARATHI,16,6,10,16,6,10,0,0,0
C0116,09,47,0002,Tehsil - Milkipur ** 0002,013048, 1 MARATHI,16,6,10,16,6,10,0,0,0
C0116,09,47,0002,Tehsil - Milkipur ** 0002,014000,14 NEPALI,1111,662,449,1111,662,449,0,0,0
C0116,09,47,0002,Tehsil - Milkipur ** 0002,014009, 1 NEPALI,1111,662,449,1111,662,449,0,0,0
C0116,09,47,0002,Tehsil - Milkipur ** 0002,015000,15 ORIYA,244,121,123,244,121,123,0,0,0
C0116,09,47,0002,Tehsil - Milkipur ** 0002,015031, 1 ORIYA,244,121,123,244,121,123,0,0,0
C0116,09,47,0002,Tehsil - Milkipur ** 0002,016000,16 PUNJABI,2,2,0,2,2,0,0,0,0
C0116,09,47,0002,Tehsil - Milkipur ** 0002,016018, 1 PUNJABI,2,2,0,2,2,0,0,0,0
C0116,09,47,0002,Tehsil - Milkipur ** 0002,020000,20 TAMIL,4,1,3,4,1,3,0,0,0
C0116,09,47,0002,Tehsil - Milkipur ** 0002,020020, 1 TAMIL,4,1,3,4,1,3,0,0,0
C0116,09,47,0002,Tehsil - Milkipur ** 0002,022000,22 URDU,4961,2475,2486,4961,2475,2486,0,0,0
C0116,09,47,0002,Tehsil - Milkipur ** 0002,022014, 1 URDU,4961,2475,2486,4961,2475,2486,0,0,0
C0116,09,47,0002,Tehsil - Milkipur ** 0002,028000,28 ARABIC/ARBI,29,11,18,29,11,18,0,0,0
C0116,09,47,0002,Tehsil - Milkipur ** 0002,028001, 1 ARABIC/ARBI,29,11,18,29,11,18,0,0,0
C0116,09,47,0002,Tehsil - Milkipur ** 0002,123000,123 OTHERS,399,198,201,399,198,201,0,0,0
C0116,09,47,0003,Tehsil - Sohawal ** 0003,002000,2 BENGALI,39,19,20,33,15,18,6,4,2
C0116,09,47,0003,Tehsil - Sohawal ** 0003,002004, 1 BENGALI,39,19,20,33,15,18,6,4,2
C0116,09,47,0003,Tehsil - Sohawal ** 0003,006000,6 HINDI,292773,150221,142552,287800,147735,140065,4973,2486,2487
C0116,09,47,0003,Tehsil - Sohawal ** 0003,006008, 1 AWADHI,5316,2716,2600,5023,2568,2455,293,148,145
C0116,09,47,0003,Tehsil - Sohawal ** 0003,006045, 2 BHOJPURI,14,5,9,14,5,9,0,0,0
C0116,09,47,0003,Tehsil - Sohawal ** 0003,006060, 3 BUNDELI/BUNDELKHANDI,4,0,4,4,0,4,0,0,0
C0116,09,47,0003,Tehsil - Sohawal ** 0003,006072, 4 CHHATTISGARHI,639,316,323,639,316,323,0,0,0
C0116,09,47,0003,Tehsil - Sohawal ** 0003,006095, 5 GARHWALI,3,2,1,3,2,1,0,0,0
C0116,09,47,0003,Tehsil - Sohawal ** 0003,006118, 6 HINDI,286733,147150,139583,282053,144812,137241,4680,2338,2342
C0116,09,47,0003,Tehsil - Sohawal ** 0003,006127, 7 JAUNSARI,6,3,3,6,3,3,0,0,0
C0116,09,47,0003,Tehsil - Sohawal ** 0003,006172, 8 LARIA,8,2,6,8,2,6,0,0,0
C0116,09,47,0003,Tehsil - Sohawal ** 0003,006204, 9 NAGPURIA,36,18,18,36,18,18,0,0,0
C0116,09,47,0003,Tehsil - Sohawal ** 0003,006999,6 Others,14,9,5,14,9,5,0,0,0
C0116,09,47,0003,Tehsil - Sohawal ** 0003,013000,13 MARATHI,1,0,1,1,0,1,0,0,0
C0116,09,47,0003,Tehsil - Sohawal ** 0003,013048, 1 MARATHI,1,0,1,1,0,1,0,0,0
C0116,09,47,0003,Tehsil - Sohawal ** 0003,014000,14 NEPALI,1098,581,517,1098,581,517,0,0,0
C0116,09,47,0003,Tehsil - Sohawal ** 0003,014009, 1 NEPALI,1098,581,517,1098,581,517,0,0,0
C0116,09,47,0003,Tehsil - Sohawal ** 0003,015000,15 ORIYA,432,215,217,432,215,217,0,0,0
C0116,09,47,0003,Tehsil - Sohawal ** 0003,015031, 1 ORIYA,432,215,217,432,215,217,0,0,0
C0116,09,47,0003,Tehsil - Sohawal ** 0003,016000,16 PUNJABI,55,29,26,41,22,19,14,7,7
C0116,09,47,0003,Tehsil - Sohawal ** 0003,016018, 1 PUNJABI,55,29,26,41,22,19,14,7,7
C0116,09,47,0003,Tehsil - Sohawal ** 0003,020000,20 TAMIL,2,1,1,2,1,1,0,0,0
C0116,09,47,0003,Tehsil - Sohawal ** 0003,020020, 1 TAMIL,2,1,1,2,1,1,0,0,0
C0116,09,47,0003,Tehsil - Sohawal ** 0003,022000,22 URDU,28122,14490,13632,21754,11203,10551,6368,3287,3081
C0116,09,47,0003,Tehsil - Sohawal ** 0003,022014, 1 URDU,28122,14490,13632,21754,11203,10551,6368,3287,3081
C0116,09,47,0003,Tehsil - Sohawal ** 0003,028000,28 ARABIC/ARBI,24,13,11,3,2,1,21,11,10
C0116,09,47,0003,Tehsil - Sohawal ** 0003,028001, 1 ARABIC/ARBI,24,13,11,3,2,1,21,11,10
C0116,09,47,0003,Tehsil - Sohawal ** 0003,040000,40 ENGLISH,11,6,5,11,6,5,0,0,0
C0116,09,47,0003,Tehsil - Sohawal ** 0003,040001, 1 ENGLISH,11,6,5,11,6,5,0,0,0
C0116,09,47,0003,Tehsil - Sohawal ** 0003,072000,72 KURUKH/ORAON,16,10,6,16,10,6,0,0,0
C0116,09,47,0003,Tehsil - Sohawal ** 0003,072009, 1 KURUKH/ORAON,16,10,6,16,10,6,0,0,0
C0116,09,47,0003,Tehsil - Sohawal ** 0003,123000,123 OTHERS,58,32,26,58,32,26,0,0,0
C0116,09,47,0004,Tehsil - Faizabad 0004,001000,1 ASSAMESE,146,113,33,3,2,1,143,111,32
C0116,09,47,0004,Tehsil - Faizabad 0004,001002, 1 ASSAMESE,140,109,31,3,2,1,137,107,30
C0116,09,47,0004,Tehsil - Faizabad 0004,001999,1 Others,6,4,2,0,0,0,6,4,2
C0116,09,47,0004,Tehsil - Faizabad 0004,002000,2 BENGALI,327,171,156,56,31,25,271,140,131
C0116,09,47,0004,Tehsil - Faizabad 0004,002004, 1 BENGALI,324,168,156,56,31,25,268,137,131
C0116,09,47,0004,Tehsil - Faizabad 0004,002009, 2 HAIJONG/HAJONG,1,1,0,0,0,0,1,1,0
C0116,09,47,0004,Tehsil - Faizabad 0004,002999,2 Others,2,2,0,0,0,0,2,2,0
C0116,09,47,0004,Tehsil - Faizabad 0004,003000,3 BODO,17,14,3,0,0,0,17,14,3
C0116,09,47,0004,Tehsil - Faizabad 0004,003001, 1 BODO,17,14,3,0,0,0,17,14,3
C0116,09,47,0004,Tehsil - Faizabad 0004,004000,4 DOGRI,2422,2270,152,14,10,4,2408,2260,148
C0116,09,47,0004,Tehsil - Faizabad 0004,004001, 1 DOGRI,2422,2270,152,14,10,4,2408,2260,148
C0116,09,47,0004,Tehsil - Faizabad 0004,005000,5 GUJARATI,86,56,30,19,10,9,67,46,21
C0116,09,47,0004,Tehsil - Faizabad 0004,005011, 1 GUJARATI,81,53,28,19,10,9,62,43,19
C0116,09,47,0004,Tehsil - Faizabad 0004,005999,5 Others,5,3,2,0,0,0,5,3,2
C0116,09,47,0004,Tehsil - Faizabad 0004,006000,6 HINDI,540140,283070,257070,357837,183374,174463,182303,99696,82607
C0116,09,47,0004,Tehsil - Faizabad 0004,006008, 1 AWADHI,19999,10023,9976,17031,8497,8534,2968,1526,1442
C0116,09,47,0004,Tehsil - Faizabad 0004,006045, 2 BHOJPURI,435,271,164,41,15,26,394,256,138
C0116,09,47,0004,Tehsil - Faizabad 0004,006059, 3 BRAJBHASHA,14,12,2,1,1,0,13,11,2
C0116,09,47,0004,Tehsil - Faizabad 0004,006060, 4 BUNDELI/BUNDELKHANDI,123,59,64,93,46,47,30,13,17
C0116,09,47,0004,Tehsil - Faizabad 0004,006072, 5 CHHATTISGARHI,291,156,135,245,133,112,46,23,23
C0116,09,47,0004,Tehsil - Faizabad 0004,006095, 6 GARHWALI,69,42,27,21,12,9,48,30,18
C0116,09,47,0004,Tehsil - Faizabad 0004,006117, 7 HARYANVI,113,95,18,24,18,6,89,77,12
C0116,09,47,0004,Tehsil - Faizabad 0004,006118, 8 HINDI,518556,272055,246501,340211,174563,165648,178345,97492,80853
C0116,09,47,0004,Tehsil - Faizabad 0004,006127, 9 JAUNSARI,6,1,5,5,1,4,1,0,1
C0116,09,47,0004,Tehsil - Faizabad 0004,006162, 10 KUMAUNI,30,14,16,1,1,0,29,13,16
C0116,09,47,0004,Tehsil - Faizabad 0004,006187, 11 MALVI,3,1,2,0,0,0,3,1,2
C0116,09,47,0004,Tehsil - Faizabad 0004,006192, 12 MARWARI,10,8,2,0,0,0,10,8,2
C0116,09,47,0004,Tehsil - Faizabad 0004,006213, 13 PAHARI,9,4,5,1,1,0,8,3,5
C0116,09,47,0004,Tehsil - Faizabad 0004,006242, 14 RAJASTHANI,180,163,17,1,0,1,179,163,16
C0116,09,47,0004,Tehsil - Faizabad 0004,006251, 15 SADAN/SADRI,54,28,26,51,26,25,3,2,1
C0116,09,47,0004,Tehsil - Faizabad 0004,006999,6 Others,248,138,110,111,60,51,137,78,59
C0116,09,47,0004,Tehsil - Faizabad 0004,007000,7 KANNADA,20,15,5,14,11,3,6,4,2
C0116,09,47,0004,Tehsil - Faizabad 0004,007013, 1 KANNADA,20,15,5,14,11,3,6,4,2
C0116,09,47,0004,Tehsil - Faizabad 0004,009000,9 KONKANI,3,3,0,0,0,0,3,3,0
C0116,09,47,0004,Tehsil - Faizabad 0004,009010, 1 KONKANI,2,2,0,0,0,0,2,2,0
C0116,09,47,0004,Tehsil - Faizabad 0004,009999,9 Others,1,1,0,0,0,0,1,1,0
C0116,09,47,0004,Tehsil - Faizabad 0004,010000,10 MAITHILI,60,33,27,6,4,2,54,29,25
C0116,09,47,0004,Tehsil - Faizabad 0004,010006, 1 MAITHILI,60,33,27,6,4,2,54,29,25
C0116,09,47,0004,Tehsil - Faizabad 0004,011000,11 MALAYALAM,49,31,18,8,4,4,41,27,14
C0116,09,47,0004,Tehsil - Faizabad 0004,011013, 1 MALAYALAM,49,31,18,8,4,4,41,27,14
C0116,09,47,0004,Tehsil - Faizabad 0004,012000,12 MANIPURI,67,55,12,1,1,0,66,54,12
C0116,09,47,0004,Tehsil - Faizabad 0004,012002, 1 MANIPURI,67,55,12,1,1,0,66,54,12
C0116,09,47,0004,Tehsil - Faizabad 0004,013000,13 MARATHI,101,64,37,18,9,9,83,55,28
C0116,09,47,0004,Tehsil - Faizabad 0004,013048, 1 MARATHI,101,64,37,18,9,9,83,55,28
C0116,09,47,0004,Tehsil - Faizabad 0004,014000,14 NEPALI,2485,1393,1092,1847,996,851,638,397,241
C0116,09,47,0004,Tehsil - Faizabad 0004,014009, 1 NEPALI,2485,1393,1092,1847,996,851,638,397,241
C0116,09,47,0004,Tehsil - Faizabad 0004,015000,15 ORIYA,319,176,143,241,121,120,78,55,23
C0116,09,47,0004,Tehsil - Faizabad 0004,015031, 1 ORIYA,319,176,143,241,121,120,78,55,23
C0116,09,47,0004,Tehsil - Faizabad 0004,016000,16 PUNJABI,1757,973,784,48,27,21,1709,946,763
C0116,09,47,0004,Tehsil - Faizabad 0004,016018, 1 PUNJABI,1627,908,719,39,24,15,1588,884,704
C0116,09,47,0004,Tehsil - Faizabad 0004,016999,16 Others,130,65,65,9,3,6,121,62,59
C0116,09,47,0004,Tehsil - Faizabad 0004,017000,17 SANSKRIT,4,0,4,0,0,0,4,0,4
C0116,09,47,0004,Tehsil - Faizabad 0004,017002, 1 SANSKRIT,4,0,4,0,0,0,4,0,4
C0116,09,47,0004,Tehsil - Faizabad 0004,018000,18 SANTALI,1,1,0,1,1,0,0,0,0
C0116,09,47,0004,Tehsil - Faizabad 0004,018013, 1 SANTALI,1,1,0,1,1,0,0,0,0
C0116,09,47,0004,Tehsil - Faizabad 0004,019000,19 SINDHI,3080,1502,1578,6,5,1,3074,1497,1577
C0116,09,47,0004,Tehsil - Faizabad 0004,019013, 1 SINDHI,3080,1502,1578,6,5,1,3074,1497,1577
C0116,09,47,0004,Tehsil - Faizabad 0004,020000,20 TAMIL,41,26,15,13,6,7,28,20,8
C0116,09,47,0004,Tehsil - Faizabad 0004,020020, 1 TAMIL,40,25,15,13,6,7,27,19,8
C0116,09,47,0004,Tehsil - Faizabad 0004,020999,20 Others,1,1,0,0,0,0,1,1,0
C0116,09,47,0004,Tehsil - Faizabad 0004,021000,21 TELUGU,65,36,29,23,15,8,42,21,21
C0116,09,47,0004,Tehsil - Faizabad 0004,021035, 1 TELUGU,64,35,29,23,15,8,41,20,21
C0116,09,47,0004,Tehsil - Faizabad 0004,021999,21 Others,1,1,0,0,0,0,1,1,0
C0116,09,47,0004,Tehsil - Faizabad 0004,022000,22 URDU,37491,19365,18126,8183,4147,4036,29308,15218,14090
C0116,09,47,0004,Tehsil - Faizabad 0004,022014, 1 URDU,37491,19365,18126,8183,4147,4036,29308,15218,14090
C0116,09,47,0004,Tehsil - Faizabad 0004,025000,25 ANAL,4,3,1,0,0,0,4,3,1
C0116,09,47,0004,Tehsil - Faizabad 0004,025001, 1 ANAL,4,3,1,0,0,0,4,3,1
C0116,09,47,0004,Tehsil - Faizabad 0004,027000,27 AO,7,6,1,0,0,0,7,6,1
C0116,09,47,0004,Tehsil - Faizabad 0004,027001, 1 AO,7,6,1,0,0,0,7,6,1
C0116,09,47,0004,Tehsil - Faizabad 0004,028000,28 ARABIC/ARBI,54,29,25,50,27,23,4,2,2
C0116,09,47,0004,Tehsil - Faizabad 0004,028001, 1 ARABIC/ARBI,54,29,25,50,27,23,4,2,2
C0116,09,47,0004,Tehsil - Faizabad 0004,033000,33 BISHNUPURIYA,4,3,1,0,0,0,4,3,1
C0116,09,47,0004,Tehsil - Faizabad 0004,033999,33 Others,4,3,1,0,0,0,4,3,1
C0116,09,47,0004,Tehsil - Faizabad 0004,040000,40 ENGLISH,30,18,12,4,3,1,26,15,11
C0116,09,47,0004,Tehsil - Faizabad 0004,040001, 1 ENGLISH,30,18,12,4,3,1,26,15,11
C0116,09,47,0004,Tehsil - Faizabad 0004,043000,43 GARO,9,9,0,0,0,0,9,9,0
C0116,09,47,0004,Tehsil - Faizabad 0004,043005, 1 GARO,9,9,0,0,0,0,9,9,0
C0116,09,47,0004,Tehsil - Faizabad 0004,054000,54 KHARIA,1,1,0,0,0,0,1,1,0
C0116,09,47,0004,Tehsil - Faizabad 0004,054999,54 Others,1,1,0,0,0,0,1,1,0
C0116,09,47,0004,Tehsil - Faizabad 0004,062000,62 KODA/KORA,5,1,4,5,1,4,0,0,0
C0116,09,47,0004,Tehsil - Faizabad 0004,062003, 1 KODA/KORA,5,1,4,5,1,4,0,0,0
C0116,09,47,0004,Tehsil - Faizabad 0004,064000,64 KOM,1,0,1,0,0,0,1,0,1
C0116,09,47,0004,Tehsil - Faizabad 0004,064001, 1 KOM,1,0,1,0,0,0,1,0,1
C0116,09,47,0004,Tehsil - Faizabad 0004,071000,71 KUKI,22,21,1,0,0,0,22,21,1
C0116,09,47,0004,Tehsil - Faizabad 0004,071007, 1 KUKI,22,21,1,0,0,0,22,21,1
C0116,09,47,0004,Tehsil - Faizabad 0004,072000,72 KURUKH/ORAON,51,35,16,0,0,0,51,35,16
C0116,09,47,0004,Tehsil - Faizabad 0004,072009, 1 KURUKH/ORAON,32,16,16,0,0,0,32,16,16
C0116,09,47,0004,Tehsil - Faizabad 0004,072999,72 Others,19,19,0,0,0,0,19,19,0
C0116,09,47,0004,Tehsil - Faizabad 0004,082000,82 LUSHAI/MIZO,60,58,2,1,1,0,59,57,2
C0116,09,47,0004,Tehsil - Faizabad 0004,082003, 1 LUSHAI/MIZO,60,58,2,1,1,0,59,57,2
C0116,09,47,0004,Tehsil - Faizabad 0004,087000,87 MISHMI,2,2,0,0,0,0,2,2,0
C0116,09,47,0004,Tehsil - Faizabad 0004,087999,87 Others,2,2,0,0,0,0,2,2,0
C0116,09,47,0004,Tehsil - Faizabad 0004,090000,90 MUNDA,61,52,9,0,0,0,61,52,9
C0116,09,47,0004,Tehsil - Faizabad 0004,090006, 1 MUNDA,44,35,9,0,0,0,44,35,9
C0116,09,47,0004,Tehsil - Faizabad 0004,090999,90 Others,17,17,0,0,0,0,17,17,0
C0116,09,47,0004,Tehsil - Faizabad 0004,094000,94 NOCTE,1,1,0,0,0,0,1,1,0
C0116,09,47,0004,Tehsil - Faizabad 0004,094003, 1 NOCTE,1,1,0,0,0,0,1,1,0
C0116,09,47,0004,Tehsil - Faizabad 0004,095000,95 PAITE,12,6,6,0,0,0,12,6,6
C0116,09,47,0004,Tehsil - Faizabad 0004,095002, 1 PAITE,12,6,6,0,0,0,12,6,6
C0116,09,47,0004,Tehsil - Faizabad 0004,104000,104 SANGTAM,1,1,0,0,0,0,1,1,0
C0116,09,47,0004,Tehsil - Faizabad 0004,104003, 1 SANGTAM,1,1,0,0,0,0,1,1,0
C0116,09,47,0004,Tehsil - Faizabad 0004,113000,113 THADO,1,1,0,0,0,0,1,1,0
C0116,09,47,0004,Tehsil - Faizabad 0004,113999,113 Others,1,1,0,0,0,0,1,1,0
C0116,09,47,0004,Tehsil - Faizabad 0004,115000,115 TRIPURI,1,1,0,0,0,0,1,1,0
C0116,09,47,0004,Tehsil - Faizabad 0004,115006, 1 TRIPURI,1,1,0,0,0,0,1,1,0
C0116,09,47,0004,Tehsil - Faizabad 0004,117000,117 VAIPHEI,1,1,0,0,0,0,1,1,0
C0116,09,47,0004,Tehsil - Faizabad 0004,117001, 1 VAIPHEI,1,1,0,0,0,0,1,1,0
C0116,09,47,0004,Tehsil - Faizabad 0004,123000,123 OTHERS,146,106,40,5,1,4,141,105,36
C0116,09,47,0005,Tehsil - Bikapur 0005,002000,2 BENGALI,48,29,19,43,26,17,5,3,2
C0116,09,47,0005,Tehsil - Bikapur 0005,002004, 1 BENGALI,48,29,19,43,26,17,5,3,2
C0116,09,47,0005,Tehsil - Bikapur 0005,005000,5 GUJARATI,2,0,2,2,0,2,0,0,0
C0116,09,47,0005,Tehsil - Bikapur 0005,005011, 1 GUJARATI,2,0,2,2,0,2,0,0,0
C0116,09,47,0005,Tehsil - Bikapur 0005,006000,6 HINDI,379356,191815,187541,368412,186194,182218,10944,5621,5323
C0116,09,47,0005,Tehsil - Bikapur 0005,006008, 1 AWADHI,28123,14010,14113,26687,13278,13409,1436,732,704
C0116,09,47,0005,Tehsil - Bikapur 0005,006045, 2 BHOJPURI,43,19,24,43,19,24,0,0,0
C0116,09,47,0005,Tehsil - Bikapur 0005,006060, 3 BUNDELI/BUNDELKHANDI,11,6,5,9,5,4,2,1,1
C0116,09,47,0005,Tehsil - Bikapur 0005,006072, 4 CHHATTISGARHI,598,321,277,438,233,205,160,88,72
C0116,09,47,0005,Tehsil - Bikapur 0005,006095, 5 GARHWALI,10,4,6,10,4,6,0,0,0
C0116,09,47,0005,Tehsil - Bikapur 0005,006118, 6 HINDI,350354,177334,173020,341008,172534,168474,9346,4800,4546
C0116,09,47,0005,Tehsil - Bikapur 0005,006127, 7 JAUNSARI,7,5,2,7,5,2,0,0,0
C0116,09,47,0005,Tehsil - Bikapur 0005,006192, 8 MARWARI,23,23,0,23,23,0,0,0,0
C0116,09,47,0005,Tehsil - Bikapur 0005,006999,6 Others,187,93,94,187,93,94,0,0,0
C0116,09,47,0005,Tehsil - Bikapur 0005,013000,13 MARATHI,1,0,1,1,0,1,0,0,0
C0116,09,47,0005,Tehsil - Bikapur 0005,013048, 1 MARATHI,1,0,1,1,0,1,0,0,0
C0116,09,47,0005,Tehsil - Bikapur 0005,014000,14 NEPALI,1749,875,874,1594,788,806,155,87,68
C0116,09,47,0005,Tehsil - Bikapur 0005,014009, 1 NEPALI,1749,875,874,1594,788,806,155,87,68
C0116,09,47,0005,Tehsil - Bikapur 0005,015000,15 ORIYA,314,170,144,314,170,144,0,0,0
C0116,09,47,0005,Tehsil - Bikapur 0005,015031, 1 ORIYA,314,170,144,314,170,144,0,0,0
C0116,09,47,0005,Tehsil - Bikapur 0005,016000,16 PUNJABI,5,1,4,5,1,4,0,0,0
C0116,09,47,0005,Tehsil - Bikapur 0005,016018, 1 PUNJABI,5,1,4,5,1,4,0,0,0
C0116,09,47,0005,Tehsil - Bikapur 0005,019000,19 SINDHI,1,1,0,1,1,0,0,0,0
C0116,09,47,0005,Tehsil - Bikapur 0005,019013, 1 SINDHI,1,1,0,1,1,0,0,0,0
C0116,09,47,0005,Tehsil - Bikapur 0005,020000,20 TAMIL,1,1,0,1,1,0,0,0,0
C0116,09,47,0005,Tehsil - Bikapur 0005,020020, 1 TAMIL,1,1,0,1,1,0,0,0,0
C0116,09,47,0005,Tehsil - Bikapur 0005,022000,22 URDU,7004,3491,3513,5745,2861,2884,1259,630,629
C0116,09,47,0005,Tehsil - Bikapur 0005,022014, 1 URDU,7004,3491,3513,5745,2861,2884,1259,630,629
C0116,09,47,0005,Tehsil - Bikapur 0005,028000,28 ARABIC/ARBI,4,3,1,4,3,1,0,0,0
C0116,09,47,0005,Tehsil - Bikapur 0005,028001, 1 ARABIC/ARBI,4,3,1,4,3,1,0,0,0
C0116,09,47,0005,Tehsil - Bikapur 0005,040000,40 ENGLISH,1,0,1,1,0,1,0,0,0
C0116,09,47,0005,Tehsil - Bikapur 0005,040001, 1 ENGLISH,1,0,1,1,0,1,0,0,0
C0116,09,47,0005,Tehsil - Bikapur 0005,062000,62 KODA/KORA,2,1,1,2,1,1,0,0,0
C0116,09,47,0005,Tehsil - Bikapur 0005,062003, 1 KODA/KORA,2,1,1,2,1,1,0,0,0
C0116,09,47,0005,Tehsil - Bikapur 0005,072000,72 KURUKH/ORAON,43,21,22,43,21,22,0,0,0
C0116,09,47,0005,Tehsil - Bikapur 0005,072009, 1 KURUKH/ORAON,43,21,22,43,21,22,0,0,0
C0116,09,47,0005,Tehsil - Bikapur 0005,123000,123 OTHERS,65,32,33,65,32,33,0,0,0
C0116,09,48,0000,District - Ambedkar Nagar *  48,002000,2 BENGALI,162,80,82,110,57,53,52,23,29
C0116,09,48,0000,District - Ambedkar Nagar *  48,002004, 1 BENGALI,162,80,82,110,57,53,52,23,29
C0116,09,48,0000,District - Ambedkar Nagar *  48,005000,5 GUJARATI,2,0,2,1,0,1,1,0,1
C0116,09,48,0000,District - Ambedkar Nagar *  48,005011, 1 GUJARATI,2,0,2,1,0,1,1,0,1
C0116,09,48,0000,District - Ambedkar Nagar *  48,006000,6 HINDI,1835445,927172,908273,1751356,883220,868136,84089,43952,40137
C0116,09,48,0000,District - Ambedkar Nagar *  48,006008, 1 AWADHI,522428,264071,258357,512366,258865,253501,10062,5206,4856
C0116,09,48,0000,District - Ambedkar Nagar *  48,006045, 2 BHOJPURI,9105,4571,4534,9096,4567,4529,9,4,5
C0116,09,48,0000,District - Ambedkar Nagar *  48,006060, 3 BUNDELI/BUNDELKHANDI,514,259,255,505,254,251,9,5,4
C0116,09,48,0000,District - Ambedkar Nagar *  48,006072, 4 CHHATTISGARHI,1805,930,875,1805,930,875,0,0,0
C0116,09,48,0000,District - Ambedkar Nagar *  48,006095, 5 GARHWALI,176,91,85,169,89,80,7,2,5
C0116,09,48,0000,District - Ambedkar Nagar *  48,006118, 6 HINDI,1300782,656910,643872,1226811,618189,608622,73971,38721,35250
C0116,09,48,0000,District - Ambedkar Nagar *  48,006148, 7 KHARI BOLI,37,22,15,37,22,15,0,0,0
C0116,09,48,0000,District - Ambedkar Nagar *  48,006162, 8 KUMAUNI,7,4,3,3,2,1,4,2,2
C0116,09,48,0000,District - Ambedkar Nagar *  48,006179, 9 MAGADHI/MAGAHI,30,17,13,30,17,13,0,0,0
C0116,09,48,0000,District - Ambedkar Nagar *  48,006192, 10 MARWARI,16,8,8,0,0,0,16,8,8
C0116,09,48,0000,District - Ambedkar Nagar *  48,006213, 11 PAHARI,4,2,2,4,2,2,0,0,0
C0116,09,48,0000,District - Ambedkar Nagar *  48,006224, 12 PANCH PARGANIA,2,1,1,2,1,1,0,0,0
C0116,09,48,0000,District - Ambedkar Nagar *  48,006242, 13 RAJASTHANI,15,8,7,5,4,1,10,4,6
C0116,09,48,0000,District - Ambedkar Nagar *  48,006251, 14 SADAN/SADRI,38,18,20,38,18,20,0,0,0
C0116,09,48,0000,District - Ambedkar Nagar *  48,006999,6 Others,486,260,226,485,260,225,1,0,1
C0116,09,48,0000,District - Ambedkar Nagar *  48,011000,11 MALAYALAM,25,15,10,1,0,1,24,15,9
C0116,09,48,0000,District - Ambedkar Nagar *  48,011013, 1 MALAYALAM,25,15,10,1,0,1,24,15,9
C0116,09,48,0000,District - Ambedkar Nagar *  48,013000,13 MARATHI,17,8,9,13,5,8,4,3,1
C0116,09,48,0000,District - Ambedkar Nagar *  48,013048, 1 MARATHI,17,8,9,13,5,8,4,3,1
C0116,09,48,0000,District - Ambedkar Nagar *  48,014000,14 NEPALI,261,137,124,250,132,118,11,5,6
C0116,09,48,0000,District - Ambedkar Nagar *  48,014009, 1 NEPALI,261,137,124,250,132,118,11,5,6
C0116,09,48,0000,District - Ambedkar Nagar *  48,015000,15 ORIYA,1314,670,644,1314,670,644,0,0,0
C0116,09,48,0000,District - Ambedkar Nagar *  48,015031, 1 ORIYA,1314,670,644,1314,670,644,0,0,0
C0116,09,48,0000,District - Ambedkar Nagar *  48,016000,16 PUNJABI,419,226,193,108,52,56,311,174,137
C0116,09,48,0000,District - Ambedkar Nagar *  48,016018, 1 PUNJABI,410,222,188,106,52,54,304,170,134
C0116,09,48,0000,District - Ambedkar Nagar *  48,016999,16 Others,9,4,5,2,0,2,7,4,3
C0116,09,48,0000,District - Ambedkar Nagar *  48,017000,17 SANSKRIT,1,1,0,1,1,0,0,0,0
C0116,09,48,0000,District - Ambedkar Nagar *  48,017002, 1 SANSKRIT,1,1,0,1,1,0,0,0,0
C0116,09,48,0000,District - Ambedkar Nagar *  48,018000,18 SANTALI,33,28,5,33,28,5,0,0,0
C0116,09,48,0000,District - Ambedkar Nagar *  48,018013, 1 SANTALI,33,28,5,33,28,5,0,0,0
C0116,09,48,0000,District - Ambedkar Nagar *  48,019000,19 SINDHI,3,3,0,2,2,0,1,1,0
C0116,09,48,0000,District - Ambedkar Nagar *  48,019013, 1 SINDHI,3,3,0,2,2,0,1,1,0
C0116,09,48,0000,District - Ambedkar Nagar *  48,020000,20 TAMIL,154,95,59,144,88,56,10,7,3
C0116,09,48,0000,District - Ambedkar Nagar *  48,020020, 1 TAMIL,154,95,59,144,88,56,10,7,3
C0116,09,48,0000,District - Ambedkar Nagar *  48,021000,21 TELUGU,8,5,3,4,2,2,4,3,1
C0116,09,48,0000,District - Ambedkar Nagar *  48,021035, 1 TELUGU,8,5,3,4,2,2,4,3,1
C0116,09,48,0000,District - Ambedkar Nagar *  48,022000,22 URDU,187353,95676,91677,90790,45762,45028,96563,49914,46649
C0116,09,48,0000,District - Ambedkar Nagar *  48,022014, 1 URDU,187353,95676,91677,90790,45762,45028,96563,49914,46649
C0116,09,48,0000,District - Ambedkar Nagar *  48,023000,23 ADI,2,2,0,2,2,0,0,0,0
C0116,09,48,0000,District - Ambedkar Nagar *  48,023999,23 Others,2,2,0,2,2,0,0,0,0
C0116,09,48,0000,District - Ambedkar Nagar *  48,028000,28 ARABIC/ARBI,1531,764,767,1521,758,763,10,6,4
C0116,09,48,0000,District - Ambedkar Nagar *  48,028001, 1 ARABIC/ARBI,1531,764,767,1521,758,763,10,6,4
C0116,09,48,0000,District - Ambedkar Nagar *  48,040000,40 ENGLISH,31,10,21,18,6,12,13,4,9
C0116,09,48,0000,District - Ambedkar Nagar *  48,040001, 1 ENGLISH,31,10,21,18,6,12,13,4,9
C0116,09,48,0000,District - Ambedkar Nagar *  48,072000,72 KURUKH/ORAON,17,8,9,17,8,9,0,0,0
C0116,09,48,0000,District - Ambedkar Nagar *  48,072009, 1 KURUKH/ORAON,17,8,9,17,8,9,0,0,0
C0116,09,48,0000,District - Ambedkar Nagar *  48,090000,90 MUNDA,11,7,4,11,7,4,0,0,0
C0116,09,48,0000,District - Ambedkar Nagar *  48,090006, 1 MUNDA,11,7,4,11,7,4,0,0,0
C0116,09,48,0000,District - Ambedkar Nagar *  48,091000,91 MUNDARI,4,1,3,4,1,3,0,0,0
C0116,09,48,0000,District - Ambedkar Nagar *  48,091004, 1 MUNDARI,4,1,3,4,1,3,0,0,0
C0116,09,48,0000,District - Ambedkar Nagar *  48,123000,123 OTHERS,83,45,38,83,45,38,0,0,0
C0116,09,48,0001,Tehsil - Tanda 0001,002000,2 BENGALI,72,28,44,32,12,20,40,16,24
C0116,09,48,0001,Tehsil - Tanda 0001,002004, 1 BENGALI,72,28,44,32,12,20,40,16,24
C0116,09,48,0001,Tehsil - Tanda 0001,005000,5 GUJARATI,1,0,1,0,0,0,1,0,1
C0116,09,48,0001,Tehsil - Tanda 0001,005011, 1 GUJARATI,1,0,1,0,0,0,1,0,1
C0116,09,48,0001,Tehsil - Tanda 0001,006000,6 HINDI,399123,204162,194961,349644,178282,171362,49479,25880,23599
C0116,09,48,0001,Tehsil - Tanda 0001,006008, 1 AWADHI,115193,58435,56758,106716,54060,52656,8477,4375,4102
C0116,09,48,0001,Tehsil - Tanda 0001,006045, 2 BHOJPURI,1052,527,525,1046,523,523,6,4,2
C0116,09,48,0001,Tehsil - Tanda 0001,006060, 3 BUNDELI/BUNDELKHANDI,18,10,8,17,9,8,1,1,0
C0116,09,48,0001,Tehsil - Tanda 0001,006072, 4 CHHATTISGARHI,743,380,363,743,380,363,0,0,0
C0116,09,48,0001,Tehsil - Tanda 0001,006095, 5 GARHWALI,28,15,13,22,13,9,6,2,4
C0116,09,48,0001,Tehsil - Tanda 0001,006118, 6 HINDI,281900,144696,137204,240922,123202,117720,40978,21494,19484
C0116,09,48,0001,Tehsil - Tanda 0001,006148, 7 KHARI BOLI,15,11,4,15,11,4,0,0,0
C0116,09,48,0001,Tehsil - Tanda 0001,006213, 8 PAHARI,4,2,2,4,2,2,0,0,0
C0116,09,48,0001,Tehsil - Tanda 0001,006242, 9 RAJASTHANI,10,4,6,0,0,0,10,4,6
C0116,09,48,0001,Tehsil - Tanda 0001,006251, 10 SADAN/SADRI,38,18,20,38,18,20,0,0,0
C0116,09,48,0001,Tehsil - Tanda 0001,006999,6 Others,122,64,58,121,64,57,1,0,1
C0116,09,48,0001,Tehsil - Tanda 0001,011000,11 MALAYALAM,18,11,7,0,0,0,18,11,7
C0116,09,48,0001,Tehsil - Tanda 0001,011013, 1 MALAYALAM,18,11,7,0,0,0,18,11,7
C0116,09,48,0001,Tehsil - Tanda 0001,013000,13 MARATHI,3,0,3,3,0,3,0,0,0
C0116,09,48,0001,Tehsil - Tanda 0001,013048, 1 MARATHI,3,0,3,3,0,3,0,0,0
C0116,09,48,0001,Tehsil - Tanda 0001,014000,14 NEPALI,64,37,27,59,35,24,5,2,3
C0116,09,48,0001,Tehsil - Tanda 0001,014009, 1 NEPALI,64,37,27,59,35,24,5,2,3
C0116,09,48,0001,Tehsil - Tanda 0001,015000,15 ORIYA,494,265,229,494,265,229,0,0,0
C0116,09,48,0001,Tehsil - Tanda 0001,015031, 1 ORIYA,494,265,229,494,265,229,0,0,0
C0116,09,48,0001,Tehsil - Tanda 0001,016000,16 PUNJABI,317,181,136,20,14,6,297,167,130
C0116,09,48,0001,Tehsil - Tanda 0001,016018, 1 PUNJABI,310,177,133,20,14,6,290,163,127
C0116,09,48,0001,Tehsil - Tanda 0001,016999,16 Others,7,4,3,0,0,0,7,4,3
C0116,09,48,0001,Tehsil - Tanda 0001,017000,17 SANSKRIT,1,1,0,1,1,0,0,0,0
C0116,09,48,0001,Tehsil - Tanda 0001,017002, 1 SANSKRIT,1,1,0,1,1,0,0,0,0
C0116,09,48,0001,Tehsil - Tanda 0001,018000,18 SANTALI,33,28,5,33,28,5,0,0,0
C0116,09,48,0001,Tehsil - Tanda 0001,018013, 1 SANTALI,33,28,5,33,28,5,0,0,0
C0116,09,48,0001,Tehsil - Tanda 0001,019000,19 SINDHI,1,1,0,1,1,0,0,0,0
C0116,09,48,0001,Tehsil - Tanda 0001,019013, 1 SINDHI,1,1,0,1,1,0,0,0,0
C0116,09,48,0001,Tehsil - Tanda 0001,020000,20 TAMIL,151,92,59,142,86,56,9,6,3
C0116,09,48,0001,Tehsil - Tanda 0001,020020, 1 TAMIL,151,92,59,142,86,56,9,6,3
C0116,09,48,0001,Tehsil - Tanda 0001,021000,21 TELUGU,8,5,3,4,2,2,4,3,1
C0116,09,48,0001,Tehsil - Tanda 0001,021035, 1 TELUGU,8,5,3,4,2,2,4,3,1
C0116,09,48,0001,Tehsil - Tanda 0001,022000,22 URDU,112710,58004,54706,45025,22810,22215,67685,35194,32491
C0116,09,48,0001,Tehsil - Tanda 0001,022014, 1 URDU,112710,58004,54706,45025,22810,22215,67685,35194,32491
C0116,09,48,0001,Tehsil - Tanda 0001,023000,23 ADI,2,2,0,2,2,0,0,0,0
C0116,09,48,0001,Tehsil - Tanda 0001,023999,23 Others,2,2,0,2,2,0,0,0,0
C0116,09,48,0001,Tehsil - Tanda 0001,028000,28 ARABIC/ARBI,31,20,11,21,14,7,10,6,4
C0116,09,48,0001,Tehsil - Tanda 0001,028001, 1 ARABIC/ARBI,31,20,11,21,14,7,10,6,4
C0116,09,48,0001,Tehsil - Tanda 0001,040000,40 ENGLISH,3,1,2,0,0,0,3,1,2
C0116,09,48,0001,Tehsil - Tanda 0001,040001, 1 ENGLISH,3,1,2,0,0,0,3,1,2
C0116,09,48,0001,Tehsil - Tanda 0001,090000,90 MUNDA,11,7,4,11,7,4,0,0,0
C0116,09,48,0001,Tehsil - Tanda 0001,090006, 1 MUNDA,11,7,4,11,7,4,0,0,0
C0116,09,48,0001,Tehsil - Tanda 0001,123000,123 OTHERS,13,9,4,13,9,4,0,0,0
C0116,09,48,0002,Tehsil - Allapur ** 0002,002000,2 BENGALI,26,12,14,26,12,14,0,0,0
C0116,09,48,0002,Tehsil - Allapur ** 0002,002004, 1 BENGALI,26,12,14,26,12,14,0,0,0
C0116,09,48,0002,Tehsil - Allapur ** 0002,006000,6 HINDI,361596,179321,182275,361596,179321,182275,0,0,0
C0116,09,48,0002,Tehsil - Allapur ** 0002,006008, 1 AWADHI,70700,34913,35787,70700,34913,35787,0,0,0
C0116,09,48,0002,Tehsil - Allapur ** 0002,006045, 2 BHOJPURI,6586,3290,3296,6586,3290,3296,0,0,0
C0116,09,48,0002,Tehsil - Allapur ** 0002,006060, 3 BUNDELI/BUNDELKHANDI,98,48,50,98,48,50,0,0,0
C0116,09,48,0002,Tehsil - Allapur ** 0002,006072, 4 CHHATTISGARHI,151,77,74,151,77,74,0,0,0
C0116,09,48,0002,Tehsil - Allapur ** 0002,006095, 5 GARHWALI,15,3,12,15,3,12,0,0,0
C0116,09,48,0002,Tehsil - Allapur ** 0002,006118, 6 HINDI,284009,140968,143041,284009,140968,143041,0,0,0
C0116,09,48,0002,Tehsil - Allapur ** 0002,006179, 7 MAGADHI/MAGAHI,30,17,13,30,17,13,0,0,0
C0116,09,48,0002,Tehsil - Allapur ** 0002,006224, 8 PANCH PARGANIA,2,1,1,2,1,1,0,0,0
C0116,09,48,0002,Tehsil - Allapur ** 0002,006242, 9 RAJASTHANI,5,4,1,5,4,1,0,0,0
C0116,09,48,0002,Tehsil - Allapur ** 0002,013000,13 MARATHI,3,2,1,3,2,1,0,0,0
C0116,09,48,0002,Tehsil - Allapur ** 0002,013048, 1 MARATHI,3,2,1,3,2,1,0,0,0
C0116,09,48,0002,Tehsil - Allapur ** 0002,014000,14 NEPALI,123,62,61,123,62,61,0,0,0
C0116,09,48,0002,Tehsil - Allapur ** 0002,014009, 1 NEPALI,123,62,61,123,62,61,0,0,0
C0116,09,48,0002,Tehsil - Allapur ** 0002,015000,15 ORIYA,195,91,104,195,91,104,0,0,0
C0116,09,48,0002,Tehsil - Allapur ** 0002,015031, 1 ORIYA,195,91,104,195,91,104,0,0,0
C0116,09,48,0002,Tehsil - Allapur ** 0002,022000,22 URDU,14819,7538,7281,14819,7538,7281,0,0,0
C0116,09,48,0002,Tehsil - Allapur ** 0002,022014, 1 URDU,14819,7538,7281,14819,7538,7281,0,0,0
C0116,09,48,0002,Tehsil - Allapur ** 0002,028000,28 ARABIC/ARBI,1409,691,718,1409,691,718,0,0,0
C0116,09,48,0002,Tehsil - Allapur ** 0002,028001, 1 ARABIC/ARBI,1409,691,718,1409,691,718,0,0,0
C0116,09,48,0002,Tehsil - Allapur ** 0002,040000,40 ENGLISH,1,0,1,1,0,1,0,0,0
C0116,09,48,0002,Tehsil - Allapur ** 0002,040001, 1 ENGLISH,1,0,1,1,0,1,0,0,0
C0116,09,48,0002,Tehsil - Allapur ** 0002,091000,91 MUNDARI,4,1,3,4,1,3,0,0,0
C0116,09,48,0002,Tehsil - Allapur ** 0002,091004, 1 MUNDARI,4,1,3,4,1,3,0,0,0
C0116,09,48,0002,Tehsil - Allapur ** 0002,123000,123 OTHERS,54,30,24,54,30,24,0,0,0
C0116,09,48,0003,Tehsil - Jalalpur 0003,002000,2 BENGALI,18,15,3,16,13,3,2,2,0
C0116,09,48,0003,Tehsil - Jalalpur 0003,002004, 1 BENGALI,18,15,3,16,13,3,2,2,0
C0116,09,48,0003,Tehsil - Jalalpur 0003,006000,6 HINDI,420484,211286,209198,411465,206649,204816,9019,4637,4382
C0116,09,48,0003,Tehsil - Jalalpur 0003,006008, 1 AWADHI,20253,10267,9986,20253,10267,9986,0,0,0
C0116,09,48,0003,Tehsil - Jalalpur 0003,006045, 2 BHOJPURI,828,413,415,827,413,414,1,0,1
C0116,09,48,0003,Tehsil - Jalalpur 0003,006060, 3 BUNDELI/BUNDELKHANDI,106,54,52,104,53,51,2,1,1
C0116,09,48,0003,Tehsil - Jalalpur 0003,006072, 4 CHHATTISGARHI,239,124,115,239,124,115,0,0,0
C0116,09,48,0003,Tehsil - Jalalpur 0003,006095, 5 GARHWALI,18,7,11,18,7,11,0,0,0
C0116,09,48,0003,Tehsil - Jalalpur 0003,006118, 6 HINDI,398984,200395,198589,389968,195759,194209,9016,4636,4380
C0116,09,48,0003,Tehsil - Jalalpur 0003,006148, 7 KHARI BOLI,22,11,11,22,11,11,0,0,0
C0116,09,48,0003,Tehsil - Jalalpur 0003,006999,6 Others,34,15,19,34,15,19,0,0,0
C0116,09,48,0003,Tehsil - Jalalpur 0003,013000,13 MARATHI,1,1,0,1,1,0,0,0,0
C0116,09,48,0003,Tehsil - Jalalpur 0003,013048, 1 MARATHI,1,1,0,1,1,0,0,0,0
C0116,09,48,0003,Tehsil - Jalalpur 0003,014000,14 NEPALI,27,19,8,25,18,7,2,1,1
C0116,09,48,0003,Tehsil - Jalalpur 0003,014009, 1 NEPALI,27,19,8,25,18,7,2,1,1
C0116,09,48,0003,Tehsil - Jalalpur 0003,015000,15 ORIYA,103,49,54,103,49,54,0,0,0
C0116,09,48,0003,Tehsil - Jalalpur 0003,015031, 1 ORIYA,103,49,54,103,49,54,0,0,0
C0116,09,48,0003,Tehsil - Jalalpur 0003,022000,22 URDU,39586,20066,19520,18973,9580,9393,20613,10486,10127
C0116,09,48,0003,Tehsil - Jalalpur 0003,022014, 1 URDU,39586,20066,19520,18973,9580,9393,20613,10486,10127
C0116,09,48,0003,Tehsil - Jalalpur 0003,028000,28 ARABIC/ARBI,1,1,0,1,1,0,0,0,0
C0116,09,48,0003,Tehsil - Jalalpur 0003,028001, 1 ARABIC/ARBI,1,1,0,1,1,0,0,0,0
C0116,09,48,0003,Tehsil - Jalalpur 0003,040000,40 ENGLISH,11,6,5,11,6,5,0,0,0
C0116,09,48,0003,Tehsil - Jalalpur 0003,040001, 1 ENGLISH,11,6,5,11,6,5,0,0,0
C0116,09,48,0003,Tehsil - Jalalpur 0003,123000,123 OTHERS,14,4,10,14,4,10,0,0,0
C0116,09,48,0004,Tehsil - Akbarpur 0004,002000,2 BENGALI,46,25,21,36,20,16,10,5,5
C0116,09,48,0004,Tehsil - Akbarpur 0004,002004, 1 BENGALI,46,25,21,36,20,16,10,5,5
C0116,09,48,0004,Tehsil - Akbarpur 0004,005000,5 GUJARATI,1,0,1,1,0,1,0,0,0
C0116,09,48,0004,Tehsil - Akbarpur 0004,005011, 1 GUJARATI,1,0,1,1,0,1,0,0,0
C0116,09,48,0004,Tehsil - Akbarpur 0004,006000,6 HINDI,654242,332403,321839,628651,318968,309683,25591,13435,12156
C0116,09,48,0004,Tehsil - Akbarpur 0004,006008, 1 AWADHI,316282,160456,155826,314697,159625,155072,1585,831,754
C0116,09,48,0004,Tehsil - Akbarpur 0004,006045, 2 BHOJPURI,639,341,298,637,341,296,2,0,2
C0116,09,48,0004,Tehsil - Akbarpur 0004,006060, 3 BUNDELI/BUNDELKHANDI,292,147,145,286,144,142,6,3,3
C0116,09,48,0004,Tehsil - Akbarpur 0004,006072, 4 CHHATTISGARHI,672,349,323,672,349,323,0,0,0
C0116,09,48,0004,Tehsil - Akbarpur 0004,006095, 5 GARHWALI,115,66,49,114,66,48,1,0,1
C0116,09,48,0004,Tehsil - Akbarpur 0004,006118, 6 HINDI,335889,170851,165038,311912,158260,153652,23977,12591,11386
C0116,09,48,0004,Tehsil - Akbarpur 0004,006162, 7 KUMAUNI,7,4,3,3,2,1,4,2,2
C0116,09,48,0004,Tehsil - Akbarpur 0004,006192, 8 MARWARI,16,8,8,0,0,0,16,8,8
C0116,09,48,0004,Tehsil - Akbarpur 0004,006999,6 Others,330,181,149,330,181,149,0,0,0
C0116,09,48,0004,Tehsil - Akbarpur 0004,011000,11 MALAYALAM,7,4,3,1,0,1,6,4,2
C0116,09,48,0004,Tehsil - Akbarpur 0004,011013, 1 MALAYALAM,7,4,3,1,0,1,6,4,2
C0116,09,48,0004,Tehsil - Akbarpur 0004,013000,13 MARATHI,10,5,5,6,2,4,4,3,1
C0116,09,48,0004,Tehsil - Akbarpur 0004,013048, 1 MARATHI,10,5,5,6,2,4,4,3,1
C0116,09,48,0004,Tehsil - Akbarpur 0004,014000,14 NEPALI,47,19,28,43,17,26,4,2,2
C0116,09,48,0004,Tehsil - Akbarpur 0004,014009, 1 NEPALI,47,19,28,43,17,26,4,2,2
C0116,09,48,0004,Tehsil - Akbarpur 0004,015000,15 ORIYA,522,265,257,522,265,257,0,0,0
C0116,09,48,0004,Tehsil - Akbarpur 0004,015031, 1 ORIYA,522,265,257,522,265,257,0,0,0
C0116,09,48,0004,Tehsil - Akbarpur 0004,016000,16 PUNJABI,102,45,57,88,38,50,14,7,7
C0116,09,48,0004,Tehsil - Akbarpur 0004,016018, 1 PUNJABI,100,45,55,86,38,48,14,7,7
C0116,09,48,0004,Tehsil - Akbarpur 0004,016999,16 Others,2,0,2,2,0,2,0,0,0
C0116,09,48,0004,Tehsil - Akbarpur 0004,019000,19 SINDHI,2,2,0,1,1,0,1,1,0
C0116,09,48,0004,Tehsil - Akbarpur 0004,019013, 1 SINDHI,2,2,0,1,1,0,1,1,0
C0116,09,48,0004,Tehsil - Akbarpur 0004,020000,20 TAMIL,3,3,0,2,2,0,1,1,0
C0116,09,48,0004,Tehsil - Akbarpur 0004,020020, 1 TAMIL,3,3,0,2,2,0,1,1,0
C0116,09,48,0004,Tehsil - Akbarpur 0004,022000,22 URDU,20238,10068,10170,11973,5834,6139,8265,4234,4031
C0116,09,48,0004,Tehsil - Akbarpur 0004,022014, 1 URDU,20238,10068,10170,11973,5834,6139,8265,4234,4031
C0116,09,48,0004,Tehsil - Akbarpur 0004,028000,28 ARABIC/ARBI,90,52,38,90,52,38,0,0,0
C0116,09,48,0004,Tehsil - Akbarpur 0004,028001, 1 ARABIC/ARBI,90,52,38,90,52,38,0,0,0
C0116,09,48,0004,Tehsil - Akbarpur 0004,040000,40 ENGLISH,16,3,13,6,0,6,10,3,7
C0116,09,48,0004,Tehsil - Akbarpur 0004,040001, 1 ENGLISH,16,3,13,6,0,6,10,3,7
C0116,09,48,0004,Tehsil - Akbarpur 0004,072000,72 KURUKH/ORAON,17,8,9,17,8,9,0,0,0
C0116,09,48,0004,Tehsil - Akbarpur 0004,072009, 1 KURUKH/ORAON,17,8,9,17,8,9,0,0,0
C0116,09,48,0004,Tehsil - Akbarpur 0004,123000,123 OTHERS,2,2,0,2,2,0,0,0,0
C0116,09,49,0000,District - Sultanpur  49,001000,1 ASSAMESE,36,15,21,1,0,1,35,15,20
C0116,09,49,0000,District - Sultanpur  49,001002, 1 ASSAMESE,36,15,21,1,0,1,35,15,20
C0116,09,49,0000,District - Sultanpur  49,002000,2 BENGALI,450,222,228,332,156,176,118,66,52
C0116,09,49,0000,District - Sultanpur  49,002004, 1 BENGALI,449,221,228,331,155,176,118,66,52
C0116,09,49,0000,District - Sultanpur  49,002999,2 Others,1,1,0,1,1,0,0,0,0
C0116,09,49,0000,District - Sultanpur  49,004000,4 DOGRI,4,1,3,0,0,0,4,1,3
C0116,09,49,0000,District - Sultanpur  49,004001, 1 DOGRI,4,1,3,0,0,0,4,1,3
C0116,09,49,0000,District - Sultanpur  49,005000,5 GUJARATI,2,1,1,2,1,1,0,0,0
C0116,09,49,0000,District - Sultanpur  49,005011, 1 GUJARATI,2,1,1,2,1,1,0,0,0
C0116,09,49,0000,District - Sultanpur  49,006000,6 HINDI,3056053,1543634,1512419,2929872,1476788,1453084,126181,66846,59335
C0116,09,49,0000,District - Sultanpur  49,006008, 1 AWADHI,69161,34568,34593,60914,30350,30564,8247,4218,4029
C0116,09,49,0000,District - Sultanpur  49,006045, 2 BHOJPURI,660,334,326,603,303,300,57,31,26
C0116,09,49,0000,District - Sultanpur  49,006060, 3 BUNDELI/BUNDELKHANDI,156,73,83,121,56,65,35,17,18
C0116,09,49,0000,District - Sultanpur  49,006072, 4 CHHATTISGARHI,4306,2217,2089,4306,2217,2089,0,0,0
C0116,09,49,0000,District - Sultanpur  49,006095, 5 GARHWALI,27,16,11,16,11,5,11,5,6
C0116,09,49,0000,District - Sultanpur  49,006118, 6 HINDI,2981430,1506274,1475156,2863603,1443703,1419900,117827,62571,55256
C0116,09,49,0000,District - Sultanpur  49,006127, 7 JAUNSARI,6,2,4,6,2,4,0,0,0
C0116,09,49,0000,District - Sultanpur  49,006162, 8 KUMAUNI,1,1,0,0,0,0,1,1,0
C0116,09,49,0000,District - Sultanpur  49,006179, 9 MAGADHI/MAGAHI,7,3,4,7,3,4,0,0,0
C0116,09,49,0000,District - Sultanpur  49,006192, 10 MARWARI,2,0,2,2,0,2,0,0,0
C0116,09,49,0000,District - Sultanpur  49,006195, 11 MEWARI,2,2,0,0,0,0,2,2,0
C0116,09,49,0000,District - Sultanpur  49,006242, 12 RAJASTHANI,2,2,0,2,2,0,0,0,0
C0116,09,49,0000,District - Sultanpur  49,006999,6 Others,293,142,151,292,141,151,1,1,0
C0116,09,49,0000,District - Sultanpur  49,007000,7 KANNADA,5,3,2,4,2,2,1,1,0
C0116,09,49,0000,District - Sultanpur  49,007013, 1 KANNADA,5,3,2,4,2,2,1,1,0
C0116,09,49,0000,District - Sultanpur  49,009000,9 KONKANI,8,6,2,6,5,1,2,1,1
C0116,09,49,0000,District - Sultanpur  49,009010, 1 KONKANI,5,4,1,3,3,0,2,1,1
C0116,09,49,0000,District - Sultanpur  49,009011, 2 KUDUBI/KUDUMBI,3,2,1,3,2,1,0,0,0
C0116,09,49,0000,District - Sultanpur  49,010000,10 MAITHILI,15,8,7,15,8,7,0,0,0
C0116,09,49,0000,District - Sultanpur  49,010006, 1 MAITHILI,15,8,7,15,8,7,0,0,0
C0116,09,49,0000,District - Sultanpur  49,011000,11 MALAYALAM,140,61,79,90,39,51,50,22,28
C0116,09,49,0000,District - Sultanpur  49,011013, 1 MALAYALAM,140,61,79,90,39,51,50,22,28
C0116,09,49,0000,District - Sultanpur  49,013000,13 MARATHI,49,24,25,18,7,11,31,17,14
C0116,09,49,0000,District - Sultanpur  49,013048, 1 MARATHI,49,24,25,18,7,11,31,17,14
C0116,09,49,0000,District - Sultanpur  49,014000,14 NEPALI,283,141,142,262,135,127,21,6,15
C0116,09,49,0000,District - Sultanpur  49,014009, 1 NEPALI,274,137,137,253,131,122,21,6,15
C0116,09,49,0000,District - Sultanpur  49,014999,14 Others,9,4,5,9,4,5,0,0,0
C0116,09,49,0000,District - Sultanpur  49,015000,15 ORIYA,942,497,445,936,493,443,6,4,2
C0116,09,49,0000,District - Sultanpur  49,015031, 1 ORIYA,942,497,445,936,493,443,6,4,2
C0116,09,49,0000,District - Sultanpur  49,016000,16 PUNJABI,1212,612,600,159,71,88,1053,541,512
C0116,09,49,0000,District - Sultanpur  49,016018, 1 PUNJABI,1187,600,587,149,66,83,1038,534,504
C0116,09,49,0000,District - Sultanpur  49,016999,16 Others,25,12,13,10,5,5,15,7,8
C0116,09,49,0000,District - Sultanpur  49,017000,17 SANSKRIT,175,100,75,157,94,63,18,6,12
C0116,09,49,0000,District - Sultanpur  49,017002, 1 SANSKRIT,175,100,75,157,94,63,18,6,12
C0116,09,49,0000,District - Sultanpur  49,018000,18 SANTALI,1,1,0,1,1,0,0,0,0
C0116,09,49,0000,District - Sultanpur  49,018013, 1 SANTALI,1,1,0,1,1,0,0,0,0
C0116,09,49,0000,District - Sultanpur  49,019000,19 SINDHI,204,99,105,189,92,97,15,7,8
C0116,09,49,0000,District - Sultanpur  49,019013, 1 SINDHI,204,99,105,189,92,97,15,7,8
C0116,09,49,0000,District - Sultanpur  49,020000,20 TAMIL,23,11,12,13,6,7,10,5,5
C0116,09,49,0000,District - Sultanpur  49,020020, 1 TAMIL,23,11,12,13,6,7,10,5,5
C0116,09,49,0000,District - Sultanpur  49,021000,21 TELUGU,30,18,12,12,8,4,18,10,8
C0116,09,49,0000,District - Sultanpur  49,021035, 1 TELUGU,30,18,12,12,8,4,18,10,8
C0116,09,49,0000,District - Sultanpur  49,022000,22 URDU,154735,78138,76597,130142,65272,64870,24593,12866,11727
C0116,09,49,0000,District - Sultanpur  49,022014, 1 URDU,154735,78138,76597,130142,65272,64870,24593,12866,11727
C0116,09,49,0000,District - Sultanpur  49,028000,28 ARABIC/ARBI,98,42,56,98,42,56,0,0,0
C0116,09,49,0000,District - Sultanpur  49,028001, 1 ARABIC/ARBI,98,42,56,98,42,56,0,0,0
C0116,09,49,0000,District - Sultanpur  49,040000,40 ENGLISH,272,145,127,174,93,81,98,52,46
C0116,09,49,0000,District - Sultanpur  49,040001, 1 ENGLISH,272,145,127,174,93,81,98,52,46
C0116,09,49,0000,District - Sultanpur  49,062000,62 KODA/KORA,1,0,1,1,0,1,0,0,0
C0116,09,49,0000,District - Sultanpur  49,062003, 1 KODA/KORA,1,0,1,1,0,1,0,0,0
C0116,09,49,0000,District - Sultanpur  49,072000,72 KURUKH/ORAON,51,24,27,51,24,27,0,0,0
C0116,09,49,0000,District - Sultanpur  49,072009, 1 KURUKH/ORAON,5,3,2,5,3,2,0,0,0
C0116,09,49,0000,District - Sultanpur  49,072999,72 Others,46,21,25,46,21,25,0,0,0
C0116,09,49,0000,District - Sultanpur  49,093000,93 NISSI/DAFLA,4,1,3,4,1,3,0,0,0
C0116,09,49,0000,District - Sultanpur  49,093001, 1 APATANI,4,1,3,4,1,3,0,0,0
C0116,09,49,0000,District - Sultanpur  49,123000,123 OTHERS,39,15,24,35,13,22,4,2,2
C0116,09,49,0001,Tehsil - Musafirkhana 0001,001000,1 ASSAMESE,1,0,1,1,0,1,0,0,0
C0116,09,49,0001,Tehsil - Musafirkhana 0001,001002, 1 ASSAMESE,1,0,1,1,0,1,0,0,0
C0116,09,49,0001,Tehsil - Musafirkhana 0001,002000,2 BENGALI,136,65,71,132,64,68,4,1,3
C0116,09,49,0001,Tehsil - Musafirkhana 0001,002004, 1 BENGALI,135,64,71,131,63,68,4,1,3
C0116,09,49,0001,Tehsil - Musafirkhana 0001,002999,2 Others,1,1,0,1,1,0,0,0,0
C0116,09,49,0001,Tehsil - Musafirkhana 0001,005000,5 GUJARATI,2,1,1,2,1,1,0,0,0
C0116,09,49,0001,Tehsil - Musafirkhana 0001,005011, 1 GUJARATI,2,1,1,2,1,1,0,0,0
C0116,09,49,0001,Tehsil - Musafirkhana 0001,006000,6 HINDI,566918,288471,278447,559959,284775,275184,6959,3696,3263
C0116,09,49,0001,Tehsil - Musafirkhana 0001,006008, 1 AWADHI,2669,1367,1302,2669,1367,1302,0,0,0
C0116,09,49,0001,Tehsil - Musafirkhana 0001,006045, 2 BHOJPURI,7,3,4,7,3,4,0,0,0
C0116,09,49,0001,Tehsil - Musafirkhana 0001,006060, 3 BUNDELI/BUNDELKHANDI,35,18,17,33,16,17,2,2,0
C0116,09,49,0001,Tehsil - Musafirkhana 0001,006072, 4 CHHATTISGARHI,1176,584,592,1176,584,592,0,0,0
C0116,09,49,0001,Tehsil - Musafirkhana 0001,006095, 5 GARHWALI,8,6,2,8,6,2,0,0,0
C0116,09,49,0001,Tehsil - Musafirkhana 0001,006118, 6 HINDI,562845,286405,276440,555888,282711,273177,6957,3694,3263
C0116,09,49,0001,Tehsil - Musafirkhana 0001,006127, 7 JAUNSARI,2,1,1,2,1,1,0,0,0
C0116,09,49,0001,Tehsil - Musafirkhana 0001,006179, 8 MAGADHI/MAGAHI,7,3,4,7,3,4,0,0,0
C0116,09,49,0001,Tehsil - Musafirkhana 0001,006192, 9 MARWARI,1,0,1,1,0,1,0,0,0
C0116,09,49,0001,Tehsil - Musafirkhana 0001,006242, 10 RAJASTHANI,2,2,0,2,2,0,0,0,0
C0116,09,49,0001,Tehsil - Musafirkhana 0001,006999,6 Others,166,82,84,166,82,84,0,0,0
C0116,09,49,0001,Tehsil - Musafirkhana 0001,007000,7 KANNADA,4,2,2,4,2,2,0,0,0
C0116,09,49,0001,Tehsil - Musafirkhana 0001,007013, 1 KANNADA,4,2,2,4,2,2,0,0,0
C0116,09,49,0001,Tehsil - Musafirkhana 0001,009000,9 KONKANI,5,4,1,5,4,1,0,0,0
C0116,09,49,0001,Tehsil - Musafirkhana 0001,009010, 1 KONKANI,2,2,0,2,2,0,0,0,0
C0116,09,49,0001,Tehsil - Musafirkhana 0001,009011, 2 KUDUBI/KUDUMBI,3,2,1,3,2,1,0,0,0
C0116,09,49,0001,Tehsil - Musafirkhana 0001,010000,10 MAITHILI,5,3,2,5,3,2,0,0,0
C0116,09,49,0001,Tehsil - Musafirkhana 0001,010006, 1 MAITHILI,5,3,2,5,3,2,0,0,0
C0116,09,49,0001,Tehsil - Musafirkhana 0001,011000,11 MALAYALAM,70,33,37,70,33,37,0,0,0
C0116,09,49,0001,Tehsil - Musafirkhana 0001,011013, 1 MALAYALAM,70,33,37,70,33,37,0,0,0
C0116,09,49,0001,Tehsil - Musafirkhana 0001,013000,13 MARATHI,16,9,7,11,6,5,5,3,2
C0116,09,49,0001,Tehsil - Musafirkhana 0001,013048, 1 MARATHI,16,9,7,11,6,5,5,3,2
C0116,09,49,0001,Tehsil - Musafirkhana 0001,014000,14 NEPALI,32,16,16,30,15,15,2,1,1
C0116,09,49,0001,Tehsil - Musafirkhana 0001,014009, 1 NEPALI,23,12,11,21,11,10,2,1,1
C0116,09,49,0001,Tehsil - Musafirkhana 0001,014999,14 Others,9,4,5,9,4,5,0,0,0
C0116,09,49,0001,Tehsil - Musafirkhana 0001,015000,15 ORIYA,21,9,12,21,9,12,0,0,0
C0116,09,49,0001,Tehsil - Musafirkhana 0001,015031, 1 ORIYA,21,9,12,21,9,12,0,0,0
C0116,09,49,0001,Tehsil - Musafirkhana 0001,016000,16 PUNJABI,64,33,31,62,31,31,2,2,0
C0116,09,49,0001,Tehsil - Musafirkhana 0001,016018, 1 PUNJABI,64,33,31,62,31,31,2,2,0
C0116,09,49,0001,Tehsil - Musafirkhana 0001,017000,17 SANSKRIT,137,80,57,137,80,57,0,0,0
C0116,09,49,0001,Tehsil - Musafirkhana 0001,017002, 1 SANSKRIT,137,80,57,137,80,57,0,0,0
C0116,09,49,0001,Tehsil - Musafirkhana 0001,019000,19 SINDHI,5,3,2,5,3,2,0,0,0
C0116,09,49,0001,Tehsil - Musafirkhana 0001,019013, 1 SINDHI,5,3,2,5,3,2,0,0,0
C0116,09,49,0001,Tehsil - Musafirkhana 0001,020000,20 TAMIL,13,6,7,13,6,7,0,0,0
C0116,09,49,0001,Tehsil - Musafirkhana 0001,020020, 1 TAMIL,13,6,7,13,6,7,0,0,0
C0116,09,49,0001,Tehsil - Musafirkhana 0001,021000,21 TELUGU,12,8,4,12,8,4,0,0,0
C0116,09,49,0001,Tehsil - Musafirkhana 0001,021035, 1 TELUGU,12,8,4,12,8,4,0,0,0
C0116,09,49,0001,Tehsil - Musafirkhana 0001,022000,22 URDU,29827,14720,15107,29433,14514,14919,394,206,188
C0116,09,49,0001,Tehsil - Musafirkhana 0001,022014, 1 URDU,29827,14720,15107,29433,14514,14919,394,206,188
C0116,09,49,0001,Tehsil - Musafirkhana 0001,028000,28 ARABIC/ARBI,13,5,8,13,5,8,0,0,0
C0116,09,49,0001,Tehsil - Musafirkhana 0001,028001, 1 ARABIC/ARBI,13,5,8,13,5,8,0,0,0
C0116,09,49,0001,Tehsil - Musafirkhana 0001,062000,62 KODA/KORA,1,0,1,1,0,1,0,0,0
C0116,09,49,0001,Tehsil - Musafirkhana 0001,062003, 1 KODA/KORA,1,0,1,1,0,1,0,0,0
C0116,09,49,0001,Tehsil - Musafirkhana 0001,072000,72 KURUKH/ORAON,7,5,2,7,5,2,0,0,0
C0116,09,49,0001,Tehsil - Musafirkhana 0001,072009, 1 KURUKH/ORAON,1,1,0,1,1,0,0,0,0
C0116,09,49,0001,Tehsil - Musafirkhana 0001,072999,72 Others,6,4,2,6,4,2,0,0,0
C0116,09,49,0001,Tehsil - Musafirkhana 0001,123000,123 OTHERS,12,4,8,12,4,8,0,0,0
C0116,09,49,0002,Tehsil - Gauriganj 0002,002000,2 BENGALI,6,4,2,6,4,2,0,0,0
C0116,09,49,0002,Tehsil - Gauriganj 0002,002004, 1 BENGALI,6,4,2,6,4,2,0,0,0
C0116,09,49,0002,Tehsil - Gauriganj 0002,006000,6 HINDI,324023,163913,160110,324023,163913,160110,0,0,0
C0116,09,49,0002,Tehsil - Gauriganj 0002,006008, 1 AWADHI,1340,675,665,1340,675,665,0,0,0
C0116,09,49,0002,Tehsil - Gauriganj 0002,006045, 2 BHOJPURI,1,0,1,1,0,1,0,0,0
C0116,09,49,0002,Tehsil - Gauriganj 0002,006060, 3 BUNDELI/BUNDELKHANDI,3,2,1,3,2,1,0,0,0
C0116,09,49,0002,Tehsil - Gauriganj 0002,006072, 4 CHHATTISGARHI,289,149,140,289,149,140,0,0,0
C0116,09,49,0002,Tehsil - Gauriganj 0002,006118, 5 HINDI,322389,163087,159302,322389,163087,159302,0,0,0
C0116,09,49,0002,Tehsil - Gauriganj 0002,006127, 6 JAUNSARI,1,0,1,1,0,1,0,0,0
C0116,09,49,0002,Tehsil - Gauriganj 0002,011000,11 MALAYALAM,5,3,2,5,3,2,0,0,0
C0116,09,49,0002,Tehsil - Gauriganj 0002,011013, 1 MALAYALAM,5,3,2,5,3,2,0,0,0
C0116,09,49,0002,Tehsil - Gauriganj 0002,014000,14 NEPALI,11,7,4,11,7,4,0,0,0
C0116,09,49,0002,Tehsil - Gauriganj 0002,014009, 1 NEPALI,11,7,4,11,7,4,0,0,0
C0116,09,49,0002,Tehsil - Gauriganj 0002,015000,15 ORIYA,118,55,63,118,55,63,0,0,0
C0116,09,49,0002,Tehsil - Gauriganj 0002,015031, 1 ORIYA,118,55,63,118,55,63,0,0,0
C0116,09,49,0002,Tehsil - Gauriganj 0002,022000,22 URDU,2560,1302,1258,2560,1302,1258,0,0,0
C0116,09,49,0002,Tehsil - Gauriganj 0002,022014, 1 URDU,2560,1302,1258,2560,1302,1258,0,0,0
C0116,09,49,0003,Tehsil - Amethi 0003,001000,1 ASSAMESE,5,2,3,0,0,0,5,2,3
C0116,09,49,0003,Tehsil - Amethi 0003,001002, 1 ASSAMESE,5,2,3,0,0,0,5,2,3
C0116,09,49,0003,Tehsil - Amethi 0003,002000,2 BENGALI,206,101,105,129,55,74,77,46,31
C0116,09,49,0003,Tehsil - Amethi 0003,002004, 1 BENGALI,206,101,105,129,55,74,77,46,31
C0116,09,49,0003,Tehsil - Amethi 0003,004000,4 DOGRI,4,1,3,0,0,0,4,1,3
C0116,09,49,0003,Tehsil - Amethi 0003,004001, 1 DOGRI,4,1,3,0,0,0,4,1,3
C0116,09,49,0003,Tehsil - Amethi 0003,006000,6 HINDI,387157,193792,193365,368674,184229,184445,18483,9563,8920
C0116,09,49,0003,Tehsil - Amethi 0003,006008, 1 AWADHI,53526,26725,26801,45473,22607,22866,8053,4118,3935
C0116,09,49,0003,Tehsil - Amethi 0003,006045, 2 BHOJPURI,22,11,11,0,0,0,22,11,11
C0116,09,49,0003,Tehsil - Amethi 0003,006060, 3 BUNDELI/BUNDELKHANDI,31,12,19,13,3,10,18,9,9
C0116,09,49,0003,Tehsil - Amethi 0003,006072, 4 CHHATTISGARHI,1115,596,519,1115,596,519,0,0,0
C0116,09,49,0003,Tehsil - Amethi 0003,006095, 5 GARHWALI,5,1,4,1,0,1,4,1,3
C0116,09,49,0003,Tehsil - Amethi 0003,006118, 6 HINDI,332376,166408,165968,321994,160988,161006,10382,5420,4962
C0116,09,49,0003,Tehsil - Amethi 0003,006127, 7 JAUNSARI,1,0,1,1,0,1,0,0,0
C0116,09,49,0003,Tehsil - Amethi 0003,006162, 8 KUMAUNI,1,1,0,0,0,0,1,1,0
C0116,09,49,0003,Tehsil - Amethi 0003,006195, 9 MEWARI,2,2,0,0,0,0,2,2,0
C0116,09,49,0003,Tehsil - Amethi 0003,006999,6 Others,78,36,42,77,35,42,1,1,0
C0116,09,49,0003,Tehsil - Amethi 0003,007000,7 KANNADA,1,1,0,0,0,0,1,1,0
C0116,09,49,0003,Tehsil - Amethi 0003,007013, 1 KANNADA,1,1,0,0,0,0,1,1,0
C0116,09,49,0003,Tehsil - Amethi 0003,009000,9 KONKANI,2,1,1,0,0,0,2,1,1
C0116,09,49,0003,Tehsil - Amethi 0003,009010, 1 KONKANI,2,1,1,0,0,0,2,1,1
C0116,09,49,0003,Tehsil - Amethi 0003,010000,10 MAITHILI,10,5,5,10,5,5,0,0,0
C0116,09,49,0003,Tehsil - Amethi 0003,010006, 1 MAITHILI,10,5,5,10,5,5,0,0,0
C0116,09,49,0003,Tehsil - Amethi 0003,011000,11 MALAYALAM,32,15,17,10,3,7,22,12,10
C0116,09,49,0003,Tehsil - Amethi 0003,011013, 1 MALAYALAM,32,15,17,10,3,7,22,12,10
C0116,09,49,0003,Tehsil - Amethi 0003,013000,13 MARATHI,25,11,14,5,1,4,20,10,10
C0116,09,49,0003,Tehsil - Amethi 0003,013048, 1 MARATHI,25,11,14,5,1,4,20,10,10
C0116,09,49,0003,Tehsil - Amethi 0003,014000,14 NEPALI,16,3,13,15,3,12,1,0,1
C0116,09,49,0003,Tehsil - Amethi 0003,014009, 1 NEPALI,16,3,13,15,3,12,1,0,1
C0116,09,49,0003,Tehsil - Amethi 0003,015000,15 ORIYA,249,132,117,243,128,115,6,4,2
C0116,09,49,0003,Tehsil - Amethi 0003,015031, 1 ORIYA,249,132,117,243,128,115,6,4,2
C0116,09,49,0003,Tehsil - Amethi 0003,016000,16 PUNJABI,104,49,55,65,26,39,39,23,16
C0116,09,49,0003,Tehsil - Amethi 0003,016018, 1 PUNJABI,104,49,55,65,26,39,39,23,16
C0116,09,49,0003,Tehsil - Amethi 0003,018000,18 SANTALI,1,1,0,1,1,0,0,0,0
C0116,09,49,0003,Tehsil - Amethi 0003,018013, 1 SANTALI,1,1,0,1,1,0,0,0,0
C0116,09,49,0003,Tehsil - Amethi 0003,019000,19 SINDHI,186,89,97,183,88,95,3,1,2
C0116,09,49,0003,Tehsil - Amethi 0003,019013, 1 SINDHI,186,89,97,183,88,95,3,1,2
C0116,09,49,0003,Tehsil - Amethi 0003,020000,20 TAMIL,8,4,4,0,0,0,8,4,4
C0116,09,49,0003,Tehsil - Amethi 0003,020020, 1 TAMIL,8,4,4,0,0,0,8,4,4
C0116,09,49,0003,Tehsil - Amethi 0003,021000,21 TELUGU,16,9,7,0,0,0,16,9,7
C0116,09,49,0003,Tehsil - Amethi 0003,021035, 1 TELUGU,16,9,7,0,0,0,16,9,7
C0116,09,49,0003,Tehsil - Amethi 0003,022000,22 URDU,1338,691,647,1138,578,560,200,113,87
C0116,09,49,0003,Tehsil - Amethi 0003,022014, 1 URDU,1338,691,647,1138,578,560,200,113,87
C0116,09,49,0003,Tehsil - Amethi 0003,028000,28 ARABIC/ARBI,1,0,1,1,0,1,0,0,0
C0116,09,49,0003,Tehsil - Amethi 0003,028001, 1 ARABIC/ARBI,1,0,1,1,0,1,0,0,0
C0116,09,49,0003,Tehsil - Amethi 0003,040000,40 ENGLISH,97,46,51,95,45,50,2,1,1
C0116,09,49,0003,Tehsil - Amethi 0003,040001, 1 ENGLISH,97,46,51,95,45,50,2,1,1
C0116,09,49,0003,Tehsil - Amethi 0003,093000,93 NISSI/DAFLA,4,1,3,4,1,3,0,0,0
C0116,09,49,0003,Tehsil - Amethi 0003,093001, 1 APATANI,4,1,3,4,1,3,0,0,0
C0116,09,49,0003,Tehsil - Amethi 0003,123000,123 OTHERS,14,6,8,11,5,6,3,1,2
C0116,09,49,0004,Tehsil - Sultanpur 0004,001000,1 ASSAMESE,30,13,17,0,0,0,30,13,17
C0116,09,49,0004,Tehsil - Sultanpur 0004,001002, 1 ASSAMESE,30,13,17,0,0,0,30,13,17
C0116,09,49,0004,Tehsil - Sultanpur 0004,002000,2 BENGALI,69,34,35,39,19,20,30,15,15
C0116,09,49,0004,Tehsil - Sultanpur 0004,002004, 1 BENGALI,69,34,35,39,19,20,30,15,15
C0116,09,49,0004,Tehsil - Sultanpur 0004,006000,6 HINDI,849589,433924,415665,769240,390947,378293,80349,42977,37372
C0116,09,49,0004,Tehsil - Sultanpur 0004,006008, 1 AWADHI,8387,4172,4215,8259,4103,4156,128,69,59
C0116,09,49,0004,Tehsil - Sultanpur 0004,006045, 2 BHOJPURI,38,22,16,3,2,1,35,20,15
C0116,09,49,0004,Tehsil - Sultanpur 0004,006060, 3 BUNDELI/BUNDELKHANDI,64,34,30,51,29,22,13,5,8
C0116,09,49,0004,Tehsil - Sultanpur 0004,006072, 4 CHHATTISGARHI,1394,719,675,1394,719,675,0,0,0
C0116,09,49,0004,Tehsil - Sultanpur 0004,006095, 5 GARHWALI,8,5,3,1,1,0,7,4,3
C0116,09,49,0004,Tehsil - Sultanpur 0004,006118, 6 HINDI,839679,428963,410716,759513,386084,373429,80166,42879,37287
C0116,09,49,0004,Tehsil - Sultanpur 0004,006127, 7 JAUNSARI,2,1,1,2,1,1,0,0,0
C0116,09,49,0004,Tehsil - Sultanpur 0004,006192, 8 MARWARI,1,0,1,1,0,1,0,0,0
C0116,09,49,0004,Tehsil - Sultanpur 0004,006999,6 Others,16,8,8,16,8,8,0,0,0
C0116,09,49,0004,Tehsil - Sultanpur 0004,011000,11 MALAYALAM,28,10,18,0,0,0,28,10,18
C0116,09,49,0004,Tehsil - Sultanpur 0004,011013, 1 MALAYALAM,28,10,18,0,0,0,28,10,18
C0116,09,49,0004,Tehsil - Sultanpur 0004,013000,13 MARATHI,1,0,1,1,0,1,0,0,0
C0116,09,49,0004,Tehsil - Sultanpur 0004,013048, 1 MARATHI,1,0,1,1,0,1,0,0,0
C0116,09,49,0004,Tehsil - Sultanpur 0004,014000,14 NEPALI,109,58,51,96,54,42,13,4,9
C0116,09,49,0004,Tehsil - Sultanpur 0004,014009, 1 NEPALI,109,58,51,96,54,42,13,4,9
C0116,09,49,0004,Tehsil - Sultanpur 0004,015000,15 ORIYA,417,236,181,417,236,181,0,0,0
C0116,09,49,0004,Tehsil - Sultanpur 0004,015031, 1 ORIYA,417,236,181,417,236,181,0,0,0
C0116,09,49,0004,Tehsil - Sultanpur 0004,016000,16 PUNJABI,1034,525,509,22,9,13,1012,516,496
C0116,09,49,0004,Tehsil - Sultanpur 0004,016018, 1 PUNJABI,1019,518,501,22,9,13,997,509,488
C0116,09,49,0004,Tehsil - Sultanpur 0004,016999,16 Others,15,7,8,0,0,0,15,7,8
C0116,09,49,0004,Tehsil - Sultanpur 0004,017000,17 SANSKRIT,26,14,12,8,8,0,18,6,12
C0116,09,49,0004,Tehsil - Sultanpur 0004,017002, 1 SANSKRIT,26,14,12,8,8,0,18,6,12
C0116,09,49,0004,Tehsil - Sultanpur 0004,019000,19 SINDHI,13,7,6,1,1,0,12,6,6
C0116,09,49,0004,Tehsil - Sultanpur 0004,019013, 1 SINDHI,13,7,6,1,1,0,12,6,6
C0116,09,49,0004,Tehsil - Sultanpur 0004,020000,20 TAMIL,2,1,1,0,0,0,2,1,1
C0116,09,49,0004,Tehsil - Sultanpur 0004,020020, 1 TAMIL,2,1,1,0,0,0,2,1,1
C0116,09,49,0004,Tehsil - Sultanpur 0004,021000,21 TELUGU,2,1,1,0,0,0,2,1,1
C0116,09,49,0004,Tehsil - Sultanpur 0004,021035, 1 TELUGU,2,1,1,0,0,0,2,1,1
C0116,09,49,0004,Tehsil - Sultanpur 0004,022000,22 URDU,100222,51087,49135,81750,41499,40251,18472,9588,8884
C0116,09,49,0004,Tehsil - Sultanpur 0004,022014, 1 URDU,100222,51087,49135,81750,41499,40251,18472,9588,8884
C0116,09,49,0004,Tehsil - Sultanpur 0004,028000,28 ARABIC/ARBI,83,37,46,83,37,46,0,0,0
C0116,09,49,0004,Tehsil - Sultanpur 0004,028001, 1 ARABIC/ARBI,83,37,46,83,37,46,0,0,0
C0116,09,49,0004,Tehsil - Sultanpur 0004,040000,40 ENGLISH,101,54,47,5,3,2,96,51,45
C0116,09,49,0004,Tehsil - Sultanpur 0004,040001, 1 ENGLISH,101,54,47,5,3,2,96,51,45
C0116,09,49,0004,Tehsil - Sultanpur 0004,072000,72 KURUKH/ORAON,40,17,23,40,17,23,0,0,0
C0116,09,49,0004,Tehsil - Sultanpur 0004,072999,72 Others,40,17,23,40,17,23,0,0,0
C0116,09,49,0004,Tehsil - Sultanpur 0004,123000,123 OTHERS,2,1,1,1,0,1,1,1,0
C0116,09,49,0005,Tehsil - Lambhuwa ** 0005,002000,2 BENGALI,7,0,7,6,0,6,1,0,1
C0116,09,49,0005,Tehsil - Lambhuwa ** 0005,002004, 1 BENGALI,7,0,7,6,0,6,1,0,1
C0116,09,49,0005,Tehsil - Lambhuwa ** 0005,006000,6 HINDI,396433,197591,198842,389389,193989,195400,7044,3602,3442
C0116,09,49,0005,Tehsil - Lambhuwa ** 0005,006008, 1 AWADHI,971,501,470,971,501,470,0,0,0
C0116,09,49,0005,Tehsil - Lambhuwa ** 0005,006045, 2 BHOJPURI,590,297,293,590,297,293,0,0,0
C0116,09,49,0005,Tehsil - Lambhuwa ** 0005,006060, 3 BUNDELI/BUNDELKHANDI,11,3,8,11,3,8,0,0,0
C0116,09,49,0005,Tehsil - Lambhuwa ** 0005,006072, 4 CHHATTISGARHI,255,129,126,255,129,126,0,0,0
C0116,09,49,0005,Tehsil - Lambhuwa ** 0005,006095, 5 GARHWALI,2,2,0,2,2,0,0,0,0
C0116,09,49,0005,Tehsil - Lambhuwa ** 0005,006118, 6 HINDI,394584,196650,197934,387540,193048,194492,7044,3602,3442
C0116,09,49,0005,Tehsil - Lambhuwa ** 0005,006999,6 Others,20,9,11,20,9,11,0,0,0
C0116,09,49,0005,Tehsil - Lambhuwa ** 0005,011000,11 MALAYALAM,1,0,1,1,0,1,0,0,0
C0116,09,49,0005,Tehsil - Lambhuwa ** 0005,011013, 1 MALAYALAM,1,0,1,1,0,1,0,0,0
C0116,09,49,0005,Tehsil - Lambhuwa ** 0005,013000,13 MARATHI,1,0,1,1,0,1,0,0,0
C0116,09,49,0005,Tehsil - Lambhuwa ** 0005,013048, 1 MARATHI,1,0,1,1,0,1,0,0,0
C0116,09,49,0005,Tehsil - Lambhuwa ** 0005,014000,14 NEPALI,21,7,14,21,7,14,0,0,0
C0116,09,49,0005,Tehsil - Lambhuwa ** 0005,014009, 1 NEPALI,21,7,14,21,7,14,0,0,0
C0116,09,49,0005,Tehsil - Lambhuwa ** 0005,015000,15 ORIYA,118,55,63,118,55,63,0,0,0
C0116,09,49,0005,Tehsil - Lambhuwa ** 0005,015031, 1 ORIYA,118,55,63,118,55,63,0,0,0
C0116,09,49,0005,Tehsil - Lambhuwa ** 0005,017000,17 SANSKRIT,12,6,6,12,6,6,0,0,0
C0116,09,49,0005,Tehsil - Lambhuwa ** 0005,017002, 1 SANSKRIT,12,6,6,12,6,6,0,0,0
C0116,09,49,0005,Tehsil - Lambhuwa ** 0005,022000,22 URDU,8359,4091,4268,8127,3977,4150,232,114,118
C0116,09,49,0005,Tehsil - Lambhuwa ** 0005,022014, 1 URDU,8359,4091,4268,8127,3977,4150,232,114,118
C0116,09,49,0005,Tehsil - Lambhuwa ** 0005,028000,28 ARABIC/ARBI,1,0,1,1,0,1,0,0,0
C0116,09,49,0005,Tehsil - Lambhuwa ** 0005,028001, 1 ARABIC/ARBI,1,0,1,1,0,1,0,0,0
C0116,09,49,0005,Tehsil - Lambhuwa ** 0005,040000,40 ENGLISH,74,45,29,74,45,29,0,0,0
C0116,09,49,0005,Tehsil - Lambhuwa ** 0005,040001, 1 ENGLISH,74,45,29,74,45,29,0,0,0
C0116,09,49,0005,Tehsil - Lambhuwa ** 0005,072000,72 KURUKH/ORAON,3,2,1,3,2,1,0,0,0
C0116,09,49,0005,Tehsil - Lambhuwa ** 0005,072009, 1 KURUKH/ORAON,3,2,1,3,2,1,0,0,0
C0116,09,49,0005,Tehsil - Lambhuwa ** 0005,123000,123 OTHERS,10,3,7,10,3,7,0,0,0
C0116,09,49,0006,Tehsil - Kadipur 0006,002000,2 BENGALI,26,18,8,20,14,6,6,4,2
C0116,09,49,0006,Tehsil - Kadipur 0006,002004, 1 BENGALI,26,18,8,20,14,6,6,4,2
C0116,09,49,0006,Tehsil - Kadipur 0006,006000,6 HINDI,531933,265943,265990,518587,258935,259652,13346,7008,6338
C0116,09,49,0006,Tehsil - Kadipur 0006,006008, 1 AWADHI,2268,1128,1140,2202,1097,1105,66,31,35
C0116,09,49,0006,Tehsil - Kadipur 0006,006045, 2 BHOJPURI,2,1,1,2,1,1,0,0,0
C0116,09,49,0006,Tehsil - Kadipur 0006,006060, 3 BUNDELI/BUNDELKHANDI,12,4,8,10,3,7,2,1,1
C0116,09,49,0006,Tehsil - Kadipur 0006,006072, 4 CHHATTISGARHI,77,40,37,77,40,37,0,0,0
C0116,09,49,0006,Tehsil - Kadipur 0006,006095, 5 GARHWALI,4,2,2,4,2,2,0,0,0
C0116,09,49,0006,Tehsil - Kadipur 0006,006118, 6 HINDI,529557,264761,264796,516279,257785,258494,13278,6976,6302
C0116,09,49,0006,Tehsil - Kadipur 0006,006999,6 Others,13,7,6,13,7,6,0,0,0
C0116,09,49,0006,Tehsil - Kadipur 0006,009000,9 KONKANI,1,1,0,1,1,0,0,0,0
C0116,09,49,0006,Tehsil - Kadipur 0006,009010, 1 KONKANI,1,1,0,1,1,0,0,0,0
C0116,09,49,0006,Tehsil - Kadipur 0006,011000,11 MALAYALAM,4,0,4,4,0,4,0,0,0
C0116,09,49,0006,Tehsil - Kadipur 0006,011013, 1 MALAYALAM,4,0,4,4,0,4,0,0,0
C0116,09,49,0006,Tehsil - Kadipur 0006,013000,13 MARATHI,6,4,2,0,0,0,6,4,2
C0116,09,49,0006,Tehsil - Kadipur 0006,013048, 1 MARATHI,6,4,2,0,0,0,6,4,2
C0116,09,49,0006,Tehsil - Kadipur 0006,014000,14 NEPALI,94,50,44,89,49,40,5,1,4
C0116,09,49,0006,Tehsil - Kadipur 0006,014009, 1 NEPALI,94,50,44,89,49,40,5,1,4
C0116,09,49,0006,Tehsil - Kadipur 0006,015000,15 ORIYA,19,10,9,19,10,9,0,0,0
C0116,09,49,0006,Tehsil - Kadipur 0006,015031, 1 ORIYA,19,10,9,19,10,9,0,0,0
C0116,09,49,0006,Tehsil - Kadipur 0006,016000,16 PUNJABI,10,5,5,10,5,5,0,0,0
C0116,09,49,0006,Tehsil - Kadipur 0006,016999,16 Others,10,5,5,10,5,5,0,0,0
C0116,09,49,0006,Tehsil - Kadipur 0006,022000,22 URDU,12429,6247,6182,7134,3402,3732,5295,2845,2450
C0116,09,49,0006,Tehsil - Kadipur 0006,022014, 1 URDU,12429,6247,6182,7134,3402,3732,5295,2845,2450
C0116,09,49,0006,Tehsil - Kadipur 0006,072000,72 KURUKH/ORAON,1,0,1,1,0,1,0,0,0
C0116,09,49,0006,Tehsil - Kadipur 0006,072009, 1 KURUKH/ORAON,1,0,1,1,0,1,0,0,0
C0116,09,49,0006,Tehsil - Kadipur 0006,123000,123 OTHERS,1,1,0,1,1,0,0,0,0
C0116,09,50,0000,District - Bahraich  50,002000,2 BENGALI,787,408,379,746,382,364,41,26,15
C0116,09,50,0000,District - Bahraich  50,002004, 1 BENGALI,787,408,379,746,382,364,41,26,15
C0116,09,50,0000,District - Bahraich  50,005000,5 GUJARATI,391,221,170,391,221,170,0,0,0
C0116,09,50,0000,District - Bahraich  50,005011, 1 GUJARATI,391,221,170,391,221,170,0,0,0
C0116,09,50,0000,District - Bahraich  50,006000,6 HINDI,2036132,1092823,943309,1918228,1030266,887962,117904,62557,55347
C0116,09,50,0000,District - Bahraich  50,006008, 1 AWADHI,11001,5974,5027,11000,5973,5027,1,1,0
C0116,09,50,0000,District - Bahraich  50,006045, 2 BHOJPURI,7784,4017,3767,7774,4011,3763,10,6,4
C0116,09,50,0000,District - Bahraich  50,006059, 3 BRAJBHASHA,1,0,1,1,0,1,0,0,0
C0116,09,50,0000,District - Bahraich  50,006060, 4 BUNDELI/BUNDELKHANDI,31,15,16,29,14,15,2,1,1
C0116,09,50,0000,District - Bahraich  50,006095, 5 GARHWALI,67,38,29,66,37,29,1,1,0
C0116,09,50,0000,District - Bahraich  50,006117, 6 HARYANVI,60,36,24,56,34,22,4,2,2
C0116,09,50,0000,District - Bahraich  50,006118, 7 HINDI,2015250,1081777,933473,1897372,1019236,878136,117878,62541,55337
C0116,09,50,0000,District - Bahraich  50,006127, 8 JAUNSARI,7,4,3,7,4,3,0,0,0
C0116,09,50,0000,District - Bahraich  50,006162, 9 KUMAUNI,3,2,1,1,1,0,2,1,1
C0116,09,50,0000,District - Bahraich  50,006192, 10 MARWARI,4,3,1,0,0,0,4,3,1
C0116,09,50,0000,District - Bahraich  50,006242, 11 RAJASTHANI,2,1,1,0,0,0,2,1,1
C0116,09,50,0000,District - Bahraich  50,006999,6 Others,1922,956,966,1922,956,966,0,0,0
C0116,09,50,0000,District - Bahraich  50,007000,7 KANNADA,4,3,1,4,3,1,0,0,0
C0116,09,50,0000,District - Bahraich  50,007013, 1 KANNADA,4,3,1,4,3,1,0,0,0
C0116,09,50,0000,District - Bahraich  50,011000,11 MALAYALAM,15,5,10,5,1,4,10,4,6
C0116,09,50,0000,District - Bahraich  50,011013, 1 MALAYALAM,15,5,10,5,1,4,10,4,6
C0116,09,50,0000,District - Bahraich  50,012000,12 MANIPURI,1,1,0,0,0,0,1,1,0
C0116,09,50,0000,District - Bahraich  50,012002, 1 MANIPURI,1,1,0,0,0,0,1,1,0
C0116,09,50,0000,District - Bahraich  50,013000,13 MARATHI,19,12,7,3,1,2,16,11,5
C0116,09,50,0000,District - Bahraich  50,013048, 1 MARATHI,18,12,6,2,1,1,16,11,5
C0116,09,50,0000,District - Bahraich  50,013999,13 Others,1,0,1,1,0,1,0,0,0
C0116,09,50,0000,District - Bahraich  50,014000,14 NEPALI,7708,4151,3557,7478,4022,3456,230,129,101
C0116,09,50,0000,District - Bahraich  50,014009, 1 NEPALI,7708,4151,3557,7478,4022,3456,230,129,101
C0116,09,50,0000,District - Bahraich  50,015000,15 ORIYA,11,6,5,8,5,3,3,1,2
C0116,09,50,0000,District - Bahraich  50,015031, 1 ORIYA,9,5,4,6,4,2,3,1,2
C0116,09,50,0000,District - Bahraich  50,015999,15 Others,2,1,1,2,1,1,0,0,0
C0116,09,50,0000,District - Bahraich  50,016000,16 PUNJABI,2612,1374,1238,2052,1105,947,560,269,291
C0116,09,50,0000,District - Bahraich  50,016018, 1 PUNJABI,2581,1359,1222,2052,1105,947,529,254,275
C0116,09,50,0000,District - Bahraich  50,016999,16 Others,31,15,16,0,0,0,31,15,16
C0116,09,50,0000,District - Bahraich  50,017000,17 SANSKRIT,26,16,10,26,16,10,0,0,0
C0116,09,50,0000,District - Bahraich  50,017002, 1 SANSKRIT,26,16,10,26,16,10,0,0,0
C0116,09,50,0000,District - Bahraich  50,018000,18 SANTALI,17,9,8,17,9,8,0,0,0
C0116,09,50,0000,District - Bahraich  50,018999,18 Others,17,9,8,17,9,8,0,0,0
C0116,09,50,0000,District - Bahraich  50,019000,19 SINDHI,22,11,11,3,1,2,19,10,9
C0116,09,50,0000,District - Bahraich  50,019013, 1 SINDHI,22,11,11,3,1,2,19,10,9
C0116,09,50,0000,District - Bahraich  50,020000,20 TAMIL,117,63,54,100,53,47,17,10,7
C0116,09,50,0000,District - Bahraich  50,020020, 1 TAMIL,117,63,54,100,53,47,17,10,7
C0116,09,50,0000,District - Bahraich  50,022000,22 URDU,333020,176137,156883,213854,112897,100957,119166,63240,55926
C0116,09,50,0000,District - Bahraich  50,022014, 1 URDU,333020,176137,156883,213854,112897,100957,119166,63240,55926
C0116,09,50,0000,District - Bahraich  50,028000,28 ARABIC/ARBI,22,13,9,21,13,8,1,0,1
C0116,09,50,0000,District - Bahraich  50,028001, 1 ARABIC/ARBI,22,13,9,21,13,8,1,0,1
C0116,09,50,0000,District - Bahraich  50,040000,40 ENGLISH,50,27,23,24,15,9,26,12,14
C0116,09,50,0000,District - Bahraich  50,040001, 1 ENGLISH,50,27,23,24,15,9,26,12,14
C0116,09,50,0000,District - Bahraich  50,044000,44 GONDI,58,40,18,58,40,18,0,0,0
C0116,09,50,0000,District - Bahraich  50,044999,44 Others,58,40,18,58,40,18,0,0,0
C0116,09,50,0000,District - Bahraich  50,113000,113 THADO,17,9,8,17,9,8,0,0,0
C0116,09,50,0000,District - Bahraich  50,113015, 1 THADO,17,9,8,17,9,8,0,0,0
C0116,09,50,0000,District - Bahraich  50,123000,123 OTHERS,43,22,21,39,21,18,4,1,3
C0116,09,50,0001,Tehsil - Nanpara 0001,002000,2 BENGALI,700,356,344,700,356,344,0,0,0
C0116,09,50,0001,Tehsil - Nanpara 0001,002004, 1 BENGALI,700,356,344,700,356,344,0,0,0
C0116,09,50,0001,Tehsil - Nanpara 0001,005000,5 GUJARATI,219,119,100,219,119,100,0,0,0
C0116,09,50,0001,Tehsil - Nanpara 0001,005011, 1 GUJARATI,219,119,100,219,119,100,0,0,0
C0116,09,50,0001,Tehsil - Nanpara 0001,006000,6 HINDI,863681,463014,400667,843474,452285,391189,20207,10729,9478
C0116,09,50,0001,Tehsil - Nanpara 0001,006008, 1 AWADHI,6804,3737,3067,6804,3737,3067,0,0,0
C0116,09,50,0001,Tehsil - Nanpara 0001,006045, 2 BHOJPURI,6059,3104,2955,6058,3104,2954,1,0,1
C0116,09,50,0001,Tehsil - Nanpara 0001,006059, 3 BRAJBHASHA,1,0,1,1,0,1,0,0,0
C0116,09,50,0001,Tehsil - Nanpara 0001,006060, 4 BUNDELI/BUNDELKHANDI,14,7,7,14,7,7,0,0,0
C0116,09,50,0001,Tehsil - Nanpara 0001,006095, 5 GARHWALI,38,21,17,38,21,17,0,0,0
C0116,09,50,0001,Tehsil - Nanpara 0001,006117, 6 HARYANVI,60,36,24,56,34,22,4,2,2
C0116,09,50,0001,Tehsil - Nanpara 0001,006118, 7 HINDI,849286,455408,393878,829084,444681,384403,20202,10727,9475
C0116,09,50,0001,Tehsil - Nanpara 0001,006127, 8 JAUNSARI,2,1,1,2,1,1,0,0,0
C0116,09,50,0001,Tehsil - Nanpara 0001,006162, 9 KUMAUNI,1,1,0,1,1,0,0,0,0
C0116,09,50,0001,Tehsil - Nanpara 0001,006999,6 Others,1416,699,717,1416,699,717,0,0,0
C0116,09,50,0001,Tehsil - Nanpara 0001,007000,7 KANNADA,4,3,1,4,3,1,0,0,0
C0116,09,50,0001,Tehsil - Nanpara 0001,007013, 1 KANNADA,4,3,1,4,3,1,0,0,0
C0116,09,50,0001,Tehsil - Nanpara 0001,011000,11 MALAYALAM,5,3,2,0,0,0,5,3,2
C0116,09,50,0001,Tehsil - Nanpara 0001,011013, 1 MALAYALAM,5,3,2,0,0,0,5,3,2
C0116,09,50,0001,Tehsil - Nanpara 0001,013000,13 MARATHI,1,0,1,1,0,1,0,0,0
C0116,09,50,0001,Tehsil - Nanpara 0001,013048, 1 MARATHI,1,0,1,1,0,1,0,0,0
C0116,09,50,0001,Tehsil - Nanpara 0001,014000,14 NEPALI,4289,2313,1976,4278,2307,1971,11,6,5
C0116,09,50,0001,Tehsil - Nanpara 0001,014009, 1 NEPALI,4289,2313,1976,4278,2307,1971,11,6,5
C0116,09,50,0001,Tehsil - Nanpara 0001,015000,15 ORIYA,6,4,2,6,4,2,0,0,0
C0116,09,50,0001,Tehsil - Nanpara 0001,015031, 1 ORIYA,4,3,1,4,3,1,0,0,0
C0116,09,50,0001,Tehsil - Nanpara 0001,015999,15 Others,2,1,1,2,1,1,0,0,0
C0116,09,50,0001,Tehsil - Nanpara 0001,016000,16 PUNJABI,1877,1011,866,1877,1011,866,0,0,0
C0116,09,50,0001,Tehsil - Nanpara 0001,016018, 1 PUNJABI,1877,1011,866,1877,1011,866,0,0,0
C0116,09,50,0001,Tehsil - Nanpara 0001,017000,17 SANSKRIT,25,15,10,25,15,10,0,0,0
C0116,09,50,0001,Tehsil - Nanpara 0001,017002, 1 SANSKRIT,25,15,10,25,15,10,0,0,0
C0116,09,50,0001,Tehsil - Nanpara 0001,020000,20 TAMIL,22,13,9,22,13,9,0,0,0
C0116,09,50,0001,Tehsil - Nanpara 0001,020020, 1 TAMIL,22,13,9,22,13,9,0,0,0
C0116,09,50,0001,Tehsil - Nanpara 0001,022000,22 URDU,98861,52131,46730,76311,40302,36009,22550,11829,10721
C0116,09,50,0001,Tehsil - Nanpara 0001,022014, 1 URDU,98861,52131,46730,76311,40302,36009,22550,11829,10721
C0116,09,50,0001,Tehsil - Nanpara 0001,028000,28 ARABIC/ARBI,16,9,7,16,9,7,0,0,0
C0116,09,50,0001,Tehsil - Nanpara 0001,028001, 1 ARABIC/ARBI,16,9,7,16,9,7,0,0,0
C0116,09,50,0001,Tehsil - Nanpara 0001,040000,40 ENGLISH,22,13,9,22,13,9,0,0,0
C0116,09,50,0001,Tehsil - Nanpara 0001,040001, 1 ENGLISH,22,13,9,22,13,9,0,0,0
C0116,09,50,0001,Tehsil - Nanpara 0001,044000,44 GONDI,57,39,18,57,39,18,0,0,0
C0116,09,50,0001,Tehsil - Nanpara 0001,044999,44 Others,57,39,18,57,39,18,0,0,0
C0116,09,50,0001,Tehsil - Nanpara 0001,113000,113 THADO,17,9,8,17,9,8,0,0,0
C0116,09,50,0001,Tehsil - Nanpara 0001,113015, 1 THADO,17,9,8,17,9,8,0,0,0
C0116,09,50,0001,Tehsil - Nanpara 0001,123000,123 OTHERS,28,16,12,28,16,12,0,0,0
C0116,09,50,0002,Tehsil - Mahasi ** 0002,002000,2 BENGALI,11,7,4,11,7,4,0,0,0
C0116,09,50,0002,Tehsil - Mahasi ** 0002,002004, 1 BENGALI,11,7,4,11,7,4,0,0,0
C0116,09,50,0002,Tehsil - Mahasi ** 0002,005000,5 GUJARATI,93,54,39,93,54,39,0,0,0
C0116,09,50,0002,Tehsil - Mahasi ** 0002,005011, 1 GUJARATI,93,54,39,93,54,39,0,0,0
C0116,09,50,0002,Tehsil - Mahasi ** 0002,006000,6 HINDI,396614,214010,182604,396614,214010,182604,0,0,0
C0116,09,50,0002,Tehsil - Mahasi ** 0002,006008, 1 AWADHI,781,420,361,781,420,361,0,0,0
C0116,09,50,0002,Tehsil - Mahasi ** 0002,006045, 2 BHOJPURI,133,67,66,133,67,66,0,0,0
C0116,09,50,0002,Tehsil - Mahasi ** 0002,006060, 3 BUNDELI/BUNDELKHANDI,3,1,2,3,1,2,0,0,0
C0116,09,50,0002,Tehsil - Mahasi ** 0002,006095, 4 GARHWALI,4,4,0,4,4,0,0,0,0
C0116,09,50,0002,Tehsil - Mahasi ** 0002,006118, 5 HINDI,395689,213517,182172,395689,213517,182172,0,0,0
C0116,09,50,0002,Tehsil - Mahasi ** 0002,006127, 6 JAUNSARI,3,1,2,3,1,2,0,0,0
C0116,09,50,0002,Tehsil - Mahasi ** 0002,006999,6 Others,1,0,1,1,0,1,0,0,0
C0116,09,50,0002,Tehsil - Mahasi ** 0002,013000,13 MARATHI,1,1,0,1,1,0,0,0,0
C0116,09,50,0002,Tehsil - Mahasi ** 0002,013048, 1 MARATHI,1,1,0,1,1,0,0,0,0
C0116,09,50,0002,Tehsil - Mahasi ** 0002,014000,14 NEPALI,1149,586,563,1149,586,563,0,0,0
C0116,09,50,0002,Tehsil - Mahasi ** 0002,014009, 1 NEPALI,1149,586,563,1149,586,563,0,0,0
C0116,09,50,0002,Tehsil - Mahasi ** 0002,015000,15 ORIYA,2,1,1,2,1,1,0,0,0
C0116,09,50,0002,Tehsil - Mahasi ** 0002,015031, 1 ORIYA,2,1,1,2,1,1,0,0,0
C0116,09,50,0002,Tehsil - Mahasi ** 0002,016000,16 PUNJABI,103,53,50,103,53,50,0,0,0
C0116,09,50,0002,Tehsil - Mahasi ** 0002,016018, 1 PUNJABI,103,53,50,103,53,50,0,0,0
C0116,09,50,0002,Tehsil - Mahasi ** 0002,019000,19 SINDHI,3,1,2,3,1,2,0,0,0
C0116,09,50,0002,Tehsil - Mahasi ** 0002,019013, 1 SINDHI,3,1,2,3,1,2,0,0,0
C0116,09,50,0002,Tehsil - Mahasi ** 0002,020000,20 TAMIL,45,24,21,45,24,21,0,0,0
C0116,09,50,0002,Tehsil - Mahasi ** 0002,020020, 1 TAMIL,45,24,21,45,24,21,0,0,0
C0116,09,50,0002,Tehsil - Mahasi ** 0002,022000,22 URDU,24866,13302,11564,24866,13302,11564,0,0,0
C0116,09,50,0002,Tehsil - Mahasi ** 0002,022014, 1 URDU,24866,13302,11564,24866,13302,11564,0,0,0
C0116,09,50,0002,Tehsil - Mahasi ** 0002,028000,28 ARABIC/ARBI,2,1,1,2,1,1,0,0,0
C0116,09,50,0002,Tehsil - Mahasi ** 0002,028001, 1 ARABIC/ARBI,2,1,1,2,1,1,0,0,0
C0116,09,50,0002,Tehsil - Mahasi ** 0002,040000,40 ENGLISH,1,1,0,1,1,0,0,0,0
C0116,09,50,0002,Tehsil - Mahasi ** 0002,040001, 1 ENGLISH,1,1,0,1,1,0,0,0,0
C0116,09,50,0003,Tehsil - Bahraich 0003,002000,2 BENGALI,45,27,18,10,4,6,35,23,12
C0116,09,50,0003,Tehsil - Bahraich 0003,002004, 1 BENGALI,45,27,18,10,4,6,35,23,12
C0116,09,50,0003,Tehsil - Bahraich 0003,006000,6 HINDI,231973,124414,107559,139974,75578,64396,91999,48836,43163
C0116,09,50,0003,Tehsil - Bahraich 0003,006008, 1 AWADHI,1566,827,739,1565,826,739,1,1,0
C0116,09,50,0003,Tehsil - Bahraich 0003,006045, 2 BHOJPURI,1418,762,656,1409,756,653,9,6,3
C0116,09,50,0003,Tehsil - Bahraich 0003,006060, 3 BUNDELI/BUNDELKHANDI,10,4,6,8,3,5,2,1,1
C0116,09,50,0003,Tehsil - Bahraich 0003,006095, 4 GARHWALI,13,5,8,12,4,8,1,1,0
C0116,09,50,0003,Tehsil - Bahraich 0003,006118, 5 HINDI,228691,122673,106018,136712,73851,62861,91979,48822,43157
C0116,09,50,0003,Tehsil - Bahraich 0003,006162, 6 KUMAUNI,1,1,0,0,0,0,1,1,0
C0116,09,50,0003,Tehsil - Bahraich 0003,006192, 7 MARWARI,4,3,1,0,0,0,4,3,1
C0116,09,50,0003,Tehsil - Bahraich 0003,006242, 8 RAJASTHANI,2,1,1,0,0,0,2,1,1
C0116,09,50,0003,Tehsil - Bahraich 0003,006999,6 Others,268,138,130,268,138,130,0,0,0
C0116,09,50,0003,Tehsil - Bahraich 0003,011000,11 MALAYALAM,4,0,4,3,0,3,1,0,1
C0116,09,50,0003,Tehsil - Bahraich 0003,011013, 1 MALAYALAM,4,0,4,3,0,3,1,0,1
C0116,09,50,0003,Tehsil - Bahraich 0003,012000,12 MANIPURI,1,1,0,0,0,0,1,1,0
C0116,09,50,0003,Tehsil - Bahraich 0003,012002, 1 MANIPURI,1,1,0,0,0,0,1,1,0
C0116,09,50,0003,Tehsil - Bahraich 0003,013000,13 MARATHI,17,11,6,1,0,1,16,11,5
C0116,09,50,0003,Tehsil - Bahraich 0003,013048, 1 MARATHI,16,11,5,0,0,0,16,11,5
C0116,09,50,0003,Tehsil - Bahraich 0003,013999,13 Others,1,0,1,1,0,1,0,0,0
C0116,09,50,0003,Tehsil - Bahraich 0003,014000,14 NEPALI,415,239,176,203,117,86,212,122,90
C0116,09,50,0003,Tehsil - Bahraich 0003,014009, 1 NEPALI,415,239,176,203,117,86,212,122,90
C0116,09,50,0003,Tehsil - Bahraich 0003,015000,15 ORIYA,3,1,2,0,0,0,3,1,2
C0116,09,50,0003,Tehsil - Bahraich 0003,015031, 1 ORIYA,3,1,2,0,0,0,3,1,2
C0116,09,50,0003,Tehsil - Bahraich 0003,016000,16 PUNJABI,576,278,298,16,9,7,560,269,291
C0116,09,50,0003,Tehsil - Bahraich 0003,016018, 1 PUNJABI,545,263,282,16,9,7,529,254,275
C0116,09,50,0003,Tehsil - Bahraich 0003,016999,16 Others,31,15,16,0,0,0,31,15,16
C0116,09,50,0003,Tehsil - Bahraich 0003,018000,18 SANTALI,17,9,8,17,9,8,0,0,0
C0116,09,50,0003,Tehsil - Bahraich 0003,018999,18 Others,17,9,8,17,9,8,0,0,0
C0116,09,50,0003,Tehsil - Bahraich 0003,019000,19 SINDHI,19,10,9,0,0,0,19,10,9
C0116,09,50,0003,Tehsil - Bahraich 0003,019013, 1 SINDHI,19,10,9,0,0,0,19,10,9
C0116,09,50,0003,Tehsil - Bahraich 0003,020000,20 TAMIL,18,10,8,1,0,1,17,10,7
C0116,09,50,0003,Tehsil - Bahraich 0003,020020, 1 TAMIL,18,10,8,1,0,1,17,10,7
C0116,09,50,0003,Tehsil - Bahraich 0003,022000,22 URDU,119060,63269,55791,32509,17190,15319,86551,46079,40472
C0116,09,50,0003,Tehsil - Bahraich 0003,022014, 1 URDU,119060,63269,55791,32509,17190,15319,86551,46079,40472
C0116,09,50,0003,Tehsil - Bahraich 0003,028000,28 ARABIC/ARBI,2,1,1,1,1,0,1,0,1
C0116,09,50,0003,Tehsil - Bahraich 0003,028001, 1 ARABIC/ARBI,2,1,1,1,1,0,1,0,1
C0116,09,50,0003,Tehsil - Bahraich 0003,040000,40 ENGLISH,26,12,14,0,0,0,26,12,14
C0116,09,50,0003,Tehsil - Bahraich 0003,040001, 1 ENGLISH,26,12,14,0,0,0,26,12,14
C0116,09,50,0003,Tehsil - Bahraich 0003,044000,44 GONDI,1,1,0,1,1,0,0,0,0
C0116,09,50,0003,Tehsil - Bahraich 0003,044999,44 Others,1,1,0,1,1,0,0,0,0
C0116,09,50,0003,Tehsil - Bahraich 0003,123000,123 OTHERS,15,6,9,11,5,6,4,1,3
C0116,09,50,0004,Tehsil - Kaiserganj 0004,002000,2 BENGALI,31,18,13,25,15,10,6,3,3
C0116,09,50,0004,Tehsil - Kaiserganj 0004,002004, 1 BENGALI,31,18,13,25,15,10,6,3,3
C0116,09,50,0004,Tehsil - Kaiserganj 0004,005000,5 GUJARATI,79,48,31,79,48,31,0,0,0
C0116,09,50,0004,Tehsil - Kaiserganj 0004,005011, 1 GUJARATI,79,48,31,79,48,31,0,0,0
C0116,09,50,0004,Tehsil - Kaiserganj 0004,006000,6 HINDI,543864,291385,252479,538166,288393,249773,5698,2992,2706
C0116,09,50,0004,Tehsil - Kaiserganj 0004,006008, 1 AWADHI,1850,990,860,1850,990,860,0,0,0
C0116,09,50,0004,Tehsil - Kaiserganj 0004,006045, 2 BHOJPURI,174,84,90,174,84,90,0,0,0
C0116,09,50,0004,Tehsil - Kaiserganj 0004,006060, 3 BUNDELI/BUNDELKHANDI,4,3,1,4,3,1,0,0,0
C0116,09,50,0004,Tehsil - Kaiserganj 0004,006095, 4 GARHWALI,12,8,4,12,8,4,0,0,0
C0116,09,50,0004,Tehsil - Kaiserganj 0004,006118, 5 HINDI,541584,290179,251405,535887,287187,248700,5697,2992,2705
C0116,09,50,0004,Tehsil - Kaiserganj 0004,006127, 6 JAUNSARI,2,2,0,2,2,0,0,0,0
C0116,09,50,0004,Tehsil - Kaiserganj 0004,006162, 7 KUMAUNI,1,0,1,0,0,0,1,0,1
C0116,09,50,0004,Tehsil - Kaiserganj 0004,006999,6 Others,237,119,118,237,119,118,0,0,0
C0116,09,50,0004,Tehsil - Kaiserganj 0004,011000,11 MALAYALAM,6,2,4,2,1,1,4,1,3
C0116,09,50,0004,Tehsil - Kaiserganj 0004,011013, 1 MALAYALAM,6,2,4,2,1,1,4,1,3
C0116,09,50,0004,Tehsil - Kaiserganj 0004,014000,14 NEPALI,1855,1013,842,1848,1012,836,7,1,6
C0116,09,50,0004,Tehsil - Kaiserganj 0004,014009, 1 NEPALI,1855,1013,842,1848,1012,836,7,1,6
C0116,09,50,0004,Tehsil - Kaiserganj 0004,016000,16 PUNJABI,56,32,24,56,32,24,0,0,0
C0116,09,50,0004,Tehsil - Kaiserganj 0004,016018, 1 PUNJABI,56,32,24,56,32,24,0,0,0
C0116,09,50,0004,Tehsil - Kaiserganj 0004,017000,17 SANSKRIT,1,1,0,1,1,0,0,0,0
C0116,09,50,0004,Tehsil - Kaiserganj 0004,017002, 1 SANSKRIT,1,1,0,1,1,0,0,0,0
C0116,09,50,0004,Tehsil - Kaiserganj 0004,020000,20 TAMIL,32,16,16,32,16,16,0,0,0
C0116,09,50,0004,Tehsil - Kaiserganj 0004,020020, 1 TAMIL,32,16,16,32,16,16,0,0,0
C0116,09,50,0004,Tehsil - Kaiserganj 0004,022000,22 URDU,90233,47435,42798,80168,42103,38065,10065,5332,4733
C0116,09,50,0004,Tehsil - Kaiserganj 0004,022014, 1 URDU,90233,47435,42798,80168,42103,38065,10065,5332,4733
C0116,09,50,0004,Tehsil - Kaiserganj 0004,028000,28 ARABIC/ARBI,2,2,0,2,2,0,0,0,0
C0116,09,50,0004,Tehsil - Kaiserganj 0004,028001, 1 ARABIC/ARBI,2,2,0,2,2,0,0,0,0
C0116,09,50,0004,Tehsil - Kaiserganj 0004,040000,40 ENGLISH,1,1,0,1,1,0,0,0,0
C0116,09,50,0004,Tehsil - Kaiserganj 0004,040001, 1 ENGLISH,1,1,0,1,1,0,0,0,0
C0116,09,51,0000,District - Shrawasti *  51,002000,2 BENGALI,2475,1279,1196,2475,1279,1196,0,0,0
C0116,09,51,0000,District - Shrawasti *  51,002004, 1 BENGALI,2475,1279,1196,2475,1279,1196,0,0,0
C0116,09,51,0000,District - Shrawasti *  51,005000,5 GUJARATI,1,0,1,1,0,1,0,0,0
C0116,09,51,0000,District - Shrawasti *  51,005011, 1 GUJARATI,1,0,1,1,0,1,0,0,0
C0116,09,51,0000,District - Shrawasti *  51,006000,6 HINDI,1116002,600258,515744,1090719,586944,503775,25283,13314,11969
C0116,09,51,0000,District - Shrawasti *  51,006008, 1 AWADHI,4746,2566,2180,4746,2566,2180,0,0,0
C0116,09,51,0000,District - Shrawasti *  51,006045, 2 BHOJPURI,20,12,8,20,12,8,0,0,0
C0116,09,51,0000,District - Shrawasti *  51,006060, 3 BUNDELI/BUNDELKHANDI,33,12,21,33,12,21,0,0,0
C0116,09,51,0000,District - Shrawasti *  51,006095, 4 GARHWALI,14,7,7,14,7,7,0,0,0
C0116,09,51,0000,District - Shrawasti *  51,006118, 5 HINDI,1109893,597003,512890,1084610,583689,500921,25283,13314,11969
C0116,09,51,0000,District - Shrawasti *  51,006127, 6 JAUNSARI,10,7,3,10,7,3,0,0,0
C0116,09,51,0000,District - Shrawasti *  51,006162, 7 KUMAUNI,2,0,2,2,0,2,0,0,0
C0116,09,51,0000,District - Shrawasti *  51,006999,6 Others,1284,651,633,1284,651,633,0,0,0
C0116,09,51,0000,District - Shrawasti *  51,011000,11 MALAYALAM,5,3,2,5,3,2,0,0,0
C0116,09,51,0000,District - Shrawasti *  51,011013, 1 MALAYALAM,5,3,2,5,3,2,0,0,0
C0116,09,51,0000,District - Shrawasti *  51,013000,13 MARATHI,1,0,1,1,0,1,0,0,0
C0116,09,51,0000,District - Shrawasti *  51,013048, 1 MARATHI,1,0,1,1,0,1,0,0,0
C0116,09,51,0000,District - Shrawasti *  51,014000,14 NEPALI,2889,1587,1302,2836,1555,1281,53,32,21
C0116,09,51,0000,District - Shrawasti *  51,014009, 1 NEPALI,2889,1587,1302,2836,1555,1281,53,32,21
C0116,09,51,0000,District - Shrawasti *  51,016000,16 PUNJABI,152,78,74,152,78,74,0,0,0
C0116,09,51,0000,District - Shrawasti *  51,016018, 1 PUNJABI,152,78,74,152,78,74,0,0,0
C0116,09,51,0000,District - Shrawasti *  51,017000,17 SANSKRIT,1,1,0,1,1,0,0,0,0
C0116,09,51,0000,District - Shrawasti *  51,017002, 1 SANSKRIT,1,1,0,1,1,0,0,0,0
C0116,09,51,0000,District - Shrawasti *  51,020000,20 TAMIL,1,0,1,1,0,1,0,0,0
C0116,09,51,0000,District - Shrawasti *  51,020020, 1 TAMIL,1,0,1,1,0,1,0,0,0
C0116,09,51,0000,District - Shrawasti *  51,021000,21 TELUGU,2,0,2,2,0,2,0,0,0
C0116,09,51,0000,District - Shrawasti *  51,021035, 1 TELUGU,2,0,2,2,0,2,0,0,0
C0116,09,51,0000,District - Shrawasti *  51,022000,22 URDU,54542,28553,25989,46533,24384,22149,8009,4169,3840
C0116,09,51,0000,District - Shrawasti *  51,022014, 1 URDU,54542,28553,25989,46533,24384,22149,8009,4169,3840
C0116,09,51,0000,District - Shrawasti *  51,028000,28 ARABIC/ARBI,97,49,48,97,49,48,0,0,0
C0116,09,51,0000,District - Shrawasti *  51,028001, 1 ARABIC/ARBI,97,49,48,97,49,48,0,0,0
C0116,09,51,0000,District - Shrawasti *  51,040000,40 ENGLISH,46,23,23,45,22,23,1,1,0
C0116,09,51,0000,District - Shrawasti *  51,040001, 1 ENGLISH,46,23,23,45,22,23,1,1,0
C0116,09,51,0000,District - Shrawasti *  51,044000,44 GONDI,3,1,2,3,1,2,0,0,0
C0116,09,51,0000,District - Shrawasti *  51,044999,44 Others,3,1,2,3,1,2,0,0,0
C0116,09,51,0000,District - Shrawasti *  51,075000,75 LAHNDA,2,1,1,2,1,1,0,0,0
C0116,09,51,0000,District - Shrawasti *  51,075012, 1 MULTANI,2,1,1,2,1,1,0,0,0
C0116,09,51,0000,District - Shrawasti *  51,123000,123 OTHERS,172,83,89,162,79,83,10,4,6
C0116,09,51,0001,Tehsil - Bhinga 0001,002000,2 BENGALI,37,9,28,37,9,28,0,0,0
C0116,09,51,0001,Tehsil - Bhinga 0001,002004, 1 BENGALI,37,9,28,37,9,28,0,0,0
C0116,09,51,0001,Tehsil - Bhinga 0001,005000,5 GUJARATI,1,0,1,1,0,1,0,0,0
C0116,09,51,0001,Tehsil - Bhinga 0001,005011, 1 GUJARATI,1,0,1,1,0,1,0,0,0
C0116,09,51,0001,Tehsil - Bhinga 0001,006000,6 HINDI,469916,254308,215608,456530,247268,209262,13386,7040,6346
C0116,09,51,0001,Tehsil - Bhinga 0001,006008, 1 AWADHI,705,384,321,705,384,321,0,0,0
C0116,09,51,0001,Tehsil - Bhinga 0001,006045, 2 BHOJPURI,8,6,2,8,6,2,0,0,0
C0116,09,51,0001,Tehsil - Bhinga 0001,006060, 3 BUNDELI/BUNDELKHANDI,15,4,11,15,4,11,0,0,0
C0116,09,51,0001,Tehsil - Bhinga 0001,006095, 4 GARHWALI,1,1,0,1,1,0,0,0,0
C0116,09,51,0001,Tehsil - Bhinga 0001,006118, 5 HINDI,467906,253264,214642,454520,246224,208296,13386,7040,6346
C0116,09,51,0001,Tehsil - Bhinga 0001,006127, 6 JAUNSARI,1,1,0,1,1,0,0,0,0
C0116,09,51,0001,Tehsil - Bhinga 0001,006162, 7 KUMAUNI,1,0,1,1,0,1,0,0,0
C0116,09,51,0001,Tehsil - Bhinga 0001,006999,6 Others,1279,648,631,1279,648,631,0,0,0
C0116,09,51,0001,Tehsil - Bhinga 0001,011000,11 MALAYALAM,5,3,2,5,3,2,0,0,0
C0116,09,51,0001,Tehsil - Bhinga 0001,011013, 1 MALAYALAM,5,3,2,5,3,2,0,0,0
C0116,09,51,0001,Tehsil - Bhinga 0001,014000,14 NEPALI,1315,732,583,1282,711,571,33,21,12
C0116,09,51,0001,Tehsil - Bhinga 0001,014009, 1 NEPALI,1315,732,583,1282,711,571,33,21,12
C0116,09,51,0001,Tehsil - Bhinga 0001,016000,16 PUNJABI,98,47,51,98,47,51,0,0,0
C0116,09,51,0001,Tehsil - Bhinga 0001,016018, 1 PUNJABI,98,47,51,98,47,51,0,0,0
C0116,09,51,0001,Tehsil - Bhinga 0001,020000,20 TAMIL,1,0,1,1,0,1,0,0,0
C0116,09,51,0001,Tehsil - Bhinga 0001,020020, 1 TAMIL,1,0,1,1,0,1,0,0,0
C0116,09,51,0001,Tehsil - Bhinga 0001,021000,21 TELUGU,2,0,2,2,0,2,0,0,0
C0116,09,51,0001,Tehsil - Bhinga 0001,021035, 1 TELUGU,2,0,2,2,0,2,0,0,0
C0116,09,51,0001,Tehsil - Bhinga 0001,022000,22 URDU,47458,24810,22648,40473,21153,19320,6985,3657,3328
C0116,09,51,0001,Tehsil - Bhinga 0001,022014, 1 URDU,47458,24810,22648,40473,21153,19320,6985,3657,3328
C0116,09,51,0001,Tehsil - Bhinga 0001,040000,40 ENGLISH,1,1,0,0,0,0,1,1,0
C0116,09,51,0001,Tehsil - Bhinga 0001,040001, 1 ENGLISH,1,1,0,0,0,0,1,1,0
C0116,09,51,0001,Tehsil - Bhinga 0001,044000,44 GONDI,3,1,2,3,1,2,0,0,0
C0116,09,51,0001,Tehsil - Bhinga 0001,044999,44 Others,3,1,2,3,1,2,0,0,0
C0116,09,51,0001,Tehsil - Bhinga 0001,075000,75 LAHNDA,2,1,1,2,1,1,0,0,0
C0116,09,51,0001,Tehsil - Bhinga 0001,075012, 1 MULTANI,2,1,1,2,1,1,0,0,0
C0116,09,51,0001,Tehsil - Bhinga 0001,123000,123 OTHERS,47,20,27,37,16,21,10,4,6
C0116,09,51,0002,Tehsil - Ikauna ** 0002,002000,2 BENGALI,66,31,35,66,31,35,0,0,0
C0116,09,51,0002,Tehsil - Ikauna ** 0002,002004, 1 BENGALI,66,31,35,66,31,35,0,0,0
C0116,09,51,0002,Tehsil - Ikauna ** 0002,006000,6 HINDI,331269,177999,153270,319372,171725,147647,11897,6274,5623
C0116,09,51,0002,Tehsil - Ikauna ** 0002,006008, 1 AWADHI,1562,863,699,1562,863,699,0,0,0
C0116,09,51,0002,Tehsil - Ikauna ** 0002,006060, 2 BUNDELI/BUNDELKHANDI,9,2,7,9,2,7,0,0,0
C0116,09,51,0002,Tehsil - Ikauna ** 0002,006095, 3 GARHWALI,4,1,3,4,1,3,0,0,0
C0116,09,51,0002,Tehsil - Ikauna ** 0002,006118, 4 HINDI,329691,177131,152560,317794,170857,146937,11897,6274,5623
C0116,09,51,0002,Tehsil - Ikauna ** 0002,006127, 5 JAUNSARI,3,2,1,3,2,1,0,0,0
C0116,09,51,0002,Tehsil - Ikauna ** 0002,014000,14 NEPALI,860,459,401,840,448,392,20,11,9
C0116,09,51,0002,Tehsil - Ikauna ** 0002,014009, 1 NEPALI,860,459,401,840,448,392,20,11,9
C0116,09,51,0002,Tehsil - Ikauna ** 0002,016000,16 PUNJABI,34,18,16,34,18,16,0,0,0
C0116,09,51,0002,Tehsil - Ikauna ** 0002,016018, 1 PUNJABI,34,18,16,34,18,16,0,0,0
C0116,09,51,0002,Tehsil - Ikauna ** 0002,022000,22 URDU,4661,2454,2207,3637,1942,1695,1024,512,512
C0116,09,51,0002,Tehsil - Ikauna ** 0002,022014, 1 URDU,4661,2454,2207,3637,1942,1695,1024,512,512
C0116,09,51,0002,Tehsil - Ikauna ** 0002,028000,28 ARABIC/ARBI,97,49,48,97,49,48,0,0,0
C0116,09,51,0002,Tehsil - Ikauna ** 0002,028001, 1 ARABIC/ARBI,97,49,48,97,49,48,0,0,0
C0116,09,51,0002,Tehsil - Ikauna ** 0002,123000,123 OTHERS,112,56,56,112,56,56,0,0,0
C0116,09,51,0003,Tehsil - Payagpur ** 0003,002000,2 BENGALI,2372,1239,1133,2372,1239,1133,0,0,0
C0116,09,51,0003,Tehsil - Payagpur ** 0003,002004, 1 BENGALI,2372,1239,1133,2372,1239,1133,0,0,0
C0116,09,51,0003,Tehsil - Payagpur ** 0003,006000,6 HINDI,314817,167951,146866,314817,167951,146866,0,0,0
C0116,09,51,0003,Tehsil - Payagpur ** 0003,006008, 1 AWADHI,2479,1319,1160,2479,1319,1160,0,0,0
C0116,09,51,0003,Tehsil - Payagpur ** 0003,006045, 2 BHOJPURI,12,6,6,12,6,6,0,0,0
C0116,09,51,0003,Tehsil - Payagpur ** 0003,006060, 3 BUNDELI/BUNDELKHANDI,9,6,3,9,6,3,0,0,0
C0116,09,51,0003,Tehsil - Payagpur ** 0003,006095, 4 GARHWALI,9,5,4,9,5,4,0,0,0
C0116,09,51,0003,Tehsil - Payagpur ** 0003,006118, 5 HINDI,312296,166608,145688,312296,166608,145688,0,0,0
C0116,09,51,0003,Tehsil - Payagpur ** 0003,006127, 6 JAUNSARI,6,4,2,6,4,2,0,0,0
C0116,09,51,0003,Tehsil - Payagpur ** 0003,006162, 7 KUMAUNI,1,0,1,1,0,1,0,0,0
C0116,09,51,0003,Tehsil - Payagpur ** 0003,006999,6 Others,5,3,2,5,3,2,0,0,0
C0116,09,51,0003,Tehsil - Payagpur ** 0003,013000,13 MARATHI,1,0,1,1,0,1,0,0,0
C0116,09,51,0003,Tehsil - Payagpur ** 0003,013048, 1 MARATHI,1,0,1,1,0,1,0,0,0
C0116,09,51,0003,Tehsil - Payagpur ** 0003,014000,14 NEPALI,714,396,318,714,396,318,0,0,0
C0116,09,51,0003,Tehsil - Payagpur ** 0003,014009, 1 NEPALI,714,396,318,714,396,318,0,0,0
C0116,09,51,0003,Tehsil - Payagpur ** 0003,016000,16 PUNJABI,20,13,7,20,13,7,0,0,0
C0116,09,51,0003,Tehsil - Payagpur ** 0003,016018, 1 PUNJABI,20,13,7,20,13,7,0,0,0
C0116,09,51,0003,Tehsil - Payagpur ** 0003,017000,17 SANSKRIT,1,1,0,1,1,0,0,0,0
C0116,09,51,0003,Tehsil - Payagpur ** 0003,017002, 1 SANSKRIT,1,1,0,1,1,0,0,0,0
C0116,09,51,0003,Tehsil - Payagpur ** 0003,022000,22 URDU,2423,1289,1134,2423,1289,1134,0,0,0
C0116,09,51,0003,Tehsil - Payagpur ** 0003,022014, 1 URDU,2423,1289,1134,2423,1289,1134,0,0,0
C0116,09,51,0003,Tehsil - Payagpur ** 0003,040000,40 ENGLISH,45,22,23,45,22,23,0,0,0
C0116,09,51,0003,Tehsil - Payagpur ** 0003,040001, 1 ENGLISH,45,22,23,45,22,23,0,0,0
C0116,09,51,0003,Tehsil - Payagpur ** 0003,123000,123 OTHERS,13,7,6,13,7,6,0,0,0
C0116,09,52,0000,District - Balrampur *  52,002000,2 BENGALI,182,80,102,158,68,90,24,12,12
C0116,09,52,0000,District - Balrampur *  52,002004, 1 BENGALI,182,80,102,158,68,90,24,12,12
C0116,09,52,0000,District - Balrampur *  52,006000,6 HINDI,1542838,816904,725934,1430585,757809,672776,112253,59095,53158
C0116,09,52,0000,District - Balrampur *  52,006008, 1 AWADHI,10757,5653,5104,9698,5091,4607,1059,562,497
C0116,09,52,0000,District - Balrampur *  52,006045, 2 BHOJPURI,57,38,19,35,27,8,22,11,11
C0116,09,52,0000,District - Balrampur *  52,006059, 3 BRAJBHASHA,1,0,1,1,0,1,0,0,0
C0116,09,52,0000,District - Balrampur *  52,006060, 4 BUNDELI/BUNDELKHANDI,59,16,43,45,9,36,14,7,7
C0116,09,52,0000,District - Balrampur *  52,006072, 5 CHHATTISGARHI,121,69,52,121,69,52,0,0,0
C0116,09,52,0000,District - Balrampur *  52,006095, 6 GARHWALI,15,11,4,12,9,3,3,2,1
C0116,09,52,0000,District - Balrampur *  52,006117, 7 HARYANVI,7,4,3,6,4,2,1,0,1
C0116,09,52,0000,District - Balrampur *  52,006118, 8 HINDI,1531600,810977,720623,1420447,752465,667982,111153,58512,52641
C0116,09,52,0000,District - Balrampur *  52,006162, 9 KUMAUNI,5,1,4,4,0,4,1,1,0
C0116,09,52,0000,District - Balrampur *  52,006192, 10 MARWARI,15,7,8,15,7,8,0,0,0
C0116,09,52,0000,District - Balrampur *  52,006242, 11 RAJASTHANI,9,5,4,9,5,4,0,0,0
C0116,09,52,0000,District - Balrampur *  52,006999,6 Others,192,123,69,192,123,69,0,0,0
C0116,09,52,0000,District - Balrampur *  52,007000,7 KANNADA,4,1,3,0,0,0,4,1,3
C0116,09,52,0000,District - Balrampur *  52,007002, 1 BADAGA,2,1,1,0,0,0,2,1,1
C0116,09,52,0000,District - Balrampur *  52,007013, 2 KANNADA,2,0,2,0,0,0,2,0,2
C0116,09,52,0000,District - Balrampur *  52,011000,11 MALAYALAM,12,2,10,3,0,3,9,2,7
C0116,09,52,0000,District - Balrampur *  52,011013, 1 MALAYALAM,12,2,10,3,0,3,9,2,7
C0116,09,52,0000,District - Balrampur *  52,013000,13 MARATHI,15,5,10,11,3,8,4,2,2
C0116,09,52,0000,District - Balrampur *  52,013048, 1 MARATHI,15,5,10,11,3,8,4,2,2
C0116,09,52,0000,District - Balrampur *  52,014000,14 NEPALI,534,266,268,509,254,255,25,12,13
C0116,09,52,0000,District - Balrampur *  52,014009, 1 NEPALI,534,266,268,509,254,255,25,12,13
C0116,09,52,0000,District - Balrampur *  52,015000,15 ORIYA,2,1,1,2,1,1,0,0,0
C0116,09,52,0000,District - Balrampur *  52,015031, 1 ORIYA,1,1,0,1,1,0,0,0,0
C0116,09,52,0000,District - Balrampur *  52,015999,15 Others,1,0,1,1,0,1,0,0,0
C0116,09,52,0000,District - Balrampur *  52,016000,16 PUNJABI,153,73,80,4,1,3,149,72,77
C0116,09,52,0000,District - Balrampur *  52,016018, 1 PUNJABI,135,65,70,1,0,1,134,65,69
C0116,09,52,0000,District - Balrampur *  52,016999,16 Others,18,8,10,3,1,2,15,7,8
C0116,09,52,0000,District - Balrampur *  52,017000,17 SANSKRIT,1,0,1,0,0,0,1,0,1
C0116,09,52,0000,District - Balrampur *  52,017002, 1 SANSKRIT,1,0,1,0,0,0,1,0,1
C0116,09,52,0000,District - Balrampur *  52,019000,19 SINDHI,1,1,0,0,0,0,1,1,0
C0116,09,52,0000,District - Balrampur *  52,019013, 1 SINDHI,1,1,0,0,0,0,1,1,0
C0116,09,52,0000,District - Balrampur *  52,020000,20 TAMIL,24,15,9,19,12,7,5,3,2
C0116,09,52,0000,District - Balrampur *  52,020020, 1 TAMIL,24,15,9,19,12,7,5,3,2
C0116,09,52,0000,District - Balrampur *  52,021000,21 TELUGU,4,2,2,1,0,1,3,2,1
C0116,09,52,0000,District - Balrampur *  52,021035, 1 TELUGU,4,2,2,1,0,1,3,2,1
C0116,09,52,0000,District - Balrampur *  52,022000,22 URDU,138333,70460,67873,115291,58313,56978,23042,12147,10895
C0116,09,52,0000,District - Balrampur *  52,022014, 1 URDU,138333,70460,67873,115291,58313,56978,23042,12147,10895
C0116,09,52,0000,District - Balrampur *  52,028000,28 ARABIC/ARBI,23,8,15,23,8,15,0,0,0
C0116,09,52,0000,District - Balrampur *  52,028001, 1 ARABIC/ARBI,23,8,15,23,8,15,0,0,0
C0116,09,52,0000,District - Balrampur *  52,040000,40 ENGLISH,10,8,2,5,4,1,5,4,1
C0116,09,52,0000,District - Balrampur *  52,040001, 1 ENGLISH,10,8,2,5,4,1,5,4,1
C0116,09,52,0000,District - Balrampur *  52,044000,44 GONDI,75,43,32,75,43,32,0,0,0
C0116,09,52,0000,District - Balrampur *  52,044999,44 Others,75,43,32,75,43,32,0,0,0
C0116,09,52,0000,District - Balrampur *  52,065000,65 KONDA,1,0,1,1,0,1,0,0,0
C0116,09,52,0000,District - Balrampur *  52,065999,65 Others,1,0,1,1,0,1,0,0,0
C0116,09,52,0000,District - Balrampur *  52,072000,72 KURUKH/ORAON,3,0,3,0,0,0,3,0,3
C0116,09,52,0000,District - Balrampur *  52,072009, 1 KURUKH/ORAON,3,0,3,0,0,0,3,0,3
C0116,09,52,0000,District - Balrampur *  52,091000,91 MUNDARI,1,0,1,0,0,0,1,0,1
C0116,09,52,0000,District - Balrampur *  52,091004, 1 MUNDARI,1,0,1,0,0,0,1,0,1
C0116,09,52,0000,District - Balrampur *  52,123000,123 OTHERS,134,70,64,83,45,38,51,25,26
C0116,09,52,0001,Tehsil - Balrampur 0001,002000,2 BENGALI,54,27,27,43,23,20,11,4,7
C0116,09,52,0001,Tehsil - Balrampur 0001,002004, 1 BENGALI,54,27,27,43,23,20,11,4,7
C0116,09,52,0001,Tehsil - Balrampur 0001,006000,6 HINDI,499660,270456,229204,434998,236474,198524,64662,33982,30680
C0116,09,52,0001,Tehsil - Balrampur 0001,006008, 1 AWADHI,1717,911,806,702,372,330,1015,539,476
C0116,09,52,0001,Tehsil - Balrampur 0001,006045, 2 BHOJPURI,28,15,13,9,5,4,19,10,9
C0116,09,52,0001,Tehsil - Balrampur 0001,006060, 3 BUNDELI/BUNDELKHANDI,14,5,9,12,4,8,2,1,1
C0116,09,52,0001,Tehsil - Balrampur 0001,006095, 4 GARHWALI,5,3,2,2,1,1,3,2,1
C0116,09,52,0001,Tehsil - Balrampur 0001,006117, 5 HARYANVI,6,4,2,6,4,2,0,0,0
C0116,09,52,0001,Tehsil - Balrampur 0001,006118, 6 HINDI,497862,269503,228359,434239,236073,198166,63623,33430,30193
C0116,09,52,0001,Tehsil - Balrampur 0001,006192, 7 MARWARI,15,7,8,15,7,8,0,0,0
C0116,09,52,0001,Tehsil - Balrampur 0001,006242, 8 RAJASTHANI,9,5,4,9,5,4,0,0,0
C0116,09,52,0001,Tehsil - Balrampur 0001,006999,6 Others,4,3,1,4,3,1,0,0,0
C0116,09,52,0001,Tehsil - Balrampur 0001,011000,11 MALAYALAM,3,0,3,3,0,3,0,0,0
C0116,09,52,0001,Tehsil - Balrampur 0001,011013, 1 MALAYALAM,3,0,3,3,0,3,0,0,0
C0116,09,52,0001,Tehsil - Balrampur 0001,014000,14 NEPALI,133,68,65,127,64,63,6,4,2
C0116,09,52,0001,Tehsil - Balrampur 0001,014009, 1 NEPALI,133,68,65,127,64,63,6,4,2
C0116,09,52,0001,Tehsil - Balrampur 0001,015000,15 ORIYA,1,1,0,1,1,0,0,0,0
C0116,09,52,0001,Tehsil - Balrampur 0001,015031, 1 ORIYA,1,1,0,1,1,0,0,0,0
C0116,09,52,0001,Tehsil - Balrampur 0001,016000,16 PUNJABI,41,22,19,0,0,0,41,22,19
C0116,09,52,0001,Tehsil - Balrampur 0001,016018, 1 PUNJABI,41,22,19,0,0,0,41,22,19
C0116,09,52,0001,Tehsil - Balrampur 0001,019000,19 SINDHI,1,1,0,0,0,0,1,1,0
C0116,09,52,0001,Tehsil - Balrampur 0001,019013, 1 SINDHI,1,1,0,0,0,0,1,1,0
C0116,09,52,0001,Tehsil - Balrampur 0001,020000,20 TAMIL,2,1,1,2,1,1,0,0,0
C0116,09,52,0001,Tehsil - Balrampur 0001,020020, 1 TAMIL,2,1,1,2,1,1,0,0,0
C0116,09,52,0001,Tehsil - Balrampur 0001,022000,22 URDU,22014,11595,10419,14264,7484,6780,7750,4111,3639
C0116,09,52,0001,Tehsil - Balrampur 0001,022014, 1 URDU,22014,11595,10419,14264,7484,6780,7750,4111,3639
C0116,09,52,0001,Tehsil - Balrampur 0001,028000,28 ARABIC/ARBI,16,3,13,16,3,13,0,0,0
C0116,09,52,0001,Tehsil - Balrampur 0001,028001, 1 ARABIC/ARBI,16,3,13,16,3,13,0,0,0
C0116,09,52,0001,Tehsil - Balrampur 0001,040000,40 ENGLISH,3,3,0,3,3,0,0,0,0
C0116,09,52,0001,Tehsil - Balrampur 0001,040001, 1 ENGLISH,3,3,0,3,3,0,0,0,0
C0116,09,52,0001,Tehsil - Balrampur 0001,123000,123 OTHERS,30,11,19,0,0,0,30,11,19
C0116,09,52,0002,Tehsil - Tulsipur 0002,002000,2 BENGALI,59,17,42,51,14,37,8,3,5
C0116,09,52,0002,Tehsil - Tulsipur 0002,002004, 1 BENGALI,59,17,42,51,14,37,8,3,5
C0116,09,52,0002,Tehsil - Tulsipur 0002,006000,6 HINDI,559803,299685,260118,532003,284990,247013,27800,14695,13105
C0116,09,52,0002,Tehsil - Tulsipur 0002,006008, 1 AWADHI,7068,3729,3339,7024,3706,3318,44,23,21
C0116,09,52,0002,Tehsil - Tulsipur 0002,006045, 2 BHOJPURI,6,3,3,4,2,2,2,1,1
C0116,09,52,0002,Tehsil - Tulsipur 0002,006059, 3 BRAJBHASHA,1,0,1,1,0,1,0,0,0
C0116,09,52,0002,Tehsil - Tulsipur 0002,006060, 4 BUNDELI/BUNDELKHANDI,35,7,28,25,3,22,10,4,6
C0116,09,52,0002,Tehsil - Tulsipur 0002,006095, 5 GARHWALI,9,7,2,9,7,2,0,0,0
C0116,09,52,0002,Tehsil - Tulsipur 0002,006118, 6 HINDI,552496,295819,256677,524752,281152,243600,27744,14667,13077
C0116,09,52,0002,Tehsil - Tulsipur 0002,006162, 7 KUMAUNI,1,0,1,1,0,1,0,0,0
C0116,09,52,0002,Tehsil - Tulsipur 0002,006999,6 Others,187,120,67,187,120,67,0,0,0
C0116,09,52,0002,Tehsil - Tulsipur 0002,007000,7 KANNADA,2,0,2,0,0,0,2,0,2
C0116,09,52,0002,Tehsil - Tulsipur 0002,007013, 1 KANNADA,2,0,2,0,0,0,2,0,2
C0116,09,52,0002,Tehsil - Tulsipur 0002,011000,11 MALAYALAM,1,1,0,0,0,0,1,1,0
C0116,09,52,0002,Tehsil - Tulsipur 0002,011013, 1 MALAYALAM,1,1,0,0,0,0,1,1,0
C0116,09,52,0002,Tehsil - Tulsipur 0002,013000,13 MARATHI,2,1,1,2,1,1,0,0,0
C0116,09,52,0002,Tehsil - Tulsipur 0002,013048, 1 MARATHI,2,1,1,2,1,1,0,0,0
C0116,09,52,0002,Tehsil - Tulsipur 0002,014000,14 NEPALI,156,79,77,145,73,72,11,6,5
C0116,09,52,0002,Tehsil - Tulsipur 0002,014009, 1 NEPALI,156,79,77,145,73,72,11,6,5
C0116,09,52,0002,Tehsil - Tulsipur 0002,015000,15 ORIYA,1,0,1,1,0,1,0,0,0
C0116,09,52,0002,Tehsil - Tulsipur 0002,015999,15 Others,1,0,1,1,0,1,0,0,0
C0116,09,52,0002,Tehsil - Tulsipur 0002,016000,16 PUNJABI,15,5,10,4,1,3,11,4,7
C0116,09,52,0002,Tehsil - Tulsipur 0002,016018, 1 PUNJABI,12,4,8,1,0,1,11,4,7
C0116,09,52,0002,Tehsil - Tulsipur 0002,016999,16 Others,3,1,2,3,1,2,0,0,0
C0116,09,52,0002,Tehsil - Tulsipur 0002,017000,17 SANSKRIT,1,0,1,0,0,0,1,0,1
C0116,09,52,0002,Tehsil - Tulsipur 0002,017002, 1 SANSKRIT,1,0,1,0,0,0,1,0,1
C0116,09,52,0002,Tehsil - Tulsipur 0002,020000,20 TAMIL,15,9,6,15,9,6,0,0,0
C0116,09,52,0002,Tehsil - Tulsipur 0002,020020, 1 TAMIL,15,9,6,15,9,6,0,0,0
C0116,09,52,0002,Tehsil - Tulsipur 0002,021000,21 TELUGU,1,0,1,1,0,1,0,0,0
C0116,09,52,0002,Tehsil - Tulsipur 0002,021035, 1 TELUGU,1,0,1,1,0,1,0,0,0
C0116,09,52,0002,Tehsil - Tulsipur 0002,022000,22 URDU,43932,22830,21102,36211,18827,17384,7721,4003,3718
C0116,09,52,0002,Tehsil - Tulsipur 0002,022014, 1 URDU,43932,22830,21102,36211,18827,17384,7721,4003,3718
C0116,09,52,0002,Tehsil - Tulsipur 0002,028000,28 ARABIC/ARBI,6,5,1,6,5,1,0,0,0
C0116,09,52,0002,Tehsil - Tulsipur 0002,028001, 1 ARABIC/ARBI,6,5,1,6,5,1,0,0,0
C0116,09,52,0002,Tehsil - Tulsipur 0002,040000,40 ENGLISH,7,5,2,2,1,1,5,4,1
C0116,09,52,0002,Tehsil - Tulsipur 0002,040001, 1 ENGLISH,7,5,2,2,1,1,5,4,1
C0116,09,52,0002,Tehsil - Tulsipur 0002,065000,65 KONDA,1,0,1,1,0,1,0,0,0
C0116,09,52,0002,Tehsil - Tulsipur 0002,065999,65 Others,1,0,1,1,0,1,0,0,0
C0116,09,52,0002,Tehsil - Tulsipur 0002,123000,123 OTHERS,98,55,43,81,44,37,17,11,6
C0116,09,52,0003,Tehsil - Utraula 0003,002000,2 BENGALI,69,36,33,64,31,33,5,5,0
C0116,09,52,0003,Tehsil - Utraula 0003,002004, 1 BENGALI,69,36,33,64,31,33,5,5,0
C0116,09,52,0003,Tehsil - Utraula 0003,006000,6 HINDI,483375,246763,236612,463584,236345,227239,19791,10418,9373
C0116,09,52,0003,Tehsil - Utraula 0003,006008, 1 AWADHI,1972,1013,959,1972,1013,959,0,0,0
C0116,09,52,0003,Tehsil - Utraula 0003,006045, 2 BHOJPURI,23,20,3,22,20,2,1,0,1
C0116,09,52,0003,Tehsil - Utraula 0003,006060, 3 BUNDELI/BUNDELKHANDI,10,4,6,8,2,6,2,2,0
C0116,09,52,0003,Tehsil - Utraula 0003,006072, 4 CHHATTISGARHI,121,69,52,121,69,52,0,0,0
C0116,09,52,0003,Tehsil - Utraula 0003,006095, 5 GARHWALI,1,1,0,1,1,0,0,0,0
C0116,09,52,0003,Tehsil - Utraula 0003,006117, 6 HARYANVI,1,0,1,0,0,0,1,0,1
C0116,09,52,0003,Tehsil - Utraula 0003,006118, 7 HINDI,481242,245655,235587,461456,235240,226216,19786,10415,9371
C0116,09,52,0003,Tehsil - Utraula 0003,006162, 8 KUMAUNI,4,1,3,3,0,3,1,1,0
C0116,09,52,0003,Tehsil - Utraula 0003,006999,6 Others,1,0,1,1,0,1,0,0,0
C0116,09,52,0003,Tehsil - Utraula 0003,007000,7 KANNADA,2,1,1,0,0,0,2,1,1
C0116,09,52,0003,Tehsil - Utraula 0003,007002, 1 BADAGA,2,1,1,0,0,0,2,1,1
C0116,09,52,0003,Tehsil - Utraula 0003,011000,11 MALAYALAM,8,1,7,0,0,0,8,1,7
C0116,09,52,0003,Tehsil - Utraula 0003,011013, 1 MALAYALAM,8,1,7,0,0,0,8,1,7
C0116,09,52,0003,Tehsil - Utraula 0003,013000,13 MARATHI,13,4,9,9,2,7,4,2,2
C0116,09,52,0003,Tehsil - Utraula 0003,013048, 1 MARATHI,13,4,9,9,2,7,4,2,2
C0116,09,52,0003,Tehsil - Utraula 0003,014000,14 NEPALI,245,119,126,237,117,120,8,2,6
C0116,09,52,0003,Tehsil - Utraula 0003,014009, 1 NEPALI,245,119,126,237,117,120,8,2,6
C0116,09,52,0003,Tehsil - Utraula 0003,016000,16 PUNJABI,97,46,51,0,0,0,97,46,51
C0116,09,52,0003,Tehsil - Utraula 0003,016018, 1 PUNJABI,82,39,43,0,0,0,82,39,43
C0116,09,52,0003,Tehsil - Utraula 0003,016999,16 Others,15,7,8,0,0,0,15,7,8
C0116,09,52,0003,Tehsil - Utraula 0003,020000,20 TAMIL,7,5,2,2,2,0,5,3,2
C0116,09,52,0003,Tehsil - Utraula 0003,020020, 1 TAMIL,7,5,2,2,2,0,5,3,2
C0116,09,52,0003,Tehsil - Utraula 0003,021000,21 TELUGU,3,2,1,0,0,0,3,2,1
C0116,09,52,0003,Tehsil - Utraula 0003,021035, 1 TELUGU,3,2,1,0,0,0,3,2,1
C0116,09,52,0003,Tehsil - Utraula 0003,022000,22 URDU,72387,36035,36352,64816,32002,32814,7571,4033,3538
C0116,09,52,0003,Tehsil - Utraula 0003,022014, 1 URDU,72387,36035,36352,64816,32002,32814,7571,4033,3538
C0116,09,52,0003,Tehsil - Utraula 0003,028000,28 ARABIC/ARBI,1,0,1,1,0,1,0,0,0
C0116,09,52,0003,Tehsil - Utraula 0003,028001, 1 ARABIC/ARBI,1,0,1,1,0,1,0,0,0
C0116,09,52,0003,Tehsil - Utraula 0003,044000,44 GONDI,75,43,32,75,43,32,0,0,0
C0116,09,52,0003,Tehsil - Utraula 0003,044999,44 Others,75,43,32,75,43,32,0,0,0
C0116,09,52,0003,Tehsil - Utraula 0003,072000,72 KURUKH/ORAON,3,0,3,0,0,0,3,0,3
C0116,09,52,0003,Tehsil - Utraula 0003,072009, 1 KURUKH/ORAON,3,0,3,0,0,0,3,0,3
C0116,09,52,0003,Tehsil - Utraula 0003,091000,91 MUNDARI,1,0,1,0,0,0,1,0,1
C0116,09,52,0003,Tehsil - Utraula 0003,091004, 1 MUNDARI,1,0,1,0,0,0,1,0,1
C0116,09,52,0003,Tehsil - Utraula 0003,123000,123 OTHERS,6,4,2,2,1,1,4,3,1
C0116,09,53,0000,District - Gonda  53,001000,1 ASSAMESE,6,1,5,5,0,5,1,1,0
C0116,09,53,0000,District - Gonda  53,001002, 1 ASSAMESE,6,1,5,5,0,5,1,1,0
C0116,09,53,0000,District - Gonda  53,002000,2 BENGALI,531,261,270,333,156,177,198,105,93
C0116,09,53,0000,District - Gonda  53,002004, 1 BENGALI,531,261,270,333,156,177,198,105,93
C0116,09,53,0000,District - Gonda  53,004000,4 DOGRI,1,1,0,0,0,0,1,1,0
C0116,09,53,0000,District - Gonda  53,004001, 1 DOGRI,1,1,0,0,0,0,1,1,0
C0116,09,53,0000,District - Gonda  53,005000,5 GUJARATI,23,14,9,23,14,9,0,0,0
C0116,09,53,0000,District - Gonda  53,005011, 1 GUJARATI,23,14,9,23,14,9,0,0,0
C0116,09,53,0000,District - Gonda  53,006000,6 HINDI,2618628,1373698,1244930,2472030,1294938,1177092,146598,78760,67838
C0116,09,53,0000,District - Gonda  53,006008, 1 AWADHI,365858,190796,175062,364163,189916,174247,1695,880,815
C0116,09,53,0000,District - Gonda  53,006045, 2 BHOJPURI,1012,536,476,969,516,453,43,20,23
C0116,09,53,0000,District - Gonda  53,006059, 3 BRAJBHASHA,19,16,3,19,16,3,0,0,0
C0116,09,53,0000,District - Gonda  53,006060, 4 BUNDELI/BUNDELKHANDI,142,46,96,110,29,81,32,17,15
C0116,09,53,0000,District - Gonda  53,006072, 5 CHHATTISGARHI,853,445,408,853,445,408,0,0,0
C0116,09,53,0000,District - Gonda  53,006095, 6 GARHWALI,158,84,74,144,78,66,14,6,8
C0116,09,53,0000,District - Gonda  53,006117, 7 HARYANVI,4,2,2,4,2,2,0,0,0
C0116,09,53,0000,District - Gonda  53,006118, 8 HINDI,2249976,1181432,1068544,2105170,1103601,1001569,144806,77831,66975
C0116,09,53,0000,District - Gonda  53,006127, 9 JAUNSARI,7,3,4,7,3,4,0,0,0
C0116,09,53,0000,District - Gonda  53,006138, 10 KANGRI,1,1,0,0,0,0,1,1,0
C0116,09,53,0000,District - Gonda  53,006148, 11 KHARI BOLI,31,21,10,27,18,9,4,3,1
C0116,09,53,0000,District - Gonda  53,006162, 12 KUMAUNI,9,5,4,8,4,4,1,1,0
C0116,09,53,0000,District - Gonda  53,006192, 13 MARWARI,5,2,3,5,2,3,0,0,0
C0116,09,53,0000,District - Gonda  53,006242, 14 RAJASTHANI,11,11,0,11,11,0,0,0,0
C0116,09,53,0000,District - Gonda  53,006999,6 Others,542,298,244,540,297,243,2,1,1
C0116,09,53,0000,District - Gonda  53,008000,8 KASHMIRI,18,8,10,4,1,3,14,7,7
C0116,09,53,0000,District - Gonda  53,008002, 1 KASHMIRI,18,8,10,4,1,3,14,7,7
C0116,09,53,0000,District - Gonda  53,009000,9 KONKANI,1,1,0,0,0,0,1,1,0
C0116,09,53,0000,District - Gonda  53,009010, 1 KONKANI,1,1,0,0,0,0,1,1,0
C0116,09,53,0000,District - Gonda  53,010000,10 MAITHILI,3,0,3,1,0,1,2,0,2
C0116,09,53,0000,District - Gonda  53,010006, 1 MAITHILI,3,0,3,1,0,1,2,0,2
C0116,09,53,0000,District - Gonda  53,011000,11 MALAYALAM,36,15,21,2,1,1,34,14,20
C0116,09,53,0000,District - Gonda  53,011013, 1 MALAYALAM,35,15,20,2,1,1,33,14,19
C0116,09,53,0000,District - Gonda  53,011999,11 Others,1,0,1,0,0,0,1,0,1
C0116,09,53,0000,District - Gonda  53,012000,12 MANIPURI,1,1,0,0,0,0,1,1,0
C0116,09,53,0000,District - Gonda  53,012002, 1 MANIPURI,1,1,0,0,0,0,1,1,0
C0116,09,53,0000,District - Gonda  53,013000,13 MARATHI,30,14,16,12,3,9,18,11,7
C0116,09,53,0000,District - Gonda  53,013048, 1 MARATHI,29,14,15,11,3,8,18,11,7
C0116,09,53,0000,District - Gonda  53,013999,13 Others,1,0,1,1,0,1,0,0,0
C0116,09,53,0000,District - Gonda  53,014000,14 NEPALI,4308,2332,1976,4014,2155,1859,294,177,117
C0116,09,53,0000,District - Gonda  53,014009, 1 NEPALI,4308,2332,1976,4014,2155,1859,294,177,117
C0116,09,53,0000,District - Gonda  53,015000,15 ORIYA,223,124,99,215,119,96,8,5,3
C0116,09,53,0000,District - Gonda  53,015031, 1 ORIYA,223,124,99,215,119,96,8,5,3
C0116,09,53,0000,District - Gonda  53,016000,16 PUNJABI,984,528,456,464,246,218,520,282,238
C0116,09,53,0000,District - Gonda  53,016001, 1 BAGRI,3,1,2,0,0,0,3,1,2
C0116,09,53,0000,District - Gonda  53,016018, 2 PUNJABI,966,519,447,464,246,218,502,273,229
C0116,09,53,0000,District - Gonda  53,016999,16 Others,15,8,7,0,0,0,15,8,7
C0116,09,53,0000,District - Gonda  53,017000,17 SANSKRIT,9,4,5,7,4,3,2,0,2
C0116,09,53,0000,District - Gonda  53,017002, 1 SANSKRIT,9,4,5,7,4,3,2,0,2
C0116,09,53,0000,District - Gonda  53,018000,18 SANTALI,5,5,0,5,5,0,0,0,0
C0116,09,53,0000,District - Gonda  53,018013, 1 SANTALI,5,5,0,5,5,0,0,0,0
C0116,09,53,0000,District - Gonda  53,019000,19 SINDHI,197,98,99,2,2,0,195,96,99
C0116,09,53,0000,District - Gonda  53,019013, 1 SINDHI,197,98,99,2,2,0,195,96,99
C0116,09,53,0000,District - Gonda  53,020000,20 TAMIL,14,8,6,2,1,1,12,7,5
C0116,09,53,0000,District - Gonda  53,020020, 1 TAMIL,14,8,6,2,1,1,12,7,5
C0116,09,53,0000,District - Gonda  53,021000,21 TELUGU,6,5,1,0,0,0,6,5,1
C0116,09,53,0000,District - Gonda  53,021035, 1 TELUGU,6,5,1,0,0,0,6,5,1
C0116,09,53,0000,District - Gonda  53,022000,22 URDU,138957,73144,65813,92592,47553,45039,46365,25591,20774
C0116,09,53,0000,District - Gonda  53,022014, 1 URDU,138957,73144,65813,92592,47553,45039,46365,25591,20774
C0116,09,53,0000,District - Gonda  53,023000,23 ADI,1,1,0,1,1,0,0,0,0
C0116,09,53,0000,District - Gonda  53,023999,23 Others,1,1,0,1,1,0,0,0,0
C0116,09,53,0000,District - Gonda  53,028000,28 ARABIC/ARBI,161,82,79,160,82,78,1,0,1
C0116,09,53,0000,District - Gonda  53,028001, 1 ARABIC/ARBI,161,82,79,160,82,78,1,0,1
C0116,09,53,0000,District - Gonda  53,040000,40 ENGLISH,103,56,47,84,45,39,19,11,8
C0116,09,53,0000,District - Gonda  53,040001, 1 ENGLISH,103,56,47,84,45,39,19,11,8
C0116,09,53,0000,District - Gonda  53,044000,44 GONDI,1062,550,512,1051,539,512,11,11,0
C0116,09,53,0000,District - Gonda  53,044999,44 Others,1062,550,512,1051,539,512,11,11,0
C0116,09,53,0000,District - Gonda  53,072000,72 KURUKH/ORAON,65,37,28,57,32,25,8,5,3
C0116,09,53,0000,District - Gonda  53,072009, 1 KURUKH/ORAON,65,37,28,57,32,25,8,5,3
C0116,09,53,0000,District - Gonda  53,090000,90 MUNDA,19,12,7,19,12,7,0,0,0
C0116,09,53,0000,District - Gonda  53,090999,90 Others,19,12,7,19,12,7,0,0,0
C0116,09,53,0000,District - Gonda  53,091000,91 MUNDARI,24,10,14,24,10,14,0,0,0
C0116,09,53,0000,District - Gonda  53,091004, 1 MUNDARI,24,10,14,24,10,14,0,0,0
C0116,09,53,0000,District - Gonda  53,123000,123 OTHERS,170,91,79,160,85,75,10,6,4
C0116,09,53,0001,Tehsil - Gonda 0001,002000,2 BENGALI,185,98,87,113,57,56,72,41,31
C0116,09,53,0001,Tehsil - Gonda 0001,002004, 1 BENGALI,185,98,87,113,57,56,72,41,31
C0116,09,53,0001,Tehsil - Gonda 0001,005000,5 GUJARATI,16,10,6,16,10,6,0,0,0
C0116,09,53,0001,Tehsil - Gonda 0001,005011, 1 GUJARATI,16,10,6,16,10,6,0,0,0
C0116,09,53,0001,Tehsil - Gonda 0001,006000,6 HINDI,875288,462657,412631,776450,408925,367525,98838,53732,45106
C0116,09,53,0001,Tehsil - Gonda 0001,006008, 1 AWADHI,61383,32180,29203,61377,32178,29199,6,2,4
C0116,09,53,0001,Tehsil - Gonda 0001,006045, 2 BHOJPURI,310,167,143,294,159,135,16,8,8
C0116,09,53,0001,Tehsil - Gonda 0001,006059, 3 BRAJBHASHA,16,14,2,16,14,2,0,0,0
C0116,09,53,0001,Tehsil - Gonda 0001,006060, 4 BUNDELI/BUNDELKHANDI,59,17,42,47,12,35,12,5,7
C0116,09,53,0001,Tehsil - Gonda 0001,006072, 5 CHHATTISGARHI,401,204,197,401,204,197,0,0,0
C0116,09,53,0001,Tehsil - Gonda 0001,006095, 6 GARHWALI,36,13,23,28,10,18,8,3,5
C0116,09,53,0001,Tehsil - Gonda 0001,006118, 7 HINDI,812718,429849,382869,713928,376139,337789,98790,53710,45080
C0116,09,53,0001,Tehsil - Gonda 0001,006127, 8 JAUNSARI,1,1,0,1,1,0,0,0,0
C0116,09,53,0001,Tehsil - Gonda 0001,006148, 9 KHARI BOLI,4,3,1,0,0,0,4,3,1
C0116,09,53,0001,Tehsil - Gonda 0001,006162, 10 KUMAUNI,4,2,2,4,2,2,0,0,0
C0116,09,53,0001,Tehsil - Gonda 0001,006242, 11 RAJASTHANI,4,4,0,4,4,0,0,0,0
C0116,09,53,0001,Tehsil - Gonda 0001,006999,6 Others,352,203,149,350,202,148,2,1,1
C0116,09,53,0001,Tehsil - Gonda 0001,011000,11 MALAYALAM,1,0,1,0,0,0,1,0,1
C0116,09,53,0001,Tehsil - Gonda 0001,011999,11 Others,1,0,1,0,0,0,1,0,1
C0116,09,53,0001,Tehsil - Gonda 0001,013000,13 MARATHI,9,3,6,6,1,5,3,2,1
C0116,09,53,0001,Tehsil - Gonda 0001,013048, 1 MARATHI,8,3,5,5,1,4,3,2,1
C0116,09,53,0001,Tehsil - Gonda 0001,013999,13 Others,1,0,1,1,0,1,0,0,0
C0116,09,53,0001,Tehsil - Gonda 0001,014000,14 NEPALI,1299,680,619,1090,559,531,209,121,88
C0116,09,53,0001,Tehsil - Gonda 0001,014009, 1 NEPALI,1299,680,619,1090,559,531,209,121,88
C0116,09,53,0001,Tehsil - Gonda 0001,015000,15 ORIYA,4,1,3,4,1,3,0,0,0
C0116,09,53,0001,Tehsil - Gonda 0001,015031, 1 ORIYA,4,1,3,4,1,3,0,0,0
C0116,09,53,0001,Tehsil - Gonda 0001,016000,16 PUNJABI,294,155,139,69,35,34,225,120,105
C0116,09,53,0001,Tehsil - Gonda 0001,016018, 1 PUNJABI,290,152,138,69,35,34,221,117,104
C0116,09,53,0001,Tehsil - Gonda 0001,016999,16 Others,4,3,1,0,0,0,4,3,1
C0116,09,53,0001,Tehsil - Gonda 0001,017000,17 SANSKRIT,3,1,2,1,1,0,2,0,2
C0116,09,53,0001,Tehsil - Gonda 0001,017002, 1 SANSKRIT,3,1,2,1,1,0,2,0,2
C0116,09,53,0001,Tehsil - Gonda 0001,019000,19 SINDHI,195,96,99,0,0,0,195,96,99
C0116,09,53,0001,Tehsil - Gonda 0001,019013, 1 SINDHI,195,96,99,0,0,0,195,96,99
C0116,09,53,0001,Tehsil - Gonda 0001,020000,20 TAMIL,10,5,5,2,1,1,8,4,4
C0116,09,53,0001,Tehsil - Gonda 0001,020020, 1 TAMIL,10,5,5,2,1,1,8,4,4
C0116,09,53,0001,Tehsil - Gonda 0001,022000,22 URDU,73105,39326,33779,43478,22523,20955,29627,16803,12824
C0116,09,53,0001,Tehsil - Gonda 0001,022014, 1 URDU,73105,39326,33779,43478,22523,20955,29627,16803,12824
C0116,09,53,0001,Tehsil - Gonda 0001,028000,28 ARABIC/ARBI,8,1,7,7,1,6,1,0,1
C0116,09,53,0001,Tehsil - Gonda 0001,028001, 1 ARABIC/ARBI,8,1,7,7,1,6,1,0,1
C0116,09,53,0001,Tehsil - Gonda 0001,040000,40 ENGLISH,68,29,39,53,20,33,15,9,6
C0116,09,53,0001,Tehsil - Gonda 0001,040001, 1 ENGLISH,68,29,39,53,20,33,15,9,6
C0116,09,53,0001,Tehsil - Gonda 0001,044000,44 GONDI,496,268,228,496,268,228,0,0,0
C0116,09,53,0001,Tehsil - Gonda 0001,044999,44 Others,496,268,228,496,268,228,0,0,0
C0116,09,53,0001,Tehsil - Gonda 0001,072000,72 KURUKH/ORAON,5,4,1,0,0,0,5,4,1
C0116,09,53,0001,Tehsil - Gonda 0001,072009, 1 KURUKH/ORAON,5,4,1,0,0,0,5,4,1
C0116,09,53,0001,Tehsil - Gonda 0001,123000,123 OTHERS,14,7,7,8,4,4,6,3,3
C0116,09,53,0002,Tehsil - Colonelganj 0002,002000,2 BENGALI,92,42,50,92,42,50,0,0,0
C0116,09,53,0002,Tehsil - Colonelganj 0002,002004, 1 BENGALI,92,42,50,92,42,50,0,0,0
C0116,09,53,0002,Tehsil - Colonelganj 0002,005000,5 GUJARATI,2,0,2,2,0,2,0,0,0
C0116,09,53,0002,Tehsil - Colonelganj 0002,005011, 1 GUJARATI,2,0,2,2,0,2,0,0,0
C0116,09,53,0002,Tehsil - Colonelganj 0002,006000,6 HINDI,638420,335118,303302,619898,325458,294440,18522,9660,8862
C0116,09,53,0002,Tehsil - Colonelganj 0002,006008, 1 AWADHI,95173,50025,45148,93827,49325,44502,1346,700,646
C0116,09,53,0002,Tehsil - Colonelganj 0002,006045, 2 BHOJPURI,130,73,57,121,70,51,9,3,6
C0116,09,53,0002,Tehsil - Colonelganj 0002,006060, 3 BUNDELI/BUNDELKHANDI,24,7,17,24,7,17,0,0,0
C0116,09,53,0002,Tehsil - Colonelganj 0002,006072, 4 CHHATTISGARHI,32,17,15,32,17,15,0,0,0
C0116,09,53,0002,Tehsil - Colonelganj 0002,006095, 5 GARHWALI,36,23,13,35,23,12,1,0,1
C0116,09,53,0002,Tehsil - Colonelganj 0002,006118, 6 HINDI,542948,284937,258011,525782,275980,249802,17166,8957,8209
C0116,09,53,0002,Tehsil - Colonelganj 0002,006127, 7 JAUNSARI,1,0,1,1,0,1,0,0,0
C0116,09,53,0002,Tehsil - Colonelganj 0002,006148, 8 KHARI BOLI,6,4,2,6,4,2,0,0,0
C0116,09,53,0002,Tehsil - Colonelganj 0002,006162, 9 KUMAUNI,1,1,0,1,1,0,0,0,0
C0116,09,53,0002,Tehsil - Colonelganj 0002,006999,6 Others,69,31,38,69,31,38,0,0,0
C0116,09,53,0002,Tehsil - Colonelganj 0002,013000,13 MARATHI,2,1,1,1,0,1,1,1,0
C0116,09,53,0002,Tehsil - Colonelganj 0002,013048, 1 MARATHI,2,1,1,1,0,1,1,1,0
C0116,09,53,0002,Tehsil - Colonelganj 0002,014000,14 NEPALI,999,541,458,970,523,447,29,18,11
C0116,09,53,0002,Tehsil - Colonelganj 0002,014009, 1 NEPALI,999,541,458,970,523,447,29,18,11
C0116,09,53,0002,Tehsil - Colonelganj 0002,015000,15 ORIYA,77,45,32,77,45,32,0,0,0
C0116,09,53,0002,Tehsil - Colonelganj 0002,015031, 1 ORIYA,77,45,32,77,45,32,0,0,0
C0116,09,53,0002,Tehsil - Colonelganj 0002,016000,16 PUNJABI,405,218,187,296,159,137,109,59,50
C0116,09,53,0002,Tehsil - Colonelganj 0002,016018, 1 PUNJABI,400,215,185,296,159,137,104,56,48
C0116,09,53,0002,Tehsil - Colonelganj 0002,016999,16 Others,5,3,2,0,0,0,5,3,2
C0116,09,53,0002,Tehsil - Colonelganj 0002,019000,19 SINDHI,1,1,0,1,1,0,0,0,0
C0116,09,53,0002,Tehsil - Colonelganj 0002,019013, 1 SINDHI,1,1,0,1,1,0,0,0,0
C0116,09,53,0002,Tehsil - Colonelganj 0002,022000,22 URDU,28323,14833,13490,16425,8563,7862,11898,6270,5628
C0116,09,53,0002,Tehsil - Colonelganj 0002,022014, 1 URDU,28323,14833,13490,16425,8563,7862,11898,6270,5628
C0116,09,53,0002,Tehsil - Colonelganj 0002,023000,23 ADI,1,1,0,1,1,0,0,0,0
C0116,09,53,0002,Tehsil - Colonelganj 0002,023999,23 Others,1,1,0,1,1,0,0,0,0
C0116,09,53,0002,Tehsil - Colonelganj 0002,028000,28 ARABIC/ARBI,51,20,31,51,20,31,0,0,0
C0116,09,53,0002,Tehsil - Colonelganj 0002,028001, 1 ARABIC/ARBI,51,20,31,51,20,31,0,0,0
C0116,09,53,0002,Tehsil - Colonelganj 0002,040000,40 ENGLISH,8,5,3,8,5,3,0,0,0
C0116,09,53,0002,Tehsil - Colonelganj 0002,040001, 1 ENGLISH,8,5,3,8,5,3,0,0,0
C0116,09,53,0002,Tehsil - Colonelganj 0002,044000,44 GONDI,321,160,161,310,149,161,11,11,0
C0116,09,53,0002,Tehsil - Colonelganj 0002,044999,44 Others,321,160,161,310,149,161,11,11,0
C0116,09,53,0002,Tehsil - Colonelganj 0002,072000,72 KURUKH/ORAON,31,17,14,31,17,14,0,0,0
C0116,09,53,0002,Tehsil - Colonelganj 0002,072009, 1 KURUKH/ORAON,31,17,14,31,17,14,0,0,0
C0116,09,53,0002,Tehsil - Colonelganj 0002,123000,123 OTHERS,84,46,38,84,46,38,0,0,0
C0116,09,53,0003,Tehsil - Tarabganj 0003,001000,1 ASSAMESE,5,0,5,5,0,5,0,0,0
C0116,09,53,0003,Tehsil - Tarabganj 0003,001002, 1 ASSAMESE,5,0,5,5,0,5,0,0,0
C0116,09,53,0003,Tehsil - Tarabganj 0003,002000,2 BENGALI,65,28,37,65,28,37,0,0,0
C0116,09,53,0003,Tehsil - Tarabganj 0003,002004, 1 BENGALI,65,28,37,65,28,37,0,0,0
C0116,09,53,0003,Tehsil - Tarabganj 0003,006000,6 HINDI,603860,314603,289257,592278,308523,283755,11582,6080,5502
C0116,09,53,0003,Tehsil - Tarabganj 0003,006008, 1 AWADHI,75650,39459,36191,75320,39287,36033,330,172,158
C0116,09,53,0003,Tehsil - Tarabganj 0003,006045, 2 BHOJPURI,284,134,150,282,134,148,2,0,2
C0116,09,53,0003,Tehsil - Tarabganj 0003,006059, 3 BRAJBHASHA,3,2,1,3,2,1,0,0,0
C0116,09,53,0003,Tehsil - Tarabganj 0003,006060, 4 BUNDELI/BUNDELKHANDI,28,6,22,28,6,22,0,0,0
C0116,09,53,0003,Tehsil - Tarabganj 0003,006072, 5 CHHATTISGARHI,179,94,85,179,94,85,0,0,0
C0116,09,53,0003,Tehsil - Tarabganj 0003,006095, 6 GARHWALI,30,18,12,30,18,12,0,0,0
C0116,09,53,0003,Tehsil - Tarabganj 0003,006117, 7 HARYANVI,1,0,1,1,0,1,0,0,0
C0116,09,53,0003,Tehsil - Tarabganj 0003,006118, 8 HINDI,527635,274865,252770,516385,268957,247428,11250,5908,5342
C0116,09,53,0003,Tehsil - Tarabganj 0003,006127, 9 JAUNSARI,2,1,1,2,1,1,0,0,0
C0116,09,53,0003,Tehsil - Tarabganj 0003,006148, 10 KHARI BOLI,12,7,5,12,7,5,0,0,0
C0116,09,53,0003,Tehsil - Tarabganj 0003,006162, 11 KUMAUNI,1,0,1,1,0,1,0,0,0
C0116,09,53,0003,Tehsil - Tarabganj 0003,006999,6 Others,35,17,18,35,17,18,0,0,0
C0116,09,53,0003,Tehsil - Tarabganj 0003,008000,8 KASHMIRI,1,0,1,1,0,1,0,0,0
C0116,09,53,0003,Tehsil - Tarabganj 0003,008002, 1 KASHMIRI,1,0,1,1,0,1,0,0,0
C0116,09,53,0003,Tehsil - Tarabganj 0003,010000,10 MAITHILI,1,0,1,1,0,1,0,0,0
C0116,09,53,0003,Tehsil - Tarabganj 0003,010006, 1 MAITHILI,1,0,1,1,0,1,0,0,0
C0116,09,53,0003,Tehsil - Tarabganj 0003,011000,11 MALAYALAM,3,1,2,2,1,1,1,0,1
C0116,09,53,0003,Tehsil - Tarabganj 0003,011013, 1 MALAYALAM,3,1,2,2,1,1,1,0,1
C0116,09,53,0003,Tehsil - Tarabganj 0003,013000,13 MARATHI,2,1,1,2,1,1,0,0,0
C0116,09,53,0003,Tehsil - Tarabganj 0003,013048, 1 MARATHI,2,1,1,2,1,1,0,0,0
C0116,09,53,0003,Tehsil - Tarabganj 0003,014000,14 NEPALI,1478,806,672,1452,787,665,26,19,7
C0116,09,53,0003,Tehsil - Tarabganj 0003,014009, 1 NEPALI,1478,806,672,1452,787,665,26,19,7
C0116,09,53,0003,Tehsil - Tarabganj 0003,016000,16 PUNJABI,149,78,71,33,17,16,116,61,55
C0116,09,53,0003,Tehsil - Tarabganj 0003,016018, 1 PUNJABI,143,76,67,33,17,16,110,59,51
C0116,09,53,0003,Tehsil - Tarabganj 0003,016999,16 Others,6,2,4,0,0,0,6,2,4
C0116,09,53,0003,Tehsil - Tarabganj 0003,017000,17 SANSKRIT,1,1,0,1,1,0,0,0,0
C0116,09,53,0003,Tehsil - Tarabganj 0003,017002, 1 SANSKRIT,1,1,0,1,1,0,0,0,0
C0116,09,53,0003,Tehsil - Tarabganj 0003,019000,19 SINDHI,1,1,0,1,1,0,0,0,0
C0116,09,53,0003,Tehsil - Tarabganj 0003,019013, 1 SINDHI,1,1,0,1,1,0,0,0,0
C0116,09,53,0003,Tehsil - Tarabganj 0003,022000,22 URDU,9277,4790,4487,4906,2539,2367,4371,2251,2120
C0116,09,53,0003,Tehsil - Tarabganj 0003,022014, 1 URDU,9277,4790,4487,4906,2539,2367,4371,2251,2120
C0116,09,53,0003,Tehsil - Tarabganj 0003,028000,28 ARABIC/ARBI,95,59,36,95,59,36,0,0,0
C0116,09,53,0003,Tehsil - Tarabganj 0003,028001, 1 ARABIC/ARBI,95,59,36,95,59,36,0,0,0
C0116,09,53,0003,Tehsil - Tarabganj 0003,040000,40 ENGLISH,15,15,0,15,15,0,0,0,0
C0116,09,53,0003,Tehsil - Tarabganj 0003,040001, 1 ENGLISH,15,15,0,15,15,0,0,0,0
C0116,09,53,0003,Tehsil - Tarabganj 0003,044000,44 GONDI,55,30,25,55,30,25,0,0,0
C0116,09,53,0003,Tehsil - Tarabganj 0003,044999,44 Others,55,30,25,55,30,25,0,0,0
C0116,09,53,0003,Tehsil - Tarabganj 0003,072000,72 KURUKH/ORAON,26,15,11,26,15,11,0,0,0
C0116,09,53,0003,Tehsil - Tarabganj 0003,072009, 1 KURUKH/ORAON,26,15,11,26,15,11,0,0,0
C0116,09,53,0003,Tehsil - Tarabganj 0003,090000,90 MUNDA,19,12,7,19,12,7,0,0,0
C0116,09,53,0003,Tehsil - Tarabganj 0003,090999,90 Others,19,12,7,19,12,7,0,0,0
C0116,09,53,0003,Tehsil - Tarabganj 0003,123000,123 OTHERS,19,8,11,19,8,11,0,0,0
C0116,09,53,0004,Tehsil - Mankapur 0004,001000,1 ASSAMESE,1,1,0,0,0,0,1,1,0
C0116,09,53,0004,Tehsil - Mankapur 0004,001002, 1 ASSAMESE,1,1,0,0,0,0,1,1,0
C0116,09,53,0004,Tehsil - Mankapur 0004,002000,2 BENGALI,189,93,96,63,29,34,126,64,62
C0116,09,53,0004,Tehsil - Mankapur 0004,002004, 1 BENGALI,189,93,96,63,29,34,126,64,62
C0116,09,53,0004,Tehsil - Mankapur 0004,004000,4 DOGRI,1,1,0,0,0,0,1,1,0
C0116,09,53,0004,Tehsil - Mankapur 0004,004001, 1 DOGRI,1,1,0,0,0,0,1,1,0
C0116,09,53,0004,Tehsil - Mankapur 0004,005000,5 GUJARATI,5,4,1,5,4,1,0,0,0
C0116,09,53,0004,Tehsil - Mankapur 0004,005011, 1 GUJARATI,5,4,1,5,4,1,0,0,0
C0116,09,53,0004,Tehsil - Mankapur 0004,006000,6 HINDI,501060,261320,239740,483404,252032,231372,17656,9288,8368
C0116,09,53,0004,Tehsil - Mankapur 0004,006008, 1 AWADHI,133652,69132,64520,133639,69126,64513,13,6,7
C0116,09,53,0004,Tehsil - Mankapur 0004,006045, 2 BHOJPURI,288,162,126,272,153,119,16,9,7
C0116,09,53,0004,Tehsil - Mankapur 0004,006060, 3 BUNDELI/BUNDELKHANDI,31,16,15,11,4,7,20,12,8
C0116,09,53,0004,Tehsil - Mankapur 0004,006072, 4 CHHATTISGARHI,241,130,111,241,130,111,0,0,0
C0116,09,53,0004,Tehsil - Mankapur 0004,006095, 5 GARHWALI,56,30,26,51,27,24,5,3,2
C0116,09,53,0004,Tehsil - Mankapur 0004,006117, 6 HARYANVI,3,2,1,3,2,1,0,0,0
C0116,09,53,0004,Tehsil - Mankapur 0004,006118, 7 HINDI,366675,191781,174894,349075,182525,166550,17600,9256,8344
C0116,09,53,0004,Tehsil - Mankapur 0004,006127, 8 JAUNSARI,3,1,2,3,1,2,0,0,0
C0116,09,53,0004,Tehsil - Mankapur 0004,006138, 9 KANGRI,1,1,0,0,0,0,1,1,0
C0116,09,53,0004,Tehsil - Mankapur 0004,006148, 10 KHARI BOLI,9,7,2,9,7,2,0,0,0
C0116,09,53,0004,Tehsil - Mankapur 0004,006162, 11 KUMAUNI,3,2,1,2,1,1,1,1,0
C0116,09,53,0004,Tehsil - Mankapur 0004,006192, 12 MARWARI,5,2,3,5,2,3,0,0,0
C0116,09,53,0004,Tehsil - Mankapur 0004,006242, 13 RAJASTHANI,7,7,0,7,7,0,0,0,0
C0116,09,53,0004,Tehsil - Mankapur 0004,006999,6 Others,86,47,39,86,47,39,0,0,0
C0116,09,53,0004,Tehsil - Mankapur 0004,008000,8 KASHMIRI,17,8,9,3,1,2,14,7,7
C0116,09,53,0004,Tehsil - Mankapur 0004,008002, 1 KASHMIRI,17,8,9,3,1,2,14,7,7
C0116,09,53,0004,Tehsil - Mankapur 0004,009000,9 KONKANI,1,1,0,0,0,0,1,1,0
C0116,09,53,0004,Tehsil - Mankapur 0004,009010, 1 KONKANI,1,1,0,0,0,0,1,1,0
C0116,09,53,0004,Tehsil - Mankapur 0004,010000,10 MAITHILI,2,0,2,0,0,0,2,0,2
C0116,09,53,0004,Tehsil - Mankapur 0004,010006, 1 MAITHILI,2,0,2,0,0,0,2,0,2
C0116,09,53,0004,Tehsil - Mankapur 0004,011000,11 MALAYALAM,32,14,18,0,0,0,32,14,18
C0116,09,53,0004,Tehsil - Mankapur 0004,011013, 1 MALAYALAM,32,14,18,0,0,0,32,14,18
C0116,09,53,0004,Tehsil - Mankapur 0004,012000,12 MANIPURI,1,1,0,0,0,0,1,1,0
C0116,09,53,0004,Tehsil - Mankapur 0004,012002, 1 MANIPURI,1,1,0,0,0,0,1,1,0
C0116,09,53,0004,Tehsil - Mankapur 0004,013000,13 MARATHI,17,9,8,3,1,2,14,8,6
C0116,09,53,0004,Tehsil - Mankapur 0004,013048, 1 MARATHI,17,9,8,3,1,2,14,8,6
C0116,09,53,0004,Tehsil - Mankapur 0004,014000,14 NEPALI,532,305,227,502,286,216,30,19,11
C0116,09,53,0004,Tehsil - Mankapur 0004,014009, 1 NEPALI,532,305,227,502,286,216,30,19,11
C0116,09,53,0004,Tehsil - Mankapur 0004,015000,15 ORIYA,142,78,64,134,73,61,8,5,3
C0116,09,53,0004,Tehsil - Mankapur 0004,015031, 1 ORIYA,142,78,64,134,73,61,8,5,3
C0116,09,53,0004,Tehsil - Mankapur 0004,016000,16 PUNJABI,136,77,59,66,35,31,70,42,28
C0116,09,53,0004,Tehsil - Mankapur 0004,016001, 1 BAGRI,3,1,2,0,0,0,3,1,2
C0116,09,53,0004,Tehsil - Mankapur 0004,016018, 2 PUNJABI,133,76,57,66,35,31,67,41,26
C0116,09,53,0004,Tehsil - Mankapur 0004,017000,17 SANSKRIT,5,2,3,5,2,3,0,0,0
C0116,09,53,0004,Tehsil - Mankapur 0004,017002, 1 SANSKRIT,5,2,3,5,2,3,0,0,0
C0116,09,53,0004,Tehsil - Mankapur 0004,018000,18 SANTALI,5,5,0,5,5,0,0,0,0
C0116,09,53,0004,Tehsil - Mankapur 0004,018013, 1 SANTALI,5,5,0,5,5,0,0,0,0
C0116,09,53,0004,Tehsil - Mankapur 0004,020000,20 TAMIL,4,3,1,0,0,0,4,3,1
C0116,09,53,0004,Tehsil - Mankapur 0004,020020, 1 TAMIL,4,3,1,0,0,0,4,3,1
C0116,09,53,0004,Tehsil - Mankapur 0004,021000,21 TELUGU,6,5,1,0,0,0,6,5,1
C0116,09,53,0004,Tehsil - Mankapur 0004,021035, 1 TELUGU,6,5,1,0,0,0,6,5,1
C0116,09,53,0004,Tehsil - Mankapur 0004,022000,22 URDU,28252,14195,14057,27783,13928,13855,469,267,202
C0116,09,53,0004,Tehsil - Mankapur 0004,022014, 1 URDU,28252,14195,14057,27783,13928,13855,469,267,202
C0116,09,53,0004,Tehsil - Mankapur 0004,028000,28 ARABIC/ARBI,7,2,5,7,2,5,0,0,0
C0116,09,53,0004,Tehsil - Mankapur 0004,028001, 1 ARABIC/ARBI,7,2,5,7,2,5,0,0,0
C0116,09,53,0004,Tehsil - Mankapur 0004,040000,40 ENGLISH,12,7,5,8,5,3,4,2,2
C0116,09,53,0004,Tehsil - Mankapur 0004,040001, 1 ENGLISH,12,7,5,8,5,3,4,2,2
C0116,09,53,0004,Tehsil - Mankapur 0004,044000,44 GONDI,190,92,98,190,92,98,0,0,0
C0116,09,53,0004,Tehsil - Mankapur 0004,044999,44 Others,190,92,98,190,92,98,0,0,0
C0116,09,53,0004,Tehsil - Mankapur 0004,072000,72 KURUKH/ORAON,3,1,2,0,0,0,3,1,2
C0116,09,53,0004,Tehsil - Mankapur 0004,072009, 1 KURUKH/ORAON,3,1,2,0,0,0,3,1,2
C0116,09,53,0004,Tehsil - Mankapur 0004,091000,91 MUNDARI,24,10,14,24,10,14,0,0,0
C0116,09,53,0004,Tehsil - Mankapur 0004,091004, 1 MUNDARI,24,10,14,24,10,14,0,0,0
C0116,09,53,0004,Tehsil - Mankapur 0004,123000,123 OTHERS,53,30,23,49,27,22,4,3,1
C0116,09,54,0000,District - Siddharthnagar  54,001000,1 ASSAMESE,2,0,2,2,0,2,0,0,0
C0116,09,54,0000,District - Siddharthnagar  54,001002, 1 ASSAMESE,2,0,2,2,0,2,0,0,0
C0116,09,54,0000,District - Siddharthnagar  54,002000,2 BENGALI,94,38,56,92,37,55,2,1,1
C0116,09,54,0000,District - Siddharthnagar  54,002004, 1 BENGALI,94,38,56,92,37,55,2,1,1
C0116,09,54,0000,District - Siddharthnagar  54,005000,5 GUJARATI,18,6,12,1,0,1,17,6,11
C0116,09,54,0000,District - Siddharthnagar  54,005011, 1 GUJARATI,18,6,12,1,0,1,17,6,11
C0116,09,54,0000,District - Siddharthnagar  54,006000,6 HINDI,1843017,947841,895176,1778862,914208,864654,64155,33633,30522
C0116,09,54,0000,District - Siddharthnagar  54,006008, 1 AWADHI,13874,6896,6978,13865,6892,6973,9,4,5
C0116,09,54,0000,District - Siddharthnagar  54,006045, 2 BHOJPURI,40079,20432,19647,38808,19792,19016,1271,640,631
C0116,09,54,0000,District - Siddharthnagar  54,006060, 3 BUNDELI/BUNDELKHANDI,42,15,27,41,14,27,1,1,0
C0116,09,54,0000,District - Siddharthnagar  54,006072, 4 CHHATTISGARHI,431,224,207,431,224,207,0,0,0
C0116,09,54,0000,District - Siddharthnagar  54,006095, 5 GARHWALI,247,154,93,243,151,92,4,3,1
C0116,09,54,0000,District - Siddharthnagar  54,006118, 6 HINDI,1788052,919948,868104,1725184,886965,838219,62868,32983,29885
C0116,09,54,0000,District - Siddharthnagar  54,006162, 7 KUMAUNI,2,1,1,2,1,1,0,0,0
C0116,09,54,0000,District - Siddharthnagar  54,006204, 8 NAGPURIA,49,29,20,49,29,20,0,0,0
C0116,09,54,0000,District - Siddharthnagar  54,006251, 9 SADAN/SADRI,93,50,43,93,50,43,0,0,0
C0116,09,54,0000,District - Siddharthnagar  54,006999,6 Others,148,92,56,146,90,56,2,2,0
C0116,09,54,0000,District - Siddharthnagar  54,010000,10 MAITHILI,27,27,0,27,27,0,0,0,0
C0116,09,54,0000,District - Siddharthnagar  54,010006, 1 MAITHILI,27,27,0,27,27,0,0,0,0
C0116,09,54,0000,District - Siddharthnagar  54,011000,11 MALAYALAM,11,8,3,11,8,3,0,0,0
C0116,09,54,0000,District - Siddharthnagar  54,011013, 1 MALAYALAM,11,8,3,11,8,3,0,0,0
C0116,09,54,0000,District - Siddharthnagar  54,013000,13 MARATHI,13,4,9,11,4,7,2,0,2
C0116,09,54,0000,District - Siddharthnagar  54,013048, 1 MARATHI,12,4,8,10,4,6,2,0,2
C0116,09,54,0000,District - Siddharthnagar  54,013999,13 Others,1,0,1,1,0,1,0,0,0
C0116,09,54,0000,District - Siddharthnagar  54,014000,14 NEPALI,396,204,192,369,190,179,27,14,13
C0116,09,54,0000,District - Siddharthnagar  54,014009, 1 NEPALI,396,204,192,369,190,179,27,14,13
C0116,09,54,0000,District - Siddharthnagar  54,015000,15 ORIYA,111,56,55,111,56,55,0,0,0
C0116,09,54,0000,District - Siddharthnagar  54,015031, 1 ORIYA,111,56,55,111,56,55,0,0,0
C0116,09,54,0000,District - Siddharthnagar  54,016000,16 PUNJABI,158,86,72,87,50,37,71,36,35
C0116,09,54,0000,District - Siddharthnagar  54,016018, 1 PUNJABI,113,62,51,60,36,24,53,26,27
C0116,09,54,0000,District - Siddharthnagar  54,016999,16 Others,45,24,21,27,14,13,18,10,8
C0116,09,54,0000,District - Siddharthnagar  54,017000,17 SANSKRIT,9,8,1,7,6,1,2,2,0
C0116,09,54,0000,District - Siddharthnagar  54,017002, 1 SANSKRIT,9,8,1,7,6,1,2,2,0
C0116,09,54,0000,District - Siddharthnagar  54,019000,19 SINDHI,7,6,1,4,3,1,3,3,0
C0116,09,54,0000,District - Siddharthnagar  54,019013, 1 SINDHI,7,6,1,4,3,1,3,3,0
C0116,09,54,0000,District - Siddharthnagar  54,020000,20 TAMIL,13,1,12,13,1,12,0,0,0
C0116,09,54,0000,District - Siddharthnagar  54,020020, 1 TAMIL,13,1,12,13,1,12,0,0,0
C0116,09,54,0000,District - Siddharthnagar  54,021000,21 TELUGU,1,0,1,1,0,1,0,0,0
C0116,09,54,0000,District - Siddharthnagar  54,021035, 1 TELUGU,1,0,1,1,0,1,0,0,0
C0116,09,54,0000,District - Siddharthnagar  54,022000,22 URDU,196006,98763,97243,182505,91705,90800,13501,7058,6443
C0116,09,54,0000,District - Siddharthnagar  54,022014, 1 URDU,196006,98763,97243,182505,91705,90800,13501,7058,6443
C0116,09,54,0000,District - Siddharthnagar  54,028000,28 ARABIC/ARBI,101,62,39,81,52,29,20,10,10
C0116,09,54,0000,District - Siddharthnagar  54,028001, 1 ARABIC/ARBI,101,62,39,81,52,29,20,10,10
C0116,09,54,0000,District - Siddharthnagar  54,040000,40 ENGLISH,4,2,2,4,2,2,0,0,0
C0116,09,54,0000,District - Siddharthnagar  54,040001, 1 ENGLISH,4,2,2,4,2,2,0,0,0
C0116,09,54,0000,District - Siddharthnagar  54,072000,72 KURUKH/ORAON,1,1,0,1,1,0,0,0,0
C0116,09,54,0000,District - Siddharthnagar  54,072009, 1 KURUKH/ORAON,1,1,0,1,1,0,0,0,0
C0116,09,54,0000,District - Siddharthnagar  54,091000,91 MUNDARI,12,8,4,12,8,4,0,0,0
C0116,09,54,0000,District - Siddharthnagar  54,091004, 1 MUNDARI,12,8,4,12,8,4,0,0,0
C0116,09,54,0000,District - Siddharthnagar  54,123000,123 OTHERS,84,44,40,83,43,40,1,1,0
C0116,09,54,0001,Tehsil - Shohratgarh ** 0001,002000,2 BENGALI,13,1,12,12,1,11,1,0,1
C0116,09,54,0001,Tehsil - Shohratgarh ** 0001,002004, 1 BENGALI,13,1,12,12,1,11,1,0,1
C0116,09,54,0001,Tehsil - Shohratgarh ** 0001,006000,6 HINDI,308935,159011,149924,291001,149652,141349,17934,9359,8575
C0116,09,54,0001,Tehsil - Shohratgarh ** 0001,006008, 1 AWADHI,1672,869,803,1670,868,802,2,1,1
C0116,09,54,0001,Tehsil - Shohratgarh ** 0001,006045, 2 BHOJPURI,2798,1407,1391,1630,821,809,1168,586,582
C0116,09,54,0001,Tehsil - Shohratgarh ** 0001,006060, 3 BUNDELI/BUNDELKHANDI,5,3,2,4,2,2,1,1,0
C0116,09,54,0001,Tehsil - Shohratgarh ** 0001,006072, 4 CHHATTISGARHI,55,31,24,55,31,24,0,0,0
C0116,09,54,0001,Tehsil - Shohratgarh ** 0001,006095, 5 GARHWALI,41,25,16,39,23,16,2,2,0
C0116,09,54,0001,Tehsil - Shohratgarh ** 0001,006118, 6 HINDI,304363,156675,147688,287602,147906,139696,16761,8769,7992
C0116,09,54,0001,Tehsil - Shohratgarh ** 0001,006162, 7 KUMAUNI,1,1,0,1,1,0,0,0,0
C0116,09,54,0001,Tehsil - Shohratgarh ** 0001,011000,11 MALAYALAM,4,4,0,4,4,0,0,0,0
C0116,09,54,0001,Tehsil - Shohratgarh ** 0001,011013, 1 MALAYALAM,4,4,0,4,4,0,0,0,0
C0116,09,54,0001,Tehsil - Shohratgarh ** 0001,013000,13 MARATHI,5,4,1,5,4,1,0,0,0
C0116,09,54,0001,Tehsil - Shohratgarh ** 0001,013048, 1 MARATHI,5,4,1,5,4,1,0,0,0
C0116,09,54,0001,Tehsil - Shohratgarh ** 0001,014000,14 NEPALI,175,91,84,153,80,73,22,11,11
C0116,09,54,0001,Tehsil - Shohratgarh ** 0001,014009, 1 NEPALI,175,91,84,153,80,73,22,11,11
C0116,09,54,0001,Tehsil - Shohratgarh ** 0001,016000,16 PUNJABI,7,4,3,0,0,0,7,4,3
C0116,09,54,0001,Tehsil - Shohratgarh ** 0001,016018, 1 PUNJABI,7,4,3,0,0,0,7,4,3
C0116,09,54,0001,Tehsil - Shohratgarh ** 0001,017000,17 SANSKRIT,8,7,1,7,6,1,1,1,0
C0116,09,54,0001,Tehsil - Shohratgarh ** 0001,017002, 1 SANSKRIT,8,7,1,7,6,1,1,1,0
C0116,09,54,0001,Tehsil - Shohratgarh ** 0001,019000,19 SINDHI,3,3,0,0,0,0,3,3,0
C0116,09,54,0001,Tehsil - Shohratgarh ** 0001,019013, 1 SINDHI,3,3,0,0,0,0,3,3,0
C0116,09,54,0001,Tehsil - Shohratgarh ** 0001,022000,22 URDU,22967,11697,11270,20776,10527,10249,2191,1170,1021
C0116,09,54,0001,Tehsil - Shohratgarh ** 0001,022014, 1 URDU,22967,11697,11270,20776,10527,10249,2191,1170,1021
C0116,09,54,0001,Tehsil - Shohratgarh ** 0001,028000,28 ARABIC/ARBI,2,2,0,2,2,0,0,0,0
C0116,09,54,0001,Tehsil - Shohratgarh ** 0001,028001, 1 ARABIC/ARBI,2,2,0,2,2,0,0,0,0
C0116,09,54,0001,Tehsil - Shohratgarh ** 0001,040000,40 ENGLISH,1,1,0,1,1,0,0,0,0
C0116,09,54,0001,Tehsil - Shohratgarh ** 0001,040001, 1 ENGLISH,1,1,0,1,1,0,0,0,0
C0116,09,54,0001,Tehsil - Shohratgarh ** 0001,123000,123 OTHERS,14,6,8,14,6,8,0,0,0
C0116,09,54,0002,Tehsil - Naugarh 0002,002000,2 BENGALI,21,13,8,21,13,8,0,0,0
C0116,09,54,0002,Tehsil - Naugarh 0002,002004, 1 BENGALI,21,13,8,21,13,8,0,0,0
C0116,09,54,0002,Tehsil - Naugarh 0002,006000,6 HINDI,436615,227112,209503,418266,217501,200765,18349,9611,8738
C0116,09,54,0002,Tehsil - Naugarh 0002,006008, 1 AWADHI,345,181,164,338,178,160,7,3,4
C0116,09,54,0002,Tehsil - Naugarh 0002,006045, 2 BHOJPURI,29073,14909,14164,28970,14855,14115,103,54,49
C0116,09,54,0002,Tehsil - Naugarh 0002,006060, 3 BUNDELI/BUNDELKHANDI,7,3,4,7,3,4,0,0,0
C0116,09,54,0002,Tehsil - Naugarh 0002,006072, 4 CHHATTISGARHI,246,121,125,246,121,125,0,0,0
C0116,09,54,0002,Tehsil - Naugarh 0002,006095, 5 GARHWALI,124,76,48,122,75,47,2,1,1
C0116,09,54,0002,Tehsil - Naugarh 0002,006118, 6 HINDI,406820,211822,194998,388583,202269,186314,18237,9553,8684
C0116,09,54,0002,Tehsil - Naugarh 0002,011000,11 MALAYALAM,5,4,1,5,4,1,0,0,0
C0116,09,54,0002,Tehsil - Naugarh 0002,011013, 1 MALAYALAM,5,4,1,5,4,1,0,0,0
C0116,09,54,0002,Tehsil - Naugarh 0002,013000,13 MARATHI,2,0,2,0,0,0,2,0,2
C0116,09,54,0002,Tehsil - Naugarh 0002,013048, 1 MARATHI,2,0,2,0,0,0,2,0,2
C0116,09,54,0002,Tehsil - Naugarh 0002,014000,14 NEPALI,49,31,18,48,30,18,1,1,0
C0116,09,54,0002,Tehsil - Naugarh 0002,014009, 1 NEPALI,49,31,18,48,30,18,1,1,0
C0116,09,54,0002,Tehsil - Naugarh 0002,016000,16 PUNJABI,92,53,39,39,26,13,53,27,26
C0116,09,54,0002,Tehsil - Naugarh 0002,016018, 1 PUNJABI,74,43,31,39,26,13,35,17,18
C0116,09,54,0002,Tehsil - Naugarh 0002,016999,16 Others,18,10,8,0,0,0,18,10,8
C0116,09,54,0002,Tehsil - Naugarh 0002,017000,17 SANSKRIT,1,1,0,0,0,0,1,1,0
C0116,09,54,0002,Tehsil - Naugarh 0002,017002, 1 SANSKRIT,1,1,0,0,0,0,1,1,0
C0116,09,54,0002,Tehsil - Naugarh 0002,020000,20 TAMIL,5,0,5,5,0,5,0,0,0
C0116,09,54,0002,Tehsil - Naugarh 0002,020020, 1 TAMIL,5,0,5,5,0,5,0,0,0
C0116,09,54,0002,Tehsil - Naugarh 0002,022000,22 URDU,38297,19746,18551,34774,17818,16956,3523,1928,1595
C0116,09,54,0002,Tehsil - Naugarh 0002,022014, 1 URDU,38297,19746,18551,34774,17818,16956,3523,1928,1595
C0116,09,54,0002,Tehsil - Naugarh 0002,028000,28 ARABIC/ARBI,5,3,2,4,2,2,1,1,0
C0116,09,54,0002,Tehsil - Naugarh 0002,028001, 1 ARABIC/ARBI,5,3,2,4,2,2,1,1,0
C0116,09,54,0002,Tehsil - Naugarh 0002,040000,40 ENGLISH,3,1,2,3,1,2,0,0,0
C0116,09,54,0002,Tehsil - Naugarh 0002,040001, 1 ENGLISH,3,1,2,3,1,2,0,0,0
C0116,09,54,0002,Tehsil - Naugarh 0002,123000,123 OTHERS,2,1,1,1,0,1,1,1,0
C0116,09,54,0003,Tehsil - Bansi 0003,001000,1 ASSAMESE,2,0,2,2,0,2,0,0,0
C0116,09,54,0003,Tehsil - Bansi 0003,001002, 1 ASSAMESE,2,0,2,2,0,2,0,0,0
C0116,09,54,0003,Tehsil - Bansi 0003,002000,2 BENGALI,15,7,8,14,6,8,1,1,0
C0116,09,54,0003,Tehsil - Bansi 0003,002004, 1 BENGALI,15,7,8,14,6,8,1,1,0
C0116,09,54,0003,Tehsil - Bansi 0003,005000,5 GUJARATI,17,6,11,0,0,0,17,6,11
C0116,09,54,0003,Tehsil - Bansi 0003,005011, 1 GUJARATI,17,6,11,0,0,0,17,6,11
C0116,09,54,0003,Tehsil - Bansi 0003,006000,6 HINDI,443624,226080,217544,415752,211417,204335,27872,14663,13209
C0116,09,54,0003,Tehsil - Bansi 0003,006008, 1 AWADHI,2595,1307,1288,2595,1307,1288,0,0,0
C0116,09,54,0003,Tehsil - Bansi 0003,006045, 2 BHOJPURI,6423,3241,3182,6423,3241,3182,0,0,0
C0116,09,54,0003,Tehsil - Bansi 0003,006060, 3 BUNDELI/BUNDELKHANDI,7,3,4,7,3,4,0,0,0
C0116,09,54,0003,Tehsil - Bansi 0003,006072, 4 CHHATTISGARHI,85,48,37,85,48,37,0,0,0
C0116,09,54,0003,Tehsil - Bansi 0003,006095, 5 GARHWALI,57,36,21,57,36,21,0,0,0
C0116,09,54,0003,Tehsil - Bansi 0003,006118, 6 HINDI,434362,221394,212968,406492,206733,199759,27870,14661,13209
C0116,09,54,0003,Tehsil - Bansi 0003,006999,6 Others,95,51,44,93,49,44,2,2,0
C0116,09,54,0003,Tehsil - Bansi 0003,013000,13 MARATHI,2,0,2,2,0,2,0,0,0
C0116,09,54,0003,Tehsil - Bansi 0003,013048, 1 MARATHI,2,0,2,2,0,2,0,0,0
C0116,09,54,0003,Tehsil - Bansi 0003,014000,14 NEPALI,53,25,28,49,23,26,4,2,2
C0116,09,54,0003,Tehsil - Bansi 0003,014009, 1 NEPALI,53,25,28,49,23,26,4,2,2
C0116,09,54,0003,Tehsil - Bansi 0003,015000,15 ORIYA,90,43,47,90,43,47,0,0,0
C0116,09,54,0003,Tehsil - Bansi 0003,015031, 1 ORIYA,90,43,47,90,43,47,0,0,0
C0116,09,54,0003,Tehsil - Bansi 0003,016000,16 PUNJABI,11,5,6,0,0,0,11,5,6
C0116,09,54,0003,Tehsil - Bansi 0003,016018, 1 PUNJABI,11,5,6,0,0,0,11,5,6
C0116,09,54,0003,Tehsil - Bansi 0003,019000,19 SINDHI,4,3,1,4,3,1,0,0,0
C0116,09,54,0003,Tehsil - Bansi 0003,019013, 1 SINDHI,4,3,1,4,3,1,0,0,0
C0116,09,54,0003,Tehsil - Bansi 0003,020000,20 TAMIL,1,1,0,1,1,0,0,0,0
C0116,09,54,0003,Tehsil - Bansi 0003,020020, 1 TAMIL,1,1,0,1,1,0,0,0,0
C0116,09,54,0003,Tehsil - Bansi 0003,022000,22 URDU,34101,16842,17259,26314,12882,13432,7787,3960,3827
C0116,09,54,0003,Tehsil - Bansi 0003,022014, 1 URDU,34101,16842,17259,26314,12882,13432,7787,3960,3827
C0116,09,54,0003,Tehsil - Bansi 0003,028000,28 ARABIC/ARBI,82,45,37,63,36,27,19,9,10
C0116,09,54,0003,Tehsil - Bansi 0003,028001, 1 ARABIC/ARBI,82,45,37,63,36,27,19,9,10
C0116,09,54,0003,Tehsil - Bansi 0003,123000,123 OTHERS,17,9,8,17,9,8,0,0,0
C0116,09,54,0004,Tehsil - Itwa 0004,002000,2 BENGALI,21,4,17,21,4,17,0,0,0
C0116,09,54,0004,Tehsil - Itwa 0004,002004, 1 BENGALI,21,4,17,21,4,17,0,0,0
C0116,09,54,0004,Tehsil - Itwa 0004,005000,5 GUJARATI,1,0,1,1,0,1,0,0,0
C0116,09,54,0004,Tehsil - Itwa 0004,005011, 1 GUJARATI,1,0,1,1,0,1,0,0,0
C0116,09,54,0004,Tehsil - Itwa 0004,006000,6 HINDI,348428,178132,170296,348428,178132,170296,0,0,0
C0116,09,54,0004,Tehsil - Itwa 0004,006008, 1 AWADHI,6729,3209,3520,6729,3209,3520,0,0,0
C0116,09,54,0004,Tehsil - Itwa 0004,006045, 2 BHOJPURI,1048,522,526,1048,522,526,0,0,0
C0116,09,54,0004,Tehsil - Itwa 0004,006060, 3 BUNDELI/BUNDELKHANDI,19,5,14,19,5,14,0,0,0
C0116,09,54,0004,Tehsil - Itwa 0004,006095, 4 GARHWALI,21,15,6,21,15,6,0,0,0
C0116,09,54,0004,Tehsil - Itwa 0004,006118, 5 HINDI,340578,174355,166223,340578,174355,166223,0,0,0
C0116,09,54,0004,Tehsil - Itwa 0004,006162, 6 KUMAUNI,1,0,1,1,0,1,0,0,0
C0116,09,54,0004,Tehsil - Itwa 0004,006999,6 Others,32,26,6,32,26,6,0,0,0
C0116,09,54,0004,Tehsil - Itwa 0004,013000,13 MARATHI,1,0,1,1,0,1,0,0,0
C0116,09,54,0004,Tehsil - Itwa 0004,013048, 1 MARATHI,1,0,1,1,0,1,0,0,0
C0116,09,54,0004,Tehsil - Itwa 0004,014000,14 NEPALI,93,41,52,93,41,52,0,0,0
C0116,09,54,0004,Tehsil - Itwa 0004,014009, 1 NEPALI,93,41,52,93,41,52,0,0,0
C0116,09,54,0004,Tehsil - Itwa 0004,016000,16 PUNJABI,3,0,3,3,0,3,0,0,0
C0116,09,54,0004,Tehsil - Itwa 0004,016018, 1 PUNJABI,3,0,3,3,0,3,0,0,0
C0116,09,54,0004,Tehsil - Itwa 0004,020000,20 TAMIL,2,0,2,2,0,2,0,0,0
C0116,09,54,0004,Tehsil - Itwa 0004,020020, 1 TAMIL,2,0,2,2,0,2,0,0,0
C0116,09,54,0004,Tehsil - Itwa 0004,021000,21 TELUGU,1,0,1,1,0,1,0,0,0
C0116,09,54,0004,Tehsil - Itwa 0004,021035, 1 TELUGU,1,0,1,1,0,1,0,0,0
C0116,09,54,0004,Tehsil - Itwa 0004,022000,22 URDU,23476,11793,11683,23476,11793,11683,0,0,0
C0116,09,54,0004,Tehsil - Itwa 0004,022014, 1 URDU,23476,11793,11683,23476,11793,11683,0,0,0
C0116,09,54,0004,Tehsil - Itwa 0004,028000,28 ARABIC/ARBI,2,2,0,2,2,0,0,0,0
C0116,09,54,0004,Tehsil - Itwa 0004,028001, 1 ARABIC/ARBI,2,2,0,2,2,0,0,0,0
C0116,09,54,0004,Tehsil - Itwa 0004,123000,123 OTHERS,50,28,22,50,28,22,0,0,0
C0116,09,54,0005,Tehsil - Domariyaganj 0005,002000,2 BENGALI,24,13,11,24,13,11,0,0,0
C0116,09,54,0005,Tehsil - Domariyaganj 0005,002004, 1 BENGALI,24,13,11,24,13,11,0,0,0
C0116,09,54,0005,Tehsil - Domariyaganj 0005,006000,6 HINDI,305415,157506,147909,305415,157506,147909,0,0,0
C0116,09,54,0005,Tehsil - Domariyaganj 0005,006008, 1 AWADHI,2533,1330,1203,2533,1330,1203,0,0,0
C0116,09,54,0005,Tehsil - Domariyaganj 0005,006045, 2 BHOJPURI,737,353,384,737,353,384,0,0,0
C0116,09,54,0005,Tehsil - Domariyaganj 0005,006060, 3 BUNDELI/BUNDELKHANDI,4,1,3,4,1,3,0,0,0
C0116,09,54,0005,Tehsil - Domariyaganj 0005,006072, 4 CHHATTISGARHI,45,24,21,45,24,21,0,0,0
C0116,09,54,0005,Tehsil - Domariyaganj 0005,006095, 5 GARHWALI,4,2,2,4,2,2,0,0,0
C0116,09,54,0005,Tehsil - Domariyaganj 0005,006118, 6 HINDI,301929,155702,146227,301929,155702,146227,0,0,0
C0116,09,54,0005,Tehsil - Domariyaganj 0005,006204, 7 NAGPURIA,49,29,20,49,29,20,0,0,0
C0116,09,54,0005,Tehsil - Domariyaganj 0005,006251, 8 SADAN/SADRI,93,50,43,93,50,43,0,0,0
C0116,09,54,0005,Tehsil - Domariyaganj 0005,006999,6 Others,21,15,6,21,15,6,0,0,0
C0116,09,54,0005,Tehsil - Domariyaganj 0005,010000,10 MAITHILI,27,27,0,27,27,0,0,0,0
C0116,09,54,0005,Tehsil - Domariyaganj 0005,010006, 1 MAITHILI,27,27,0,27,27,0,0,0,0
C0116,09,54,0005,Tehsil - Domariyaganj 0005,011000,11 MALAYALAM,2,0,2,2,0,2,0,0,0
C0116,09,54,0005,Tehsil - Domariyaganj 0005,011013, 1 MALAYALAM,2,0,2,2,0,2,0,0,0
C0116,09,54,0005,Tehsil - Domariyaganj 0005,013000,13 MARATHI,3,0,3,3,0,3,0,0,0
C0116,09,54,0005,Tehsil - Domariyaganj 0005,013048, 1 MARATHI,2,0,2,2,0,2,0,0,0
C0116,09,54,0005,Tehsil - Domariyaganj 0005,013999,13 Others,1,0,1,1,0,1,0,0,0
C0116,09,54,0005,Tehsil - Domariyaganj 0005,014000,14 NEPALI,26,16,10,26,16,10,0,0,0
C0116,09,54,0005,Tehsil - Domariyaganj 0005,014009, 1 NEPALI,26,16,10,26,16,10,0,0,0
C0116,09,54,0005,Tehsil - Domariyaganj 0005,015000,15 ORIYA,21,13,8,21,13,8,0,0,0
C0116,09,54,0005,Tehsil - Domariyaganj 0005,015031, 1 ORIYA,21,13,8,21,13,8,0,0,0
C0116,09,54,0005,Tehsil - Domariyaganj 0005,016000,16 PUNJABI,45,24,21,45,24,21,0,0,0
C0116,09,54,0005,Tehsil - Domariyaganj 0005,016018, 1 PUNJABI,18,10,8,18,10,8,0,0,0
C0116,09,54,0005,Tehsil - Domariyaganj 0005,016999,16 Others,27,14,13,27,14,13,0,0,0
C0116,09,54,0005,Tehsil - Domariyaganj 0005,020000,20 TAMIL,5,0,5,5,0,5,0,0,0
C0116,09,54,0005,Tehsil - Domariyaganj 0005,020020, 1 TAMIL,5,0,5,5,0,5,0,0,0
C0116,09,54,0005,Tehsil - Domariyaganj 0005,022000,22 URDU,77165,38685,38480,77165,38685,38480,0,0,0
C0116,09,54,0005,Tehsil - Domariyaganj 0005,022014, 1 URDU,77165,38685,38480,77165,38685,38480,0,0,0
C0116,09,54,0005,Tehsil - Domariyaganj 0005,028000,28 ARABIC/ARBI,10,10,0,10,10,0,0,0,0
C0116,09,54,0005,Tehsil - Domariyaganj 0005,028001, 1 ARABIC/ARBI,10,10,0,10,10,0,0,0,0
C0116,09,54,0005,Tehsil - Domariyaganj 0005,072000,72 KURUKH/ORAON,1,1,0,1,1,0,0,0,0
C0116,09,54,0005,Tehsil - Domariyaganj 0005,072009, 1 KURUKH/ORAON,1,1,0,1,1,0,0,0,0
C0116,09,54,0005,Tehsil - Domariyaganj 0005,091000,91 MUNDARI,12,8,4,12,8,4,0,0,0
C0116,09,54,0005,Tehsil - Domariyaganj 0005,091004, 1 MUNDARI,12,8,4,12,8,4,0,0,0
C0116,09,54,0005,Tehsil - Domariyaganj 0005,123000,123 OTHERS,1,0,1,1,0,1,0,0,0
C0116,09,55,0000,District - Basti  55,001000,1 ASSAMESE,2,0,2,2,0,2,0,0,0
C0116,09,55,0000,District - Basti  55,001002, 1 ASSAMESE,2,0,2,2,0,2,0,0,0
C0116,09,55,0000,District - Basti  55,002000,2 BENGALI,80,37,43,64,27,37,16,10,6
C0116,09,55,0000,District - Basti  55,002004, 1 BENGALI,80,37,43,64,27,37,16,10,6
C0116,09,55,0000,District - Basti  55,005000,5 GUJARATI,2,0,2,2,0,2,0,0,0
C0116,09,55,0000,District - Basti  55,005011, 1 GUJARATI,2,0,2,2,0,2,0,0,0
C0116,09,55,0000,District - Basti  55,006000,6 HINDI,2008251,1036583,971668,1907739,983446,924293,100512,53137,47375
C0116,09,55,0000,District - Basti  55,006008, 1 AWADHI,24563,12804,11759,19449,10147,9302,5114,2657,2457
C0116,09,55,0000,District - Basti  55,006045, 2 BHOJPURI,4799,2434,2365,4679,2385,2294,120,49,71
C0116,09,55,0000,District - Basti  55,006060, 3 BUNDELI/BUNDELKHANDI,82,17,65,74,15,59,8,2,6
C0116,09,55,0000,District - Basti  55,006072, 4 CHHATTISGARHI,1034,515,519,1034,515,519,0,0,0
C0116,09,55,0000,District - Basti  55,006095, 5 GARHWALI,42,25,17,34,20,14,8,5,3
C0116,09,55,0000,District - Basti  55,006118, 6 HINDI,1977640,1020733,956907,1882404,970321,912083,95236,50412,44824
C0116,09,55,0000,District - Basti  55,006204, 7 NAGPURIA,18,10,8,17,9,8,1,1,0
C0116,09,55,0000,District - Basti  55,006242, 8 RAJASTHANI,38,24,14,13,13,0,25,11,14
C0116,09,55,0000,District - Basti  55,006251, 9 SADAN/SADRI,20,12,8,20,12,8,0,0,0
C0116,09,55,0000,District - Basti  55,006999,6 Others,15,9,6,15,9,6,0,0,0
C0116,09,55,0000,District - Basti  55,010000,10 MAITHILI,28,21,7,28,21,7,0,0,0
C0116,09,55,0000,District - Basti  55,010006, 1 MAITHILI,28,21,7,28,21,7,0,0,0
C0116,09,55,0000,District - Basti  55,011000,11 MALAYALAM,31,14,17,26,14,12,5,0,5
C0116,09,55,0000,District - Basti  55,011013, 1 MALAYALAM,31,14,17,26,14,12,5,0,5
C0116,09,55,0000,District - Basti  55,013000,13 MARATHI,10,3,7,8,2,6,2,1,1
C0116,09,55,0000,District - Basti  55,013048, 1 MARATHI,10,3,7,8,2,6,2,1,1
C0116,09,55,0000,District - Basti  55,014000,14 NEPALI,201,126,75,194,123,71,7,3,4
C0116,09,55,0000,District - Basti  55,014009, 1 NEPALI,201,126,75,194,123,71,7,3,4
C0116,09,55,0000,District - Basti  55,015000,15 ORIYA,535,291,244,535,291,244,0,0,0
C0116,09,55,0000,District - Basti  55,015031, 1 ORIYA,525,285,240,525,285,240,0,0,0
C0116,09,55,0000,District - Basti  55,015999,15 Others,10,6,4,10,6,4,0,0,0
C0116,09,55,0000,District - Basti  55,016000,16 PUNJABI,557,282,275,289,150,139,268,132,136
C0116,09,55,0000,District - Basti  55,016018, 1 PUNJABI,537,273,264,280,145,135,257,128,129
C0116,09,55,0000,District - Basti  55,016999,16 Others,20,9,11,9,5,4,11,4,7
C0116,09,55,0000,District - Basti  55,017000,17 SANSKRIT,1,1,0,1,1,0,0,0,0
C0116,09,55,0000,District - Basti  55,017002, 1 SANSKRIT,1,1,0,1,1,0,0,0,0
C0116,09,55,0000,District - Basti  55,019000,19 SINDHI,159,82,77,86,46,40,73,36,37
C0116,09,55,0000,District - Basti  55,019013, 1 SINDHI,159,82,77,86,46,40,73,36,37
C0116,09,55,0000,District - Basti  55,020000,20 TAMIL,7,4,3,6,3,3,1,1,0
C0116,09,55,0000,District - Basti  55,020020, 1 TAMIL,7,4,3,6,3,3,1,1,0
C0116,09,55,0000,District - Basti  55,022000,22 URDU,74683,38190,36493,59591,30074,29517,15092,8116,6976
C0116,09,55,0000,District - Basti  55,022014, 1 URDU,74683,38190,36493,59591,30074,29517,15092,8116,6976
C0116,09,55,0000,District - Basti  55,028000,28 ARABIC/ARBI,7,4,3,3,3,0,4,1,3
C0116,09,55,0000,District - Basti  55,028001, 1 ARABIC/ARBI,7,4,3,3,3,0,4,1,3
C0116,09,55,0000,District - Basti  55,040000,40 ENGLISH,152,82,70,147,79,68,5,3,2
C0116,09,55,0000,District - Basti  55,040001, 1 ENGLISH,152,82,70,147,79,68,5,3,2
C0116,09,55,0000,District - Basti  55,044000,44 GONDI,2,2,0,2,2,0,0,0,0
C0116,09,55,0000,District - Basti  55,044999,44 Others,2,2,0,2,2,0,0,0,0
C0116,09,55,0000,District - Basti  55,072000,72 KURUKH/ORAON,4,2,2,4,2,2,0,0,0
C0116,09,55,0000,District - Basti  55,072009, 1 KURUKH/ORAON,4,2,2,4,2,2,0,0,0
C0116,09,55,0000,District - Basti  55,091000,91 MUNDARI,6,3,3,6,3,3,0,0,0
C0116,09,55,0000,District - Basti  55,091004, 1 MUNDARI,6,3,3,6,3,3,0,0,0
C0116,09,55,0000,District - Basti  55,121000,121 ZEMI,1,1,0,1,1,0,0,0,0
C0116,09,55,0000,District - Basti  55,121999,121 Others,1,1,0,1,1,0,0,0,0
C0116,09,55,0000,District - Basti  55,123000,123 OTHERS,95,37,58,95,37,58,0,0,0
C0116,09,55,0001,Tehsil - Bhanpur 0001,002000,2 BENGALI,8,3,5,8,3,5,0,0,0
C0116,09,55,0001,Tehsil - Bhanpur 0001,002004, 1 BENGALI,8,3,5,8,3,5,0,0,0
C0116,09,55,0001,Tehsil - Bhanpur 0001,005000,5 GUJARATI,1,0,1,1,0,1,0,0,0
C0116,09,55,0001,Tehsil - Bhanpur 0001,005011, 1 GUJARATI,1,0,1,1,0,1,0,0,0
C0116,09,55,0001,Tehsil - Bhanpur 0001,006000,6 HINDI,290999,149157,141842,290999,149157,141842,0,0,0
C0116,09,55,0001,Tehsil - Bhanpur 0001,006008, 1 AWADHI,2026,982,1044,2026,982,1044,0,0,0
C0116,09,55,0001,Tehsil - Bhanpur 0001,006045, 2 BHOJPURI,1255,625,630,1255,625,630,0,0,0
C0116,09,55,0001,Tehsil - Bhanpur 0001,006060, 3 BUNDELI/BUNDELKHANDI,11,2,9,11,2,9,0,0,0
C0116,09,55,0001,Tehsil - Bhanpur 0001,006072, 4 CHHATTISGARHI,185,94,91,185,94,91,0,0,0
C0116,09,55,0001,Tehsil - Bhanpur 0001,006095, 5 GARHWALI,5,2,3,5,2,3,0,0,0
C0116,09,55,0001,Tehsil - Bhanpur 0001,006118, 6 HINDI,287483,147426,140057,287483,147426,140057,0,0,0
C0116,09,55,0001,Tehsil - Bhanpur 0001,006204, 7 NAGPURIA,17,9,8,17,9,8,0,0,0
C0116,09,55,0001,Tehsil - Bhanpur 0001,006242, 8 RAJASTHANI,13,13,0,13,13,0,0,0,0
C0116,09,55,0001,Tehsil - Bhanpur 0001,006999,6 Others,4,4,0,4,4,0,0,0,0
C0116,09,55,0001,Tehsil - Bhanpur 0001,013000,13 MARATHI,3,0,3,3,0,3,0,0,0
C0116,09,55,0001,Tehsil - Bhanpur 0001,013048, 1 MARATHI,3,0,3,3,0,3,0,0,0
C0116,09,55,0001,Tehsil - Bhanpur 0001,014000,14 NEPALI,15,8,7,15,8,7,0,0,0
C0116,09,55,0001,Tehsil - Bhanpur 0001,014009, 1 NEPALI,15,8,7,15,8,7,0,0,0
C0116,09,55,0001,Tehsil - Bhanpur 0001,015000,15 ORIYA,115,68,47,115,68,47,0,0,0
C0116,09,55,0001,Tehsil - Bhanpur 0001,015031, 1 ORIYA,115,68,47,115,68,47,0,0,0
C0116,09,55,0001,Tehsil - Bhanpur 0001,020000,20 TAMIL,2,0,2,2,0,2,0,0,0
C0116,09,55,0001,Tehsil - Bhanpur 0001,020020, 1 TAMIL,2,0,2,2,0,2,0,0,0
C0116,09,55,0001,Tehsil - Bhanpur 0001,022000,22 URDU,10913,5374,5539,10913,5374,5539,0,0,0
C0116,09,55,0001,Tehsil - Bhanpur 0001,022014, 1 URDU,10913,5374,5539,10913,5374,5539,0,0,0
C0116,09,55,0001,Tehsil - Bhanpur 0001,040000,40 ENGLISH,1,1,0,1,1,0,0,0,0
C0116,09,55,0001,Tehsil - Bhanpur 0001,040001, 1 ENGLISH,1,1,0,1,1,0,0,0,0
C0116,09,55,0001,Tehsil - Bhanpur 0001,044000,44 GONDI,2,2,0,2,2,0,0,0,0
C0116,09,55,0001,Tehsil - Bhanpur 0001,044999,44 Others,2,2,0,2,2,0,0,0,0
C0116,09,55,0001,Tehsil - Bhanpur 0001,121000,121 ZEMI,1,1,0,1,1,0,0,0,0
C0116,09,55,0001,Tehsil - Bhanpur 0001,121999,121 Others,1,1,0,1,1,0,0,0,0
C0116,09,55,0001,Tehsil - Bhanpur 0001,123000,123 OTHERS,71,29,42,71,29,42,0,0,0
C0116,09,55,0002,Tehsil - Harraiya 0002,002000,2 BENGALI,32,16,16,26,12,14,6,4,2
C0116,09,55,0002,Tehsil - Harraiya 0002,002004, 1 BENGALI,32,16,16,26,12,14,6,4,2
C0116,09,55,0002,Tehsil - Harraiya 0002,005000,5 GUJARATI,1,0,1,1,0,1,0,0,0
C0116,09,55,0002,Tehsil - Harraiya 0002,005011, 1 GUJARATI,1,0,1,1,0,1,0,0,0
C0116,09,55,0002,Tehsil - Harraiya 0002,006000,6 HINDI,780757,401576,379181,772387,397196,375191,8370,4380,3990
C0116,09,55,0002,Tehsil - Harraiya 0002,006008, 1 AWADHI,11649,6087,5562,6535,3430,3105,5114,2657,2457
C0116,09,55,0002,Tehsil - Harraiya 0002,006045, 2 BHOJPURI,129,50,79,19,8,11,110,42,68
C0116,09,55,0002,Tehsil - Harraiya 0002,006060, 3 BUNDELI/BUNDELKHANDI,34,7,27,33,7,26,1,0,1
C0116,09,55,0002,Tehsil - Harraiya 0002,006072, 4 CHHATTISGARHI,432,218,214,432,218,214,0,0,0
C0116,09,55,0002,Tehsil - Harraiya 0002,006095, 5 GARHWALI,14,10,4,10,7,3,4,3,1
C0116,09,55,0002,Tehsil - Harraiya 0002,006118, 6 HINDI,768498,395204,373294,765357,393526,371831,3141,1678,1463
C0116,09,55,0002,Tehsil - Harraiya 0002,006999,6 Others,1,0,1,1,0,1,0,0,0
C0116,09,55,0002,Tehsil - Harraiya 0002,010000,10 MAITHILI,28,21,7,28,21,7,0,0,0
C0116,09,55,0002,Tehsil - Harraiya 0002,010006, 1 MAITHILI,28,21,7,28,21,7,0,0,0
C0116,09,55,0002,Tehsil - Harraiya 0002,011000,11 MALAYALAM,10,3,7,5,3,2,5,0,5
C0116,09,55,0002,Tehsil - Harraiya 0002,011013, 1 MALAYALAM,10,3,7,5,3,2,5,0,5
C0116,09,55,0002,Tehsil - Harraiya 0002,014000,14 NEPALI,51,29,22,49,27,22,2,2,0
C0116,09,55,0002,Tehsil - Harraiya 0002,014009, 1 NEPALI,51,29,22,49,27,22,2,2,0
C0116,09,55,0002,Tehsil - Harraiya 0002,015000,15 ORIYA,166,93,73,166,93,73,0,0,0
C0116,09,55,0002,Tehsil - Harraiya 0002,015031, 1 ORIYA,156,87,69,156,87,69,0,0,0
C0116,09,55,0002,Tehsil - Harraiya 0002,015999,15 Others,10,6,4,10,6,4,0,0,0
C0116,09,55,0002,Tehsil - Harraiya 0002,016000,16 PUNJABI,38,19,19,38,19,19,0,0,0
C0116,09,55,0002,Tehsil - Harraiya 0002,016018, 1 PUNJABI,38,19,19,38,19,19,0,0,0
C0116,09,55,0002,Tehsil - Harraiya 0002,017000,17 SANSKRIT,1,1,0,1,1,0,0,0,0
C0116,09,55,0002,Tehsil - Harraiya 0002,017002, 1 SANSKRIT,1,1,0,1,1,0,0,0,0
C0116,09,55,0002,Tehsil - Harraiya 0002,020000,20 TAMIL,1,1,0,1,1,0,0,0,0
C0116,09,55,0002,Tehsil - Harraiya 0002,020020, 1 TAMIL,1,1,0,1,1,0,0,0,0
C0116,09,55,0002,Tehsil - Harraiya 0002,022000,22 URDU,17714,8885,8829,17713,8884,8829,1,1,0
C0116,09,55,0002,Tehsil - Harraiya 0002,022014, 1 URDU,17714,8885,8829,17713,8884,8829,1,1,0
C0116,09,55,0002,Tehsil - Harraiya 0002,040000,40 ENGLISH,95,54,41,95,54,41,0,0,0
C0116,09,55,0002,Tehsil - Harraiya 0002,040001, 1 ENGLISH,95,54,41,95,54,41,0,0,0
C0116,09,55,0002,Tehsil - Harraiya 0002,072000,72 KURUKH/ORAON,4,2,2,4,2,2,0,0,0
C0116,09,55,0002,Tehsil - Harraiya 0002,072009, 1 KURUKH/ORAON,4,2,2,4,2,2,0,0,0
C0116,09,55,0002,Tehsil - Harraiya 0002,091000,91 MUNDARI,6,3,3,6,3,3,0,0,0
C0116,09,55,0002,Tehsil - Harraiya 0002,091004, 1 MUNDARI,6,3,3,6,3,3,0,0,0
C0116,09,55,0002,Tehsil - Harraiya 0002,123000,123 OTHERS,2,1,1,2,1,1,0,0,0
C0116,09,55,0003,Tehsil - Basti 0003,001000,1 ASSAMESE,2,0,2,2,0,2,0,0,0
C0116,09,55,0003,Tehsil - Basti 0003,001002, 1 ASSAMESE,2,0,2,2,0,2,0,0,0
C0116,09,55,0003,Tehsil - Basti 0003,002000,2 BENGALI,40,18,22,30,12,18,10,6,4
C0116,09,55,0003,Tehsil - Basti 0003,002004, 1 BENGALI,40,18,22,30,12,18,10,6,4
C0116,09,55,0003,Tehsil - Basti 0003,006000,6 HINDI,936495,485850,450645,844353,437093,407260,92142,48757,43385
C0116,09,55,0003,Tehsil - Basti 0003,006008, 1 AWADHI,10888,5735,5153,10888,5735,5153,0,0,0
C0116,09,55,0003,Tehsil - Basti 0003,006045, 2 BHOJPURI,3415,1759,1656,3405,1752,1653,10,7,3
C0116,09,55,0003,Tehsil - Basti 0003,006060, 3 BUNDELI/BUNDELKHANDI,37,8,29,30,6,24,7,2,5
C0116,09,55,0003,Tehsil - Basti 0003,006072, 4 CHHATTISGARHI,417,203,214,417,203,214,0,0,0
C0116,09,55,0003,Tehsil - Basti 0003,006095, 5 GARHWALI,23,13,10,19,11,8,4,2,2
C0116,09,55,0003,Tehsil - Basti 0003,006118, 6 HINDI,921659,478103,443556,829564,429369,400195,92095,48734,43361
C0116,09,55,0003,Tehsil - Basti 0003,006204, 7 NAGPURIA,1,1,0,0,0,0,1,1,0
C0116,09,55,0003,Tehsil - Basti 0003,006242, 8 RAJASTHANI,25,11,14,0,0,0,25,11,14
C0116,09,55,0003,Tehsil - Basti 0003,006251, 9 SADAN/SADRI,20,12,8,20,12,8,0,0,0
C0116,09,55,0003,Tehsil - Basti 0003,006999,6 Others,10,5,5,10,5,5,0,0,0
C0116,09,55,0003,Tehsil - Basti 0003,011000,11 MALAYALAM,21,11,10,21,11,10,0,0,0
C0116,09,55,0003,Tehsil - Basti 0003,011013, 1 MALAYALAM,21,11,10,21,11,10,0,0,0
C0116,09,55,0003,Tehsil - Basti 0003,013000,13 MARATHI,7,3,4,5,2,3,2,1,1
C0116,09,55,0003,Tehsil - Basti 0003,013048, 1 MARATHI,7,3,4,5,2,3,2,1,1
C0116,09,55,0003,Tehsil - Basti 0003,014000,14 NEPALI,135,89,46,130,88,42,5,1,4
C0116,09,55,0003,Tehsil - Basti 0003,014009, 1 NEPALI,135,89,46,130,88,42,5,1,4
C0116,09,55,0003,Tehsil - Basti 0003,015000,15 ORIYA,254,130,124,254,130,124,0,0,0
C0116,09,55,0003,Tehsil - Basti 0003,015031, 1 ORIYA,254,130,124,254,130,124,0,0,0
C0116,09,55,0003,Tehsil - Basti 0003,016000,16 PUNJABI,519,263,256,251,131,120,268,132,136
C0116,09,55,0003,Tehsil - Basti 0003,016018, 1 PUNJABI,499,254,245,242,126,116,257,128,129
C0116,09,55,0003,Tehsil - Basti 0003,016999,16 Others,20,9,11,9,5,4,11,4,7
C0116,09,55,0003,Tehsil - Basti 0003,019000,19 SINDHI,159,82,77,86,46,40,73,36,37
C0116,09,55,0003,Tehsil - Basti 0003,019013, 1 SINDHI,159,82,77,86,46,40,73,36,37
C0116,09,55,0003,Tehsil - Basti 0003,020000,20 TAMIL,4,3,1,3,2,1,1,1,0
C0116,09,55,0003,Tehsil - Basti 0003,020020, 1 TAMIL,4,3,1,3,2,1,1,1,0
C0116,09,55,0003,Tehsil - Basti 0003,022000,22 URDU,46056,23931,22125,30965,15816,15149,15091,8115,6976
C0116,09,55,0003,Tehsil - Basti 0003,022014, 1 URDU,46056,23931,22125,30965,15816,15149,15091,8115,6976
C0116,09,55,0003,Tehsil - Basti 0003,028000,28 ARABIC/ARBI,7,4,3,3,3,0,4,1,3
C0116,09,55,0003,Tehsil - Basti 0003,028001, 1 ARABIC/ARBI,7,4,3,3,3,0,4,1,3
C0116,09,55,0003,Tehsil - Basti 0003,040000,40 ENGLISH,56,27,29,51,24,27,5,3,2
C0116,09,55,0003,Tehsil - Basti 0003,040001, 1 ENGLISH,56,27,29,51,24,27,5,3,2
C0116,09,55,0003,Tehsil - Basti 0003,123000,123 OTHERS,22,7,15,22,7,15,0,0,0
C0116,09,56,0000,District - Sant Kabir Nagar *  56,001000,1 ASSAMESE,5,3,2,5,3,2,0,0,0
C0116,09,56,0000,District - Sant Kabir Nagar *  56,001002, 1 ASSAMESE,5,3,2,5,3,2,0,0,0
C0116,09,56,0000,District - Sant Kabir Nagar *  56,002000,2 BENGALI,94,46,48,79,40,39,15,6,9
C0116,09,56,0000,District - Sant Kabir Nagar *  56,002004, 1 BENGALI,94,46,48,79,40,39,15,6,9
C0116,09,56,0000,District - Sant Kabir Nagar *  56,006000,6 HINDI,1201061,609650,591411,1131093,572826,558267,69968,36824,33144
C0116,09,56,0000,District - Sant Kabir Nagar *  56,006008, 1 AWADHI,269,137,132,269,137,132,0,0,0
C0116,09,56,0000,District - Sant Kabir Nagar *  56,006045, 2 BHOJPURI,82489,41113,41376,74954,37227,37727,7535,3886,3649
C0116,09,56,0000,District - Sant Kabir Nagar *  56,006059, 3 BRAJBHASHA,9,7,2,9,7,2,0,0,0
C0116,09,56,0000,District - Sant Kabir Nagar *  56,006060, 4 BUNDELI/BUNDELKHANDI,30,10,20,28,9,19,2,1,1
C0116,09,56,0000,District - Sant Kabir Nagar *  56,006072, 5 CHHATTISGARHI,172,87,85,172,87,85,0,0,0
C0116,09,56,0000,District - Sant Kabir Nagar *  56,006095, 6 GARHWALI,417,241,176,336,190,146,81,51,30
C0116,09,56,0000,District - Sant Kabir Nagar *  56,006118, 7 HINDI,1117549,567987,549562,1055239,535122,520117,62310,32865,29445
C0116,09,56,0000,District - Sant Kabir Nagar *  56,006127, 8 JAUNSARI,1,1,0,1,1,0,0,0,0
C0116,09,56,0000,District - Sant Kabir Nagar *  56,006162, 9 KUMAUNI,2,1,1,2,1,1,0,0,0
C0116,09,56,0000,District - Sant Kabir Nagar *  56,006192, 10 MARWARI,39,20,19,0,0,0,39,20,19
C0116,09,56,0000,District - Sant Kabir Nagar *  56,006242, 11 RAJASTHANI,29,17,12,29,17,12,0,0,0
C0116,09,56,0000,District - Sant Kabir Nagar *  56,006251, 12 SADAN/SADRI,12,7,5,12,7,5,0,0,0
C0116,09,56,0000,District - Sant Kabir Nagar *  56,006999,6 Others,43,22,21,42,21,21,1,1,0
C0116,09,56,0000,District - Sant Kabir Nagar *  56,007000,7 KANNADA,1,0,1,1,0,1,0,0,0
C0116,09,56,0000,District - Sant Kabir Nagar *  56,007013, 1 KANNADA,1,0,1,1,0,1,0,0,0
C0116,09,56,0000,District - Sant Kabir Nagar *  56,010000,10 MAITHILI,45,30,15,45,30,15,0,0,0
C0116,09,56,0000,District - Sant Kabir Nagar *  56,010006, 1 MAITHILI,45,30,15,45,30,15,0,0,0
C0116,09,56,0000,District - Sant Kabir Nagar *  56,011000,11 MALAYALAM,2,0,2,2,0,2,0,0,0
C0116,09,56,0000,District - Sant Kabir Nagar *  56,011013, 1 MALAYALAM,2,0,2,2,0,2,0,0,0
C0116,09,56,0000,District - Sant Kabir Nagar *  56,013000,13 MARATHI,39,18,21,23,10,13,16,8,8
C0116,09,56,0000,District - Sant Kabir Nagar *  56,013048, 1 MARATHI,19,8,11,3,0,3,16,8,8
C0116,09,56,0000,District - Sant Kabir Nagar *  56,013999,13 Others,20,10,10,20,10,10,0,0,0
C0116,09,56,0000,District - Sant Kabir Nagar *  56,014000,14 NEPALI,495,244,251,469,225,244,26,19,7
C0116,09,56,0000,District - Sant Kabir Nagar *  56,014009, 1 NEPALI,495,244,251,469,225,244,26,19,7
C0116,09,56,0000,District - Sant Kabir Nagar *  56,015000,15 ORIYA,41,23,18,41,23,18,0,0,0
C0116,09,56,0000,District - Sant Kabir Nagar *  56,015031, 1 ORIYA,41,23,18,41,23,18,0,0,0
C0116,09,56,0000,District - Sant Kabir Nagar *  56,016000,16 PUNJABI,53,25,28,3,1,2,50,24,26
C0116,09,56,0000,District - Sant Kabir Nagar *  56,016018, 1 PUNJABI,47,22,25,3,1,2,44,21,23
C0116,09,56,0000,District - Sant Kabir Nagar *  56,016999,16 Others,6,3,3,0,0,0,6,3,3
C0116,09,56,0000,District - Sant Kabir Nagar *  56,019000,19 SINDHI,3,2,1,0,0,0,3,2,1
C0116,09,56,0000,District - Sant Kabir Nagar *  56,019013, 1 SINDHI,3,2,1,0,0,0,3,2,1
C0116,09,56,0000,District - Sant Kabir Nagar *  56,020000,20 TAMIL,16,6,10,16,6,10,0,0,0
C0116,09,56,0000,District - Sant Kabir Nagar *  56,020020, 1 TAMIL,16,6,10,16,6,10,0,0,0
C0116,09,56,0000,District - Sant Kabir Nagar *  56,022000,22 URDU,218104,109279,108825,187631,93444,94187,30473,15835,14638
C0116,09,56,0000,District - Sant Kabir Nagar *  56,022014, 1 URDU,218104,109279,108825,187631,93444,94187,30473,15835,14638
C0116,09,56,0000,District - Sant Kabir Nagar *  56,028000,28 ARABIC/ARBI,76,48,28,76,48,28,0,0,0
C0116,09,56,0000,District - Sant Kabir Nagar *  56,028001, 1 ARABIC/ARBI,76,48,28,76,48,28,0,0,0
C0116,09,56,0000,District - Sant Kabir Nagar *  56,040000,40 ENGLISH,101,46,55,101,46,55,0,0,0
C0116,09,56,0000,District - Sant Kabir Nagar *  56,040001, 1 ENGLISH,101,46,55,101,46,55,0,0,0
C0116,09,56,0000,District - Sant Kabir Nagar *  56,123000,123 OTHERS,90,45,45,90,45,45,0,0,0
C0116,09,56,0001,Tehsil - Mehdawal ** 0001,001000,1 ASSAMESE,4,2,2,4,2,2,0,0,0
C0116,09,56,0001,Tehsil - Mehdawal ** 0001,001002, 1 ASSAMESE,4,2,2,4,2,2,0,0,0
C0116,09,56,0001,Tehsil - Mehdawal ** 0001,002000,2 BENGALI,19,7,12,19,7,12,0,0,0
C0116,09,56,0001,Tehsil - Mehdawal ** 0001,002004, 1 BENGALI,19,7,12,19,7,12,0,0,0
C0116,09,56,0001,Tehsil - Mehdawal ** 0001,006000,6 HINDI,326562,165850,160712,308404,156264,152140,18158,9586,8572
C0116,09,56,0001,Tehsil - Mehdawal ** 0001,006008, 1 AWADHI,40,20,20,40,20,20,0,0,0
C0116,09,56,0001,Tehsil - Mehdawal ** 0001,006045, 2 BHOJPURI,9014,4388,4626,9013,4388,4625,1,0,1
C0116,09,56,0001,Tehsil - Mehdawal ** 0001,006059, 3 BRAJBHASHA,9,7,2,9,7,2,0,0,0
C0116,09,56,0001,Tehsil - Mehdawal ** 0001,006060, 4 BUNDELI/BUNDELKHANDI,4,0,4,4,0,4,0,0,0
C0116,09,56,0001,Tehsil - Mehdawal ** 0001,006072, 5 CHHATTISGARHI,12,5,7,12,5,7,0,0,0
C0116,09,56,0001,Tehsil - Mehdawal ** 0001,006095, 6 GARHWALI,73,35,38,73,35,38,0,0,0
C0116,09,56,0001,Tehsil - Mehdawal ** 0001,006118, 7 HINDI,317372,161375,155997,299215,151789,147426,18157,9586,8571
C0116,09,56,0001,Tehsil - Mehdawal ** 0001,006127, 8 JAUNSARI,1,1,0,1,1,0,0,0,0
C0116,09,56,0001,Tehsil - Mehdawal ** 0001,006999,6 Others,37,19,18,37,19,18,0,0,0
C0116,09,56,0001,Tehsil - Mehdawal ** 0001,010000,10 MAITHILI,41,27,14,41,27,14,0,0,0
C0116,09,56,0001,Tehsil - Mehdawal ** 0001,010006, 1 MAITHILI,41,27,14,41,27,14,0,0,0
C0116,09,56,0001,Tehsil - Mehdawal ** 0001,013000,13 MARATHI,1,0,1,1,0,1,0,0,0
C0116,09,56,0001,Tehsil - Mehdawal ** 0001,013048, 1 MARATHI,1,0,1,1,0,1,0,0,0
C0116,09,56,0001,Tehsil - Mehdawal ** 0001,014000,14 NEPALI,325,160,165,309,149,160,16,11,5
C0116,09,56,0001,Tehsil - Mehdawal ** 0001,014009, 1 NEPALI,325,160,165,309,149,160,16,11,5
C0116,09,56,0001,Tehsil - Mehdawal ** 0001,016000,16 PUNJABI,21,9,12,0,0,0,21,9,12
C0116,09,56,0001,Tehsil - Mehdawal ** 0001,016018, 1 PUNJABI,21,9,12,0,0,0,21,9,12
C0116,09,56,0001,Tehsil - Mehdawal ** 0001,020000,20 TAMIL,15,6,9,15,6,9,0,0,0
C0116,09,56,0001,Tehsil - Mehdawal ** 0001,020020, 1 TAMIL,15,6,9,15,6,9,0,0,0
C0116,09,56,0001,Tehsil - Mehdawal ** 0001,022000,22 URDU,62295,30950,31345,55828,27650,28178,6467,3300,3167
C0116,09,56,0001,Tehsil - Mehdawal ** 0001,022014, 1 URDU,62295,30950,31345,55828,27650,28178,6467,3300,3167
C0116,09,56,0001,Tehsil - Mehdawal ** 0001,028000,28 ARABIC/ARBI,64,40,24,64,40,24,0,0,0
C0116,09,56,0001,Tehsil - Mehdawal ** 0001,028001, 1 ARABIC/ARBI,64,40,24,64,40,24,0,0,0
C0116,09,56,0001,Tehsil - Mehdawal ** 0001,123000,123 OTHERS,1,1,0,1,1,0,0,0,0
C0116,09,56,0002,Tehsil - Khalilabad 0002,001000,1 ASSAMESE,1,1,0,1,1,0,0,0,0
C0116,09,56,0002,Tehsil - Khalilabad 0002,001002, 1 ASSAMESE,1,1,0,1,1,0,0,0,0
C0116,09,56,0002,Tehsil - Khalilabad 0002,002000,2 BENGALI,43,26,17,31,22,9,12,4,8
C0116,09,56,0002,Tehsil - Khalilabad 0002,002004, 1 BENGALI,43,26,17,31,22,9,12,4,8
C0116,09,56,0002,Tehsil - Khalilabad 0002,006000,6 HINDI,471204,240207,230997,428607,217691,210916,42597,22516,20081
C0116,09,56,0002,Tehsil - Khalilabad 0002,006008, 1 AWADHI,229,117,112,229,117,112,0,0,0
C0116,09,56,0002,Tehsil - Khalilabad 0002,006045, 2 BHOJPURI,20958,10628,10330,14380,7217,7163,6578,3411,3167
C0116,09,56,0002,Tehsil - Khalilabad 0002,006060, 3 BUNDELI/BUNDELKHANDI,7,3,4,7,3,4,0,0,0
C0116,09,56,0002,Tehsil - Khalilabad 0002,006072, 4 CHHATTISGARHI,21,10,11,21,10,11,0,0,0
C0116,09,56,0002,Tehsil - Khalilabad 0002,006095, 5 GARHWALI,149,87,62,75,39,36,74,48,26
C0116,09,56,0002,Tehsil - Khalilabad 0002,006118, 6 HINDI,449765,229322,220443,413860,210286,203574,35905,19036,16869
C0116,09,56,0002,Tehsil - Khalilabad 0002,006162, 7 KUMAUNI,1,0,1,1,0,1,0,0,0
C0116,09,56,0002,Tehsil - Khalilabad 0002,006192, 8 MARWARI,39,20,19,0,0,0,39,20,19
C0116,09,56,0002,Tehsil - Khalilabad 0002,006242, 9 RAJASTHANI,29,17,12,29,17,12,0,0,0
C0116,09,56,0002,Tehsil - Khalilabad 0002,006999,6 Others,6,3,3,5,2,3,1,1,0
C0116,09,56,0002,Tehsil - Khalilabad 0002,007000,7 KANNADA,1,0,1,1,0,1,0,0,0
C0116,09,56,0002,Tehsil - Khalilabad 0002,007013, 1 KANNADA,1,0,1,1,0,1,0,0,0
C0116,09,56,0002,Tehsil - Khalilabad 0002,013000,13 MARATHI,17,8,9,1,0,1,16,8,8
C0116,09,56,0002,Tehsil - Khalilabad 0002,013048, 1 MARATHI,17,8,9,1,0,1,16,8,8
C0116,09,56,0002,Tehsil - Khalilabad 0002,014000,14 NEPALI,104,51,53,95,44,51,9,7,2
C0116,09,56,0002,Tehsil - Khalilabad 0002,014009, 1 NEPALI,104,51,53,95,44,51,9,7,2
C0116,09,56,0002,Tehsil - Khalilabad 0002,015000,15 ORIYA,41,23,18,41,23,18,0,0,0
C0116,09,56,0002,Tehsil - Khalilabad 0002,015031, 1 ORIYA,41,23,18,41,23,18,0,0,0
C0116,09,56,0002,Tehsil - Khalilabad 0002,016000,16 PUNJABI,23,13,10,0,0,0,23,13,10
C0116,09,56,0002,Tehsil - Khalilabad 0002,016018, 1 PUNJABI,17,10,7,0,0,0,17,10,7
C0116,09,56,0002,Tehsil - Khalilabad 0002,016999,16 Others,6,3,3,0,0,0,6,3,3
C0116,09,56,0002,Tehsil - Khalilabad 0002,019000,19 SINDHI,3,2,1,0,0,0,3,2,1
C0116,09,56,0002,Tehsil - Khalilabad 0002,019013, 1 SINDHI,3,2,1,0,0,0,3,2,1
C0116,09,56,0002,Tehsil - Khalilabad 0002,022000,22 URDU,134326,67814,66512,110346,55291,55055,23980,12523,11457
C0116,09,56,0002,Tehsil - Khalilabad 0002,022014, 1 URDU,134326,67814,66512,110346,55291,55055,23980,12523,11457
C0116,09,56,0002,Tehsil - Khalilabad 0002,028000,28 ARABIC/ARBI,12,8,4,12,8,4,0,0,0
C0116,09,56,0002,Tehsil - Khalilabad 0002,028001, 1 ARABIC/ARBI,12,8,4,12,8,4,0,0,0
C0116,09,56,0002,Tehsil - Khalilabad 0002,123000,123 OTHERS,2,2,0,2,2,0,0,0,0
C0116,09,56,0003,Tehsil - Ghanghata ** 0003,002000,2 BENGALI,32,13,19,29,11,18,3,2,1
C0116,09,56,0003,Tehsil - Ghanghata ** 0003,002004, 1 BENGALI,32,13,19,29,11,18,3,2,1
C0116,09,56,0003,Tehsil - Ghanghata ** 0003,006000,6 HINDI,403295,203593,199702,394082,198871,195211,9213,4722,4491
C0116,09,56,0003,Tehsil - Ghanghata ** 0003,006045, 1 BHOJPURI,52517,26097,26420,51561,25622,25939,956,475,481
C0116,09,56,0003,Tehsil - Ghanghata ** 0003,006060, 2 BUNDELI/BUNDELKHANDI,19,7,12,17,6,11,2,1,1
C0116,09,56,0003,Tehsil - Ghanghata ** 0003,006072, 3 CHHATTISGARHI,139,72,67,139,72,67,0,0,0
C0116,09,56,0003,Tehsil - Ghanghata ** 0003,006095, 4 GARHWALI,195,119,76,188,116,72,7,3,4
C0116,09,56,0003,Tehsil - Ghanghata ** 0003,006118, 5 HINDI,350412,177290,173122,342164,173047,169117,8248,4243,4005
C0116,09,56,0003,Tehsil - Ghanghata ** 0003,006162, 6 KUMAUNI,1,1,0,1,1,0,0,0,0
C0116,09,56,0003,Tehsil - Ghanghata ** 0003,006251, 7 SADAN/SADRI,12,7,5,12,7,5,0,0,0
C0116,09,56,0003,Tehsil - Ghanghata ** 0003,010000,10 MAITHILI,4,3,1,4,3,1,0,0,0
C0116,09,56,0003,Tehsil - Ghanghata ** 0003,010006, 1 MAITHILI,4,3,1,4,3,1,0,0,0
C0116,09,56,0003,Tehsil - Ghanghata ** 0003,011000,11 MALAYALAM,2,0,2,2,0,2,0,0,0
C0116,09,56,0003,Tehsil - Ghanghata ** 0003,011013, 1 MALAYALAM,2,0,2,2,0,2,0,0,0
C0116,09,56,0003,Tehsil - Ghanghata ** 0003,013000,13 MARATHI,21,10,11,21,10,11,0,0,0
C0116,09,56,0003,Tehsil - Ghanghata ** 0003,013048, 1 MARATHI,1,0,1,1,0,1,0,0,0
C0116,09,56,0003,Tehsil - Ghanghata ** 0003,013999,13 Others,20,10,10,20,10,10,0,0,0
C0116,09,56,0003,Tehsil - Ghanghata ** 0003,014000,14 NEPALI,66,33,33,65,32,33,1,1,0
C0116,09,56,0003,Tehsil - Ghanghata ** 0003,014009, 1 NEPALI,66,33,33,65,32,33,1,1,0
C0116,09,56,0003,Tehsil - Ghanghata ** 0003,016000,16 PUNJABI,9,3,6,3,1,2,6,2,4
C0116,09,56,0003,Tehsil - Ghanghata ** 0003,016018, 1 PUNJABI,9,3,6,3,1,2,6,2,4
C0116,09,56,0003,Tehsil - Ghanghata ** 0003,020000,20 TAMIL,1,0,1,1,0,1,0,0,0
C0116,09,56,0003,Tehsil - Ghanghata ** 0003,020020, 1 TAMIL,1,0,1,1,0,1,0,0,0
C0116,09,56,0003,Tehsil - Ghanghata ** 0003,022000,22 URDU,21483,10515,10968,21457,10503,10954,26,12,14
C0116,09,56,0003,Tehsil - Ghanghata ** 0003,022014, 1 URDU,21483,10515,10968,21457,10503,10954,26,12,14
C0116,09,56,0003,Tehsil - Ghanghata ** 0003,040000,40 ENGLISH,101,46,55,101,46,55,0,0,0
C0116,09,56,0003,Tehsil - Ghanghata ** 0003,040001, 1 ENGLISH,101,46,55,101,46,55,0,0,0
C0116,09,56,0003,Tehsil - Ghanghata ** 0003,123000,123 OTHERS,87,42,45,87,42,45,0,0,0
C0116,09,57,0000,District - Maharajganj  57,002000,2 BENGALI,165,105,60,120,79,41,45,26,19
C0116,09,57,0000,District - Maharajganj  57,002004, 1 BENGALI,165,105,60,120,79,41,45,26,19
C0116,09,57,0000,District - Maharajganj  57,005000,5 GUJARATI,60,36,24,56,32,24,4,4,0
C0116,09,57,0000,District - Maharajganj  57,005011, 1 GUJARATI,60,36,24,56,32,24,4,4,0
C0116,09,57,0000,District - Maharajganj  57,006000,6 HINDI,2127695,1100577,1027118,2021932,1045255,976677,105763,55322,50441
C0116,09,57,0000,District - Maharajganj  57,006045, 1 BHOJPURI,256235,131085,125150,251265,128545,122720,4970,2540,2430
C0116,09,57,0000,District - Maharajganj  57,006059, 2 BRAJBHASHA,2,1,1,2,1,1,0,0,0
C0116,09,57,0000,District - Maharajganj  57,006060, 3 BUNDELI/BUNDELKHANDI,34,17,17,26,14,12,8,3,5
C0116,09,57,0000,District - Maharajganj  57,006072, 4 CHHATTISGARHI,231,115,116,231,115,116,0,0,0
C0116,09,57,0000,District - Maharajganj  57,006095, 5 GARHWALI,1160,696,464,1124,673,451,36,23,13
C0116,09,57,0000,District - Maharajganj  57,006117, 6 HARYANVI,2,2,0,0,0,0,2,2,0
C0116,09,57,0000,District - Maharajganj  57,006118, 7 HINDI,1869946,968614,901332,1769256,915892,853364,100690,52722,47968
C0116,09,57,0000,District - Maharajganj  57,006127, 8 JAUNSARI,5,2,3,5,2,3,0,0,0
C0116,09,57,0000,District - Maharajganj  57,006162, 9 KUMAUNI,5,4,1,3,3,0,2,1,1
C0116,09,57,0000,District - Maharajganj  57,006192, 10 MARWARI,45,24,21,0,0,0,45,24,21
C0116,09,57,0000,District - Maharajganj  57,006213, 11 PAHARI,4,1,3,4,1,3,0,0,0
C0116,09,57,0000,District - Maharajganj  57,006242, 12 RAJASTHANI,10,7,3,0,0,0,10,7,3
C0116,09,57,0000,District - Maharajganj  57,006251, 13 SADAN/SADRI,4,2,2,4,2,2,0,0,0
C0116,09,57,0000,District - Maharajganj  57,006999,6 Others,12,7,5,12,7,5,0,0,0
C0116,09,57,0000,District - Maharajganj  57,007000,7 KANNADA,159,81,78,144,71,73,15,10,5
C0116,09,57,0000,District - Maharajganj  57,007013, 1 KANNADA,159,81,78,144,71,73,15,10,5
C0116,09,57,0000,District - Maharajganj  57,011000,11 MALAYALAM,28,8,20,11,4,7,17,4,13
C0116,09,57,0000,District - Maharajganj  57,011013, 1 MALAYALAM,28,8,20,11,4,7,17,4,13
C0116,09,57,0000,District - Maharajganj  57,013000,13 MARATHI,2,1,1,2,1,1,0,0,0
C0116,09,57,0000,District - Maharajganj  57,013048, 1 MARATHI,1,0,1,1,0,1,0,0,0
C0116,09,57,0000,District - Maharajganj  57,013999,13 Others,1,1,0,1,1,0,0,0,0
C0116,09,57,0000,District - Maharajganj  57,014000,14 NEPALI,4129,2092,2037,3490,1764,1726,639,328,311
C0116,09,57,0000,District - Maharajganj  57,014009, 1 NEPALI,4129,2092,2037,3490,1764,1726,639,328,311
C0116,09,57,0000,District - Maharajganj  57,015000,15 ORIYA,8,3,5,7,3,4,1,0,1
C0116,09,57,0000,District - Maharajganj  57,015031, 1 ORIYA,8,3,5,7,3,4,1,0,1
C0116,09,57,0000,District - Maharajganj  57,016000,16 PUNJABI,497,249,248,20,11,9,477,238,239
C0116,09,57,0000,District - Maharajganj  57,016018, 1 PUNJABI,483,242,241,20,11,9,463,231,232
C0116,09,57,0000,District - Maharajganj  57,016999,16 Others,14,7,7,0,0,0,14,7,7
C0116,09,57,0000,District - Maharajganj  57,017000,17 SANSKRIT,1,0,1,1,0,1,0,0,0
C0116,09,57,0000,District - Maharajganj  57,017002, 1 SANSKRIT,1,0,1,1,0,1,0,0,0
C0116,09,57,0000,District - Maharajganj  57,019000,19 SINDHI,93,51,42,1,0,1,92,51,41
C0116,09,57,0000,District - Maharajganj  57,019013, 1 SINDHI,93,51,42,1,0,1,92,51,41
C0116,09,57,0000,District - Maharajganj  57,020000,20 TAMIL,123,71,52,116,69,47,7,2,5
C0116,09,57,0000,District - Maharajganj  57,020020, 1 TAMIL,122,71,51,116,69,47,6,2,4
C0116,09,57,0000,District - Maharajganj  57,020999,20 Others,1,0,1,0,0,0,1,0,1
C0116,09,57,0000,District - Maharajganj  57,021000,21 TELUGU,7,6,1,0,0,0,7,6,1
C0116,09,57,0000,District - Maharajganj  57,021035, 1 TELUGU,7,6,1,0,0,0,7,6,1
C0116,09,57,0000,District - Maharajganj  57,022000,22 URDU,40678,20879,19799,37154,19041,18113,3524,1838,1686
C0116,09,57,0000,District - Maharajganj  57,022014, 1 URDU,40678,20879,19799,37154,19041,18113,3524,1838,1686
C0116,09,57,0000,District - Maharajganj  57,028000,28 ARABIC/ARBI,77,43,34,76,43,33,1,0,1
C0116,09,57,0000,District - Maharajganj  57,028001, 1 ARABIC/ARBI,77,43,34,76,43,33,1,0,1
C0116,09,57,0000,District - Maharajganj  57,040000,40 ENGLISH,25,20,5,22,18,4,3,2,1
C0116,09,57,0000,District - Maharajganj  57,040001, 1 ENGLISH,25,20,5,22,18,4,3,2,1
C0116,09,57,0000,District - Maharajganj  57,123000,123 OTHERS,131,68,63,126,66,60,5,2,3
C0116,09,57,0001,Tehsil - Nautanwa 0001,002000,2 BENGALI,53,29,24,43,20,23,10,9,1
C0116,09,57,0001,Tehsil - Nautanwa 0001,002004, 1 BENGALI,53,29,24,43,20,23,10,9,1
C0116,09,57,0001,Tehsil - Nautanwa 0001,006000,6 HINDI,383409,199828,183581,356671,185871,170800,26738,13957,12781
C0116,09,57,0001,Tehsil - Nautanwa 0001,006045, 1 BHOJPURI,43664,22595,21069,40795,21125,19670,2869,1470,1399
C0116,09,57,0001,Tehsil - Nautanwa 0001,006060, 2 BUNDELI/BUNDELKHANDI,1,1,0,1,1,0,0,0,0
C0116,09,57,0001,Tehsil - Nautanwa 0001,006072, 3 CHHATTISGARHI,38,17,21,38,17,21,0,0,0
C0116,09,57,0001,Tehsil - Nautanwa 0001,006095, 4 GARHWALI,190,118,72,185,114,71,5,4,1
C0116,09,57,0001,Tehsil - Nautanwa 0001,006117, 5 HARYANVI,2,2,0,0,0,0,2,2,0
C0116,09,57,0001,Tehsil - Nautanwa 0001,006118, 6 HINDI,339454,177062,162392,315649,164613,151036,23805,12449,11356
C0116,09,57,0001,Tehsil - Nautanwa 0001,006127, 7 JAUNSARI,2,0,2,2,0,2,0,0,0
C0116,09,57,0001,Tehsil - Nautanwa 0001,006162, 8 KUMAUNI,3,2,1,1,1,0,2,1,1
C0116,09,57,0001,Tehsil - Nautanwa 0001,006192, 9 MARWARI,45,24,21,0,0,0,45,24,21
C0116,09,57,0001,Tehsil - Nautanwa 0001,006242, 10 RAJASTHANI,10,7,3,0,0,0,10,7,3
C0116,09,57,0001,Tehsil - Nautanwa 0001,011000,11 MALAYALAM,10,2,8,0,0,0,10,2,8
C0116,09,57,0001,Tehsil - Nautanwa 0001,011013, 1 MALAYALAM,10,2,8,0,0,0,10,2,8
C0116,09,57,0001,Tehsil - Nautanwa 0001,014000,14 NEPALI,1131,585,546,757,395,362,374,190,184
C0116,09,57,0001,Tehsil - Nautanwa 0001,014009, 1 NEPALI,1131,585,546,757,395,362,374,190,184
C0116,09,57,0001,Tehsil - Nautanwa 0001,015000,15 ORIYA,1,0,1,0,0,0,1,0,1
C0116,09,57,0001,Tehsil - Nautanwa 0001,015031, 1 ORIYA,1,0,1,0,0,0,1,0,1
C0116,09,57,0001,Tehsil - Nautanwa 0001,016000,16 PUNJABI,480,241,239,12,8,4,468,233,235
C0116,09,57,0001,Tehsil - Nautanwa 0001,016018, 1 PUNJABI,466,234,232,12,8,4,454,226,228
C0116,09,57,0001,Tehsil - Nautanwa 0001,016999,16 Others,14,7,7,0,0,0,14,7,7
C0116,09,57,0001,Tehsil - Nautanwa 0001,019000,19 SINDHI,93,51,42,1,0,1,92,51,41
C0116,09,57,0001,Tehsil - Nautanwa 0001,019013, 1 SINDHI,93,51,42,1,0,1,92,51,41
C0116,09,57,0001,Tehsil - Nautanwa 0001,020000,20 TAMIL,6,2,4,0,0,0,6,2,4
C0116,09,57,0001,Tehsil - Nautanwa 0001,020020, 1 TAMIL,6,2,4,0,0,0,6,2,4
C0116,09,57,0001,Tehsil - Nautanwa 0001,021000,21 TELUGU,6,5,1,0,0,0,6,5,1
C0116,09,57,0001,Tehsil - Nautanwa 0001,021035, 1 TELUGU,6,5,1,0,0,0,6,5,1
C0116,09,57,0001,Tehsil - Nautanwa 0001,022000,22 URDU,12006,6140,5866,10411,5342,5069,1595,798,797
C0116,09,57,0001,Tehsil - Nautanwa 0001,022014, 1 URDU,12006,6140,5866,10411,5342,5069,1595,798,797
C0116,09,57,0001,Tehsil - Nautanwa 0001,028000,28 ARABIC/ARBI,1,0,1,0,0,0,1,0,1
C0116,09,57,0001,Tehsil - Nautanwa 0001,028001, 1 ARABIC/ARBI,1,0,1,0,0,0,1,0,1
C0116,09,57,0001,Tehsil - Nautanwa 0001,040000,40 ENGLISH,1,1,0,1,1,0,0,0,0
C0116,09,57,0001,Tehsil - Nautanwa 0001,040001, 1 ENGLISH,1,1,0,1,1,0,0,0,0
C0116,09,57,0001,Tehsil - Nautanwa 0001,123000,123 OTHERS,4,1,3,3,1,2,1,0,1
C0116,09,57,0002,Tehsil - Nichlaul 0002,002000,2 BENGALI,70,56,14,46,45,1,24,11,13
C0116,09,57,0002,Tehsil - Nichlaul 0002,002004, 1 BENGALI,70,56,14,46,45,1,24,11,13
C0116,09,57,0002,Tehsil - Nichlaul 0002,005000,5 GUJARATI,4,4,0,0,0,0,4,4,0
C0116,09,57,0002,Tehsil - Nichlaul 0002,005011, 1 GUJARATI,4,4,0,0,0,0,4,4,0
C0116,09,57,0002,Tehsil - Nichlaul 0002,006000,6 HINDI,441852,228928,212924,408460,211463,196997,33392,17465,15927
C0116,09,57,0002,Tehsil - Nichlaul 0002,006045, 1 BHOJPURI,64243,33083,31160,63153,32517,30636,1090,566,524
C0116,09,57,0002,Tehsil - Nichlaul 0002,006060, 2 BUNDELI/BUNDELKHANDI,13,6,7,7,4,3,6,2,4
C0116,09,57,0002,Tehsil - Nichlaul 0002,006095, 3 GARHWALI,217,141,76,201,130,71,16,11,5
C0116,09,57,0002,Tehsil - Nichlaul 0002,006118, 4 HINDI,377375,195697,181678,345095,178811,166284,32280,16886,15394
C0116,09,57,0002,Tehsil - Nichlaul 0002,006213, 5 PAHARI,4,1,3,4,1,3,0,0,0
C0116,09,57,0002,Tehsil - Nichlaul 0002,011000,11 MALAYALAM,11,5,6,4,3,1,7,2,5
C0116,09,57,0002,Tehsil - Nichlaul 0002,011013, 1 MALAYALAM,11,5,6,4,3,1,7,2,5
C0116,09,57,0002,Tehsil - Nichlaul 0002,014000,14 NEPALI,395,221,174,266,145,121,129,76,53
C0116,09,57,0002,Tehsil - Nichlaul 0002,014009, 1 NEPALI,395,221,174,266,145,121,129,76,53
C0116,09,57,0002,Tehsil - Nichlaul 0002,016000,16 PUNJABI,7,2,5,7,2,5,0,0,0
C0116,09,57,0002,Tehsil - Nichlaul 0002,016018, 1 PUNJABI,7,2,5,7,2,5,0,0,0
C0116,09,57,0002,Tehsil - Nichlaul 0002,020000,20 TAMIL,1,0,1,0,0,0,1,0,1
C0116,09,57,0002,Tehsil - Nichlaul 0002,020999,20 Others,1,0,1,0,0,0,1,0,1
C0116,09,57,0002,Tehsil - Nichlaul 0002,022000,22 URDU,1462,814,648,601,297,304,861,517,344
C0116,09,57,0002,Tehsil - Nichlaul 0002,022014, 1 URDU,1462,814,648,601,297,304,861,517,344
C0116,09,57,0002,Tehsil - Nichlaul 0002,040000,40 ENGLISH,4,4,0,4,4,0,0,0,0
C0116,09,57,0002,Tehsil - Nichlaul 0002,040001, 1 ENGLISH,4,4,0,4,4,0,0,0,0
C0116,09,57,0003,Tehsil - Pharenda 0003,002000,2 BENGALI,8,5,3,8,5,3,0,0,0
C0116,09,57,0003,Tehsil - Pharenda 0003,002004, 1 BENGALI,8,5,3,8,5,3,0,0,0
C0116,09,57,0003,Tehsil - Pharenda 0003,006000,6 HINDI,386408,201220,185188,376473,195973,180500,9935,5247,4688
C0116,09,57,0003,Tehsil - Pharenda 0003,006045, 1 BHOJPURI,26625,13795,12830,26625,13795,12830,0,0,0
C0116,09,57,0003,Tehsil - Pharenda 0003,006060, 2 BUNDELI/BUNDELKHANDI,8,4,4,7,4,3,1,0,1
C0116,09,57,0003,Tehsil - Pharenda 0003,006072, 3 CHHATTISGARHI,138,73,65,138,73,65,0,0,0
C0116,09,57,0003,Tehsil - Pharenda 0003,006095, 4 GARHWALI,209,115,94,209,115,94,0,0,0
C0116,09,57,0003,Tehsil - Pharenda 0003,006118, 5 HINDI,359423,187230,172193,349489,181983,167506,9934,5247,4687
C0116,09,57,0003,Tehsil - Pharenda 0003,006162, 6 KUMAUNI,1,1,0,1,1,0,0,0,0
C0116,09,57,0003,Tehsil - Pharenda 0003,006251, 7 SADAN/SADRI,4,2,2,4,2,2,0,0,0
C0116,09,57,0003,Tehsil - Pharenda 0003,007000,7 KANNADA,144,71,73,144,71,73,0,0,0
C0116,09,57,0003,Tehsil - Pharenda 0003,007013, 1 KANNADA,144,71,73,144,71,73,0,0,0
C0116,09,57,0003,Tehsil - Pharenda 0003,014000,14 NEPALI,303,159,144,300,158,142,3,1,2
C0116,09,57,0003,Tehsil - Pharenda 0003,014009, 1 NEPALI,303,159,144,300,158,142,3,1,2
C0116,09,57,0003,Tehsil - Pharenda 0003,015000,15 ORIYA,7,3,4,7,3,4,0,0,0
C0116,09,57,0003,Tehsil - Pharenda 0003,015031, 1 ORIYA,7,3,4,7,3,4,0,0,0
C0116,09,57,0003,Tehsil - Pharenda 0003,017000,17 SANSKRIT,1,0,1,1,0,1,0,0,0
C0116,09,57,0003,Tehsil - Pharenda 0003,017002, 1 SANSKRIT,1,0,1,1,0,1,0,0,0
C0116,09,57,0003,Tehsil - Pharenda 0003,022000,22 URDU,8160,4185,3975,7887,4054,3833,273,131,142
C0116,09,57,0003,Tehsil - Pharenda 0003,022014, 1 URDU,8160,4185,3975,7887,4054,3833,273,131,142
C0116,09,57,0003,Tehsil - Pharenda 0003,040000,40 ENGLISH,8,7,1,5,5,0,3,2,1
C0116,09,57,0003,Tehsil - Pharenda 0003,040001, 1 ENGLISH,8,7,1,5,5,0,3,2,1
C0116,09,57,0003,Tehsil - Pharenda 0003,123000,123 OTHERS,120,62,58,120,62,58,0,0,0
C0116,09,57,0004,Tehsil - Maharajganj 0004,002000,2 BENGALI,34,15,19,23,9,14,11,6,5
C0116,09,57,0004,Tehsil - Maharajganj 0004,002004, 1 BENGALI,34,15,19,23,9,14,11,6,5
C0116,09,57,0004,Tehsil - Maharajganj 0004,005000,5 GUJARATI,56,32,24,56,32,24,0,0,0
C0116,09,57,0004,Tehsil - Maharajganj 0004,005011, 1 GUJARATI,56,32,24,56,32,24,0,0,0
C0116,09,57,0004,Tehsil - Maharajganj 0004,006000,6 HINDI,916026,470601,445425,880328,451948,428380,35698,18653,17045
C0116,09,57,0004,Tehsil - Maharajganj 0004,006045, 1 BHOJPURI,121703,61612,60091,120692,61108,59584,1011,504,507
C0116,09,57,0004,Tehsil - Maharajganj 0004,006059, 2 BRAJBHASHA,2,1,1,2,1,1,0,0,0
C0116,09,57,0004,Tehsil - Maharajganj 0004,006060, 3 BUNDELI/BUNDELKHANDI,12,6,6,11,5,6,1,1,0
C0116,09,57,0004,Tehsil - Maharajganj 0004,006072, 4 CHHATTISGARHI,55,25,30,55,25,30,0,0,0
C0116,09,57,0004,Tehsil - Maharajganj 0004,006095, 5 GARHWALI,544,322,222,529,314,215,15,8,7
C0116,09,57,0004,Tehsil - Maharajganj 0004,006118, 6 HINDI,793694,408625,385069,759023,390485,368538,34671,18140,16531
C0116,09,57,0004,Tehsil - Maharajganj 0004,006127, 7 JAUNSARI,3,2,1,3,2,1,0,0,0
C0116,09,57,0004,Tehsil - Maharajganj 0004,006162, 8 KUMAUNI,1,1,0,1,1,0,0,0,0
C0116,09,57,0004,Tehsil - Maharajganj 0004,006999,6 Others,12,7,5,12,7,5,0,0,0
C0116,09,57,0004,Tehsil - Maharajganj 0004,007000,7 KANNADA,15,10,5,0,0,0,15,10,5
C0116,09,57,0004,Tehsil - Maharajganj 0004,007013, 1 KANNADA,15,10,5,0,0,0,15,10,5
C0116,09,57,0004,Tehsil - Maharajganj 0004,011000,11 MALAYALAM,7,1,6,7,1,6,0,0,0
C0116,09,57,0004,Tehsil - Maharajganj 0004,011013, 1 MALAYALAM,7,1,6,7,1,6,0,0,0
C0116,09,57,0004,Tehsil - Maharajganj 0004,013000,13 MARATHI,2,1,1,2,1,1,0,0,0
C0116,09,57,0004,Tehsil - Maharajganj 0004,013048, 1 MARATHI,1,0,1,1,0,1,0,0,0
C0116,09,57,0004,Tehsil - Maharajganj 0004,013999,13 Others,1,1,0,1,1,0,0,0,0
C0116,09,57,0004,Tehsil - Maharajganj 0004,014000,14 NEPALI,2300,1127,1173,2167,1066,1101,133,61,72
C0116,09,57,0004,Tehsil - Maharajganj 0004,014009, 1 NEPALI,2300,1127,1173,2167,1066,1101,133,61,72
C0116,09,57,0004,Tehsil - Maharajganj 0004,016000,16 PUNJABI,10,6,4,1,1,0,9,5,4
C0116,09,57,0004,Tehsil - Maharajganj 0004,016018, 1 PUNJABI,10,6,4,1,1,0,9,5,4
C0116,09,57,0004,Tehsil - Maharajganj 0004,020000,20 TAMIL,116,69,47,116,69,47,0,0,0
C0116,09,57,0004,Tehsil - Maharajganj 0004,020020, 1 TAMIL,116,69,47,116,69,47,0,0,0
C0116,09,57,0004,Tehsil - Maharajganj 0004,021000,21 TELUGU,1,1,0,0,0,0,1,1,0
C0116,09,57,0004,Tehsil - Maharajganj 0004,021035, 1 TELUGU,1,1,0,0,0,0,1,1,0
C0116,09,57,0004,Tehsil - Maharajganj 0004,022000,22 URDU,19050,9740,9310,18255,9348,8907,795,392,403
C0116,09,57,0004,Tehsil - Maharajganj 0004,022014, 1 URDU,19050,9740,9310,18255,9348,8907,795,392,403
C0116,09,57,0004,Tehsil - Maharajganj 0004,028000,28 ARABIC/ARBI,76,43,33,76,43,33,0,0,0
C0116,09,57,0004,Tehsil - Maharajganj 0004,028001, 1 ARABIC/ARBI,76,43,33,76,43,33,0,0,0
C0116,09,57,0004,Tehsil - Maharajganj 0004,040000,40 ENGLISH,12,8,4,12,8,4,0,0,0
C0116,09,57,0004,Tehsil - Maharajganj 0004,040001, 1 ENGLISH,12,8,4,12,8,4,0,0,0
C0116,09,57,0004,Tehsil - Maharajganj 0004,123000,123 OTHERS,7,5,2,3,3,0,4,2,2
C0116,09,58,0000,District - Gorakhpur  58,001000,1 ASSAMESE,43,21,22,17,4,13,26,17,9
C0116,09,58,0000,District - Gorakhpur  58,001002, 1 ASSAMESE,43,21,22,17,4,13,26,17,9
C0116,09,58,0000,District - Gorakhpur  58,002000,2 BENGALI,2012,997,1015,270,124,146,1742,873,869
C0116,09,58,0000,District - Gorakhpur  58,002004, 1 BENGALI,2012,997,1015,270,124,146,1742,873,869
C0116,09,58,0000,District - Gorakhpur  58,003000,3 BODO,3,2,1,0,0,0,3,2,1
C0116,09,58,0000,District - Gorakhpur  58,003001, 1 BODO,3,2,1,0,0,0,3,2,1
C0116,09,58,0000,District - Gorakhpur  58,004000,4 DOGRI,21,15,6,0,0,0,21,15,6
C0116,09,58,0000,District - Gorakhpur  58,004001, 1 DOGRI,21,15,6,0,0,0,21,15,6
C0116,09,58,0000,District - Gorakhpur  58,005000,5 GUJARATI,219,110,109,3,0,3,216,110,106
C0116,09,58,0000,District - Gorakhpur  58,005011, 1 GUJARATI,215,108,107,3,0,3,212,108,104
C0116,09,58,0000,District - Gorakhpur  58,005036, 2 SAURASHTRA/SAURASHTRI,4,2,2,0,0,0,4,2,2
C0116,09,58,0000,District - Gorakhpur  58,006000,6 HINDI,3632280,1851535,1780745,2997708,1515601,1482107,634572,335934,298638
C0116,09,58,0000,District - Gorakhpur  58,006008, 1 AWADHI,792,414,378,107,56,51,685,358,327
C0116,09,58,0000,District - Gorakhpur  58,006016, 2 BAGHELI/BAGHEL KHANDI,1,0,1,0,0,0,1,0,1
C0116,09,58,0000,District - Gorakhpur  58,006045, 3 BHOJPURI,1299413,658112,641301,1234641,624389,610252,64772,33723,31049
C0116,09,58,0000,District - Gorakhpur  58,006059, 4 BRAJBHASHA,52,43,9,47,40,7,5,3,2
C0116,09,58,0000,District - Gorakhpur  58,006060, 5 BUNDELI/BUNDELKHANDI,331,154,177,104,40,64,227,114,113
C0116,09,58,0000,District - Gorakhpur  58,006072, 6 CHHATTISGARHI,610,321,289,587,310,277,23,11,12
C0116,09,58,0000,District - Gorakhpur  58,006095, 7 GARHWALI,4061,2196,1865,3415,1862,1553,646,334,312
C0116,09,58,0000,District - Gorakhpur  58,006103, 8 GOJRI,1,1,0,0,0,0,1,1,0
C0116,09,58,0000,District - Gorakhpur  58,006117, 9 HARYANVI,56,33,23,1,0,1,55,33,22
C0116,09,58,0000,District - Gorakhpur  58,006118, 10 HINDI,2325881,1189651,1136230,1758122,888508,869614,567759,301143,266616
C0116,09,58,0000,District - Gorakhpur  58,006127, 11 JAUNSARI,38,21,17,32,16,16,6,5,1
C0116,09,58,0000,District - Gorakhpur  58,006148, 12 KHARI BOLI,2,1,1,2,1,1,0,0,0
C0116,09,58,0000,District - Gorakhpur  58,006162, 13 KUMAUNI,100,52,48,76,40,36,24,12,12
C0116,09,58,0000,District - Gorakhpur  58,006179, 14 MAGADHI/MAGAHI,17,9,8,1,0,1,16,9,7
C0116,09,58,0000,District - Gorakhpur  58,006192, 15 MARWARI,195,100,95,12,5,7,183,95,88
C0116,09,58,0000,District - Gorakhpur  58,006195, 16 MEWARI,14,14,0,14,14,0,0,0,0
C0116,09,58,0000,District - Gorakhpur  58,006204, 17 NAGPURIA,65,26,39,65,26,39,0,0,0
C0116,09,58,0000,District - Gorakhpur  58,006213, 18 PAHARI,6,3,3,0,0,0,6,3,3
C0116,09,58,0000,District - Gorakhpur  58,006242, 19 RAJASTHANI,116,72,44,1,1,0,115,71,44
C0116,09,58,0000,District - Gorakhpur  58,006251, 20 SADAN/SADRI,150,77,73,150,77,73,0,0,0
C0116,09,58,0000,District - Gorakhpur  58,006999,6 Others,379,235,144,331,216,115,48,19,29
C0116,09,58,0000,District - Gorakhpur  58,007000,7 KANNADA,27,18,9,0,0,0,27,18,9
C0116,09,58,0000,District - Gorakhpur  58,007013, 1 KANNADA,27,18,9,0,0,0,27,18,9
C0116,09,58,0000,District - Gorakhpur  58,008000,8 KASHMIRI,16,9,7,0,0,0,16,9,7
C0116,09,58,0000,District - Gorakhpur  58,008002, 1 KASHMIRI,16,9,7,0,0,0,16,9,7
C0116,09,58,0000,District - Gorakhpur  58,009000,9 KONKANI,5,4,1,0,0,0,5,4,1
C0116,09,58,0000,District - Gorakhpur  58,009013, 1 MALWANI,5,4,1,0,0,0,5,4,1
C0116,09,58,0000,District - Gorakhpur  58,010000,10 MAITHILI,320,155,165,48,22,26,272,133,139
C0116,09,58,0000,District - Gorakhpur  58,010006, 1 MAITHILI,320,155,165,48,22,26,272,133,139
C0116,09,58,0000,District - Gorakhpur  58,011000,11 MALAYALAM,292,184,108,17,4,13,275,180,95
C0116,09,58,0000,District - Gorakhpur  58,011013, 1 MALAYALAM,285,182,103,17,4,13,268,178,90
C0116,09,58,0000,District - Gorakhpur  58,011999,11 Others,7,2,5,0,0,0,7,2,5
C0116,09,58,0000,District - Gorakhpur  58,012000,12 MANIPURI,9,4,5,3,1,2,6,3,3
C0116,09,58,0000,District - Gorakhpur  58,012002, 1 MANIPURI,9,4,5,3,1,2,6,3,3
C0116,09,58,0000,District - Gorakhpur  58,013000,13 MARATHI,186,98,88,38,17,21,148,81,67
C0116,09,58,0000,District - Gorakhpur  58,013048, 1 MARATHI,148,80,68,1,0,1,147,80,67
C0116,09,58,0000,District - Gorakhpur  58,013999,13 Others,38,18,20,37,17,20,1,1,0
C0116,09,58,0000,District - Gorakhpur  58,014000,14 NEPALI,7679,4129,3550,4495,2355,2140,3184,1774,1410
C0116,09,58,0000,District - Gorakhpur  58,014009, 1 NEPALI,7674,4126,3548,4495,2355,2140,3179,1771,1408
C0116,09,58,0000,District - Gorakhpur  58,014999,14 Others,5,3,2,0,0,0,5,3,2
C0116,09,58,0000,District - Gorakhpur  58,015000,15 ORIYA,355,224,131,99,49,50,256,175,81
C0116,09,58,0000,District - Gorakhpur  58,015031, 1 ORIYA,353,223,130,97,48,49,256,175,81
C0116,09,58,0000,District - Gorakhpur  58,015999,15 Others,2,1,1,2,1,1,0,0,0
C0116,09,58,0000,District - Gorakhpur  58,016000,16 PUNJABI,2000,982,1018,233,124,109,1767,858,909
C0116,09,58,0000,District - Gorakhpur  58,016018, 1 PUNJABI,1890,932,958,155,85,70,1735,847,888
C0116,09,58,0000,District - Gorakhpur  58,016999,16 Others,110,50,60,78,39,39,32,11,21
C0116,09,58,0000,District - Gorakhpur  58,017000,17 SANSKRIT,1008,501,507,708,348,360,300,153,147
C0116,09,58,0000,District - Gorakhpur  58,017002, 1 SANSKRIT,1008,501,507,708,348,360,300,153,147
C0116,09,58,0000,District - Gorakhpur  58,018000,18 SANTALI,10,4,6,0,0,0,10,4,6
C0116,09,58,0000,District - Gorakhpur  58,018013, 1 SANTALI,10,4,6,0,0,0,10,4,6
C0116,09,58,0000,District - Gorakhpur  58,019000,19 SINDHI,1175,595,580,19,7,12,1156,588,568
C0116,09,58,0000,District - Gorakhpur  58,019013, 1 SINDHI,1175,595,580,19,7,12,1156,588,568
C0116,09,58,0000,District - Gorakhpur  58,020000,20 TAMIL,223,141,82,28,21,7,195,120,75
C0116,09,58,0000,District - Gorakhpur  58,020020, 1 TAMIL,212,136,76,28,21,7,184,115,69
C0116,09,58,0000,District - Gorakhpur  58,020999,20 Others,11,5,6,0,0,0,11,5,6
C0116,09,58,0000,District - Gorakhpur  58,021000,21 TELUGU,128,91,37,0,0,0,128,91,37
C0116,09,58,0000,District - Gorakhpur  58,021035, 1 TELUGU,128,91,37,0,0,0,128,91,37
C0116,09,58,0000,District - Gorakhpur  58,022000,22 URDU,120387,62834,57553,26298,13624,12674,94089,49210,44879
C0116,09,58,0000,District - Gorakhpur  58,022014, 1 URDU,120387,62834,57553,26298,13624,12674,94089,49210,44879
C0116,09,58,0000,District - Gorakhpur  58,028000,28 ARABIC/ARBI,108,59,49,93,51,42,15,8,7
C0116,09,58,0000,District - Gorakhpur  58,028001, 1 ARABIC/ARBI,108,59,49,93,51,42,15,8,7
C0116,09,58,0000,District - Gorakhpur  58,030000,30 BHILI/BHILODI,7,3,4,4,1,3,3,2,1
C0116,09,58,0000,District - Gorakhpur  58,030027, 1 KOKNA/KOKNI/KUKNA,4,1,3,4,1,3,0,0,0
C0116,09,58,0000,District - Gorakhpur  58,030999,30 Others,3,2,1,0,0,0,3,2,1
C0116,09,58,0000,District - Gorakhpur  58,037000,37 COORGI/KODAGU,2,1,1,0,0,0,2,1,1
C0116,09,58,0000,District - Gorakhpur  58,037001, 1 COORGI/KODAGU,2,1,1,0,0,0,2,1,1
C0116,09,58,0000,District - Gorakhpur  58,040000,40 ENGLISH,122,71,51,44,28,16,78,43,35
C0116,09,58,0000,District - Gorakhpur  58,040001, 1 ENGLISH,122,71,51,44,28,16,78,43,35
C0116,09,58,0000,District - Gorakhpur  58,054000,54 KHARIA,15,7,8,6,3,3,9,4,5
C0116,09,58,0000,District - Gorakhpur  58,054004, 1 KHARIA,9,4,5,0,0,0,9,4,5
C0116,09,58,0000,District - Gorakhpur  58,054999,54 Others,6,3,3,6,3,3,0,0,0
C0116,09,58,0000,District - Gorakhpur  58,055000,55 KHASI,1,1,0,0,0,0,1,1,0
C0116,09,58,0000,District - Gorakhpur  58,055006, 1 KHASI,1,1,0,0,0,0,1,1,0
C0116,09,58,0000,District - Gorakhpur  58,072000,72 KURUKH/ORAON,336,161,175,319,155,164,17,6,11
C0116,09,58,0000,District - Gorakhpur  58,072009, 1 KURUKH/ORAON,336,161,175,319,155,164,17,6,11
C0116,09,58,0000,District - Gorakhpur  58,082000,82 LUSHAI/MIZO,2,2,0,0,0,0,2,2,0
C0116,09,58,0000,District - Gorakhpur  58,082003, 1 LUSHAI/MIZO,2,2,0,0,0,0,2,2,0
C0116,09,58,0000,District - Gorakhpur  58,090000,90 MUNDA,1,1,0,1,1,0,0,0,0
C0116,09,58,0000,District - Gorakhpur  58,090999,90 Others,1,1,0,1,1,0,0,0,0
C0116,09,58,0000,District - Gorakhpur  58,091000,91 MUNDARI,29,15,14,29,15,14,0,0,0
C0116,09,58,0000,District - Gorakhpur  58,091004, 1 MUNDARI,29,15,14,29,15,14,0,0,0
C0116,09,58,0000,District - Gorakhpur  58,097000,97 PAWI,1,0,1,1,0,1,0,0,0
C0116,09,58,0000,District - Gorakhpur  58,097001, 1 PAWI,1,0,1,1,0,1,0,0,0
C0116,09,58,0000,District - Gorakhpur  58,123000,123 OTHERS,434,223,211,384,195,189,50,28,22
C0116,09,58,0001,Tehsil - Campierganj ** 0001,001000,1 ASSAMESE,6,2,4,6,2,4,0,0,0
C0116,09,58,0001,Tehsil - Campierganj ** 0001,001002, 1 ASSAMESE,6,2,4,6,2,4,0,0,0
C0116,09,58,0001,Tehsil - Campierganj ** 0001,002000,2 BENGALI,21,12,9,21,12,9,0,0,0
C0116,09,58,0001,Tehsil - Campierganj ** 0001,002004, 1 BENGALI,21,12,9,21,12,9,0,0,0
C0116,09,58,0001,Tehsil - Campierganj ** 0001,006000,6 HINDI,325545,169395,156150,314642,163731,150911,10903,5664,5239
C0116,09,58,0001,Tehsil - Campierganj ** 0001,006008, 1 AWADHI,10,5,5,9,4,5,1,1,0
C0116,09,58,0001,Tehsil - Campierganj ** 0001,006045, 2 BHOJPURI,196876,101312,95564,195250,100469,94781,1626,843,783
C0116,09,58,0001,Tehsil - Campierganj ** 0001,006060, 3 BUNDELI/BUNDELKHANDI,7,3,4,7,3,4,0,0,0
C0116,09,58,0001,Tehsil - Campierganj ** 0001,006072, 4 CHHATTISGARHI,83,50,33,83,50,33,0,0,0
C0116,09,58,0001,Tehsil - Campierganj ** 0001,006095, 5 GARHWALI,444,238,206,419,226,193,25,12,13
C0116,09,58,0001,Tehsil - Campierganj ** 0001,006117, 6 HARYANVI,1,0,1,1,0,1,0,0,0
C0116,09,58,0001,Tehsil - Campierganj ** 0001,006118, 7 HINDI,128090,67762,60328,118839,62954,55885,9251,4808,4443
C0116,09,58,0001,Tehsil - Campierganj ** 0001,006127, 8 JAUNSARI,5,3,2,5,3,2,0,0,0
C0116,09,58,0001,Tehsil - Campierganj ** 0001,006195, 9 MEWARI,14,14,0,14,14,0,0,0,0
C0116,09,58,0001,Tehsil - Campierganj ** 0001,006999,6 Others,15,8,7,15,8,7,0,0,0
C0116,09,58,0001,Tehsil - Campierganj ** 0001,014000,14 NEPALI,483,263,220,470,255,215,13,8,5
C0116,09,58,0001,Tehsil - Campierganj ** 0001,014009, 1 NEPALI,483,263,220,470,255,215,13,8,5
C0116,09,58,0001,Tehsil - Campierganj ** 0001,016000,16 PUNJABI,17,9,8,8,4,4,9,5,4
C0116,09,58,0001,Tehsil - Campierganj ** 0001,016018, 1 PUNJABI,17,9,8,8,4,4,9,5,4
C0116,09,58,0001,Tehsil - Campierganj ** 0001,017000,17 SANSKRIT,2,1,1,2,1,1,0,0,0
C0116,09,58,0001,Tehsil - Campierganj ** 0001,017002, 1 SANSKRIT,2,1,1,2,1,1,0,0,0
C0116,09,58,0001,Tehsil - Campierganj ** 0001,019000,19 SINDHI,1,1,0,0,0,0,1,1,0
C0116,09,58,0001,Tehsil - Campierganj ** 0001,019013, 1 SINDHI,1,1,0,0,0,0,1,1,0
C0116,09,58,0001,Tehsil - Campierganj ** 0001,022000,22 URDU,3017,1610,1407,2545,1363,1182,472,247,225
C0116,09,58,0001,Tehsil - Campierganj ** 0001,022014, 1 URDU,3017,1610,1407,2545,1363,1182,472,247,225
C0116,09,58,0001,Tehsil - Campierganj ** 0001,030000,30 BHILI/BHILODI,4,1,3,4,1,3,0,0,0
C0116,09,58,0001,Tehsil - Campierganj ** 0001,030027, 1 KOKNA/KOKNI/KUKNA,4,1,3,4,1,3,0,0,0
C0116,09,58,0001,Tehsil - Campierganj ** 0001,040000,40 ENGLISH,6,4,2,6,4,2,0,0,0
C0116,09,58,0001,Tehsil - Campierganj ** 0001,040001, 1 ENGLISH,6,4,2,6,4,2,0,0,0
C0116,09,58,0001,Tehsil - Campierganj ** 0001,123000,123 OTHERS,2,2,0,2,2,0,0,0,0
C0116,09,58,0002,Tehsil - Sahjanwa 0002,001000,1 ASSAMESE,1,0,1,1,0,1,0,0,0
C0116,09,58,0002,Tehsil - Sahjanwa 0002,001002, 1 ASSAMESE,1,0,1,1,0,1,0,0,0
C0116,09,58,0002,Tehsil - Sahjanwa 0002,002000,2 BENGALI,15,4,11,12,4,8,3,0,3
C0116,09,58,0002,Tehsil - Sahjanwa 0002,002004, 1 BENGALI,15,4,11,12,4,8,3,0,3
C0116,09,58,0002,Tehsil - Sahjanwa 0002,006000,6 HINDI,328869,168416,160453,304235,155356,148879,24634,13060,11574
C0116,09,58,0002,Tehsil - Sahjanwa 0002,006008, 1 AWADHI,593,312,281,5,2,3,588,310,278
C0116,09,58,0002,Tehsil - Sahjanwa 0002,006045, 2 BHOJPURI,137011,69602,67409,130605,66179,64426,6406,3423,2983
C0116,09,58,0002,Tehsil - Sahjanwa 0002,006059, 3 BRAJBHASHA,13,8,5,13,8,5,0,0,0
C0116,09,58,0002,Tehsil - Sahjanwa 0002,006060, 4 BUNDELI/BUNDELKHANDI,11,2,9,9,1,8,2,1,1
C0116,09,58,0002,Tehsil - Sahjanwa 0002,006072, 5 CHHATTISGARHI,133,64,69,110,53,57,23,11,12
C0116,09,58,0002,Tehsil - Sahjanwa 0002,006095, 6 GARHWALI,274,143,131,259,133,126,15,10,5
C0116,09,58,0002,Tehsil - Sahjanwa 0002,006118, 7 HINDI,190628,98134,92494,173051,88845,84206,17577,9289,8288
C0116,09,58,0002,Tehsil - Sahjanwa 0002,006127, 8 JAUNSARI,11,6,5,11,6,5,0,0,0
C0116,09,58,0002,Tehsil - Sahjanwa 0002,006204, 9 NAGPURIA,13,5,8,13,5,8,0,0,0
C0116,09,58,0002,Tehsil - Sahjanwa 0002,006242, 10 RAJASTHANI,23,16,7,0,0,0,23,16,7
C0116,09,58,0002,Tehsil - Sahjanwa 0002,006999,6 Others,159,124,35,159,124,35,0,0,0
C0116,09,58,0002,Tehsil - Sahjanwa 0002,010000,10 MAITHILI,51,22,29,45,20,25,6,2,4
C0116,09,58,0002,Tehsil - Sahjanwa 0002,010006, 1 MAITHILI,51,22,29,45,20,25,6,2,4
C0116,09,58,0002,Tehsil - Sahjanwa 0002,011000,11 MALAYALAM,1,0,1,1,0,1,0,0,0
C0116,09,58,0002,Tehsil - Sahjanwa 0002,011013, 1 MALAYALAM,1,0,1,1,0,1,0,0,0
C0116,09,58,0002,Tehsil - Sahjanwa 0002,013000,13 MARATHI,24,12,12,24,12,12,0,0,0
C0116,09,58,0002,Tehsil - Sahjanwa 0002,013999,13 Others,24,12,12,24,12,12,0,0,0
C0116,09,58,0002,Tehsil - Sahjanwa 0002,014000,14 NEPALI,984,509,475,669,356,313,315,153,162
C0116,09,58,0002,Tehsil - Sahjanwa 0002,014009, 1 NEPALI,984,509,475,669,356,313,315,153,162
C0116,09,58,0002,Tehsil - Sahjanwa 0002,016000,16 PUNJABI,29,9,20,1,0,1,28,9,19
C0116,09,58,0002,Tehsil - Sahjanwa 0002,016018, 1 PUNJABI,2,1,1,1,0,1,1,1,0
C0116,09,58,0002,Tehsil - Sahjanwa 0002,016999,16 Others,27,8,19,0,0,0,27,8,19
C0116,09,58,0002,Tehsil - Sahjanwa 0002,017000,17 SANSKRIT,2,1,1,1,0,1,1,1,0
C0116,09,58,0002,Tehsil - Sahjanwa 0002,017002, 1 SANSKRIT,2,1,1,1,0,1,1,1,0
C0116,09,58,0002,Tehsil - Sahjanwa 0002,020000,20 TAMIL,3,3,0,3,3,0,0,0,0
C0116,09,58,0002,Tehsil - Sahjanwa 0002,020020, 1 TAMIL,3,3,0,3,3,0,0,0,0
C0116,09,58,0002,Tehsil - Sahjanwa 0002,022000,22 URDU,5054,2596,2458,4936,2530,2406,118,66,52
C0116,09,58,0002,Tehsil - Sahjanwa 0002,022014, 1 URDU,5054,2596,2458,4936,2530,2406,118,66,52
C0116,09,58,0002,Tehsil - Sahjanwa 0002,028000,28 ARABIC/ARBI,2,1,1,0,0,0,2,1,1
C0116,09,58,0002,Tehsil - Sahjanwa 0002,028001, 1 ARABIC/ARBI,2,1,1,0,0,0,2,1,1
C0116,09,58,0002,Tehsil - Sahjanwa 0002,054000,54 KHARIA,6,3,3,6,3,3,0,0,0
C0116,09,58,0002,Tehsil - Sahjanwa 0002,054999,54 Others,6,3,3,6,3,3,0,0,0
C0116,09,58,0002,Tehsil - Sahjanwa 0002,072000,72 KURUKH/ORAON,48,24,24,48,24,24,0,0,0
C0116,09,58,0002,Tehsil - Sahjanwa 0002,072009, 1 KURUKH/ORAON,48,24,24,48,24,24,0,0,0
C0116,09,58,0002,Tehsil - Sahjanwa 0002,123000,123 OTHERS,95,50,45,95,50,45,0,0,0
C0116,09,58,0003,Tehsil - Gorakhpur 0003,001000,1 ASSAMESE,27,17,10,1,0,1,26,17,9
C0116,09,58,0003,Tehsil - Gorakhpur 0003,001002, 1 ASSAMESE,27,17,10,1,0,1,26,17,9
C0116,09,58,0003,Tehsil - Gorakhpur 0003,002000,2 BENGALI,1779,891,888,63,33,30,1716,858,858
C0116,09,58,0003,Tehsil - Gorakhpur 0003,002004, 1 BENGALI,1779,891,888,63,33,30,1716,858,858
C0116,09,58,0003,Tehsil - Gorakhpur 0003,003000,3 BODO,3,2,1,0,0,0,3,2,1
C0116,09,58,0003,Tehsil - Gorakhpur 0003,003001, 1 BODO,3,2,1,0,0,0,3,2,1
C0116,09,58,0003,Tehsil - Gorakhpur 0003,004000,4 DOGRI,21,15,6,0,0,0,21,15,6
C0116,09,58,0003,Tehsil - Gorakhpur 0003,004001, 1 DOGRI,21,15,6,0,0,0,21,15,6
C0116,09,58,0003,Tehsil - Gorakhpur 0003,005000,5 GUJARATI,216,110,106,0,0,0,216,110,106
C0116,09,58,0003,Tehsil - Gorakhpur 0003,005011, 1 GUJARATI,212,108,104,0,0,0,212,108,104
C0116,09,58,0003,Tehsil - Gorakhpur 0003,005036, 2 SAURASHTRA/SAURASHTRI,4,2,2,0,0,0,4,2,2
C0116,09,58,0003,Tehsil - Gorakhpur 0003,006000,6 HINDI,1299921,680241,619680,752174,389506,362668,547747,290735,257012
C0116,09,58,0003,Tehsil - Gorakhpur 0003,006008, 1 AWADHI,96,47,49,0,0,0,96,47,49
C0116,09,58,0003,Tehsil - Gorakhpur 0003,006016, 2 BAGHELI/BAGHEL KHANDI,1,0,1,0,0,0,1,0,1
C0116,09,58,0003,Tehsil - Gorakhpur 0003,006045, 3 BHOJPURI,489837,253350,236487,446822,230868,215954,43015,22482,20533
C0116,09,58,0003,Tehsil - Gorakhpur 0003,006059, 4 BRAJBHASHA,25,21,4,20,18,2,5,3,2
C0116,09,58,0003,Tehsil - Gorakhpur 0003,006060, 5 BUNDELI/BUNDELKHANDI,250,128,122,27,16,11,223,112,111
C0116,09,58,0003,Tehsil - Gorakhpur 0003,006072, 6 CHHATTISGARHI,263,137,126,263,137,126,0,0,0
C0116,09,58,0003,Tehsil - Gorakhpur 0003,006095, 7 GARHWALI,1496,823,673,935,536,399,561,287,274
C0116,09,58,0003,Tehsil - Gorakhpur 0003,006103, 8 GOJRI,1,1,0,0,0,0,1,1,0
C0116,09,58,0003,Tehsil - Gorakhpur 0003,006117, 9 HARYANVI,55,33,22,0,0,0,55,33,22
C0116,09,58,0003,Tehsil - Gorakhpur 0003,006118, 10 HINDI,807340,425409,381931,303925,157837,146088,503415,267572,235843
C0116,09,58,0003,Tehsil - Gorakhpur 0003,006127, 11 JAUNSARI,11,8,3,5,3,2,6,5,1
C0116,09,58,0003,Tehsil - Gorakhpur 0003,006148, 12 KHARI BOLI,2,1,1,2,1,1,0,0,0
C0116,09,58,0003,Tehsil - Gorakhpur 0003,006162, 13 KUMAUNI,100,52,48,76,40,36,24,12,12
C0116,09,58,0003,Tehsil - Gorakhpur 0003,006179, 14 MAGADHI/MAGAHI,16,9,7,0,0,0,16,9,7
C0116,09,58,0003,Tehsil - Gorakhpur 0003,006192, 15 MARWARI,195,100,95,12,5,7,183,95,88
C0116,09,58,0003,Tehsil - Gorakhpur 0003,006204, 16 NAGPURIA,17,5,12,17,5,12,0,0,0
C0116,09,58,0003,Tehsil - Gorakhpur 0003,006213, 17 PAHARI,6,3,3,0,0,0,6,3,3
C0116,09,58,0003,Tehsil - Gorakhpur 0003,006242, 18 RAJASTHANI,93,56,37,1,1,0,92,55,37
C0116,09,58,0003,Tehsil - Gorakhpur 0003,006251, 19 SADAN/SADRI,2,1,1,2,1,1,0,0,0
C0116,09,58,0003,Tehsil - Gorakhpur 0003,006999,6 Others,115,57,58,67,38,29,48,19,29
C0116,09,58,0003,Tehsil - Gorakhpur 0003,007000,7 KANNADA,27,18,9,0,0,0,27,18,9
C0116,09,58,0003,Tehsil - Gorakhpur 0003,007013, 1 KANNADA,27,18,9,0,0,0,27,18,9
C0116,09,58,0003,Tehsil - Gorakhpur 0003,008000,8 KASHMIRI,16,9,7,0,0,0,16,9,7
C0116,09,58,0003,Tehsil - Gorakhpur 0003,008002, 1 KASHMIRI,16,9,7,0,0,0,16,9,7
C0116,09,58,0003,Tehsil - Gorakhpur 0003,009000,9 KONKANI,5,4,1,0,0,0,5,4,1
C0116,09,58,0003,Tehsil - Gorakhpur 0003,009013, 1 MALWANI,5,4,1,0,0,0,5,4,1
C0116,09,58,0003,Tehsil - Gorakhpur 0003,010000,10 MAITHILI,266,131,135,0,0,0,266,131,135
C0116,09,58,0003,Tehsil - Gorakhpur 0003,010006, 1 MAITHILI,266,131,135,0,0,0,266,131,135
C0116,09,58,0003,Tehsil - Gorakhpur 0003,011000,11 MALAYALAM,282,181,101,7,1,6,275,180,95
C0116,09,58,0003,Tehsil - Gorakhpur 0003,011013, 1 MALAYALAM,275,179,96,7,1,6,268,178,90
C0116,09,58,0003,Tehsil - Gorakhpur 0003,011999,11 Others,7,2,5,0,0,0,7,2,5
C0116,09,58,0003,Tehsil - Gorakhpur 0003,012000,12 MANIPURI,9,4,5,3,1,2,6,3,3
C0116,09,58,0003,Tehsil - Gorakhpur 0003,012002, 1 MANIPURI,9,4,5,3,1,2,6,3,3
C0116,09,58,0003,Tehsil - Gorakhpur 0003,013000,13 MARATHI,161,86,75,13,5,8,148,81,67
C0116,09,58,0003,Tehsil - Gorakhpur 0003,013048, 1 MARATHI,147,80,67,0,0,0,147,80,67
C0116,09,58,0003,Tehsil - Gorakhpur 0003,013999,13 Others,14,6,8,13,5,8,1,1,0
C0116,09,58,0003,Tehsil - Gorakhpur 0003,014000,14 NEPALI,3480,1926,1554,782,403,379,2698,1523,1175
C0116,09,58,0003,Tehsil - Gorakhpur 0003,014009, 1 NEPALI,3475,1923,1552,782,403,379,2693,1520,1173
C0116,09,58,0003,Tehsil - Gorakhpur 0003,014999,14 Others,5,3,2,0,0,0,5,3,2
C0116,09,58,0003,Tehsil - Gorakhpur 0003,015000,15 ORIYA,283,188,95,27,13,14,256,175,81
C0116,09,58,0003,Tehsil - Gorakhpur 0003,015031, 1 ORIYA,283,188,95,27,13,14,256,175,81
C0116,09,58,0003,Tehsil - Gorakhpur 0003,016000,16 PUNJABI,1747,853,894,25,14,11,1722,839,883
C0116,09,58,0003,Tehsil - Gorakhpur 0003,016018, 1 PUNJABI,1742,850,892,25,14,11,1717,836,881
C0116,09,58,0003,Tehsil - Gorakhpur 0003,016999,16 Others,5,3,2,0,0,0,5,3,2
C0116,09,58,0003,Tehsil - Gorakhpur 0003,017000,17 SANSKRIT,302,153,149,3,1,2,299,152,147
C0116,09,58,0003,Tehsil - Gorakhpur 0003,017002, 1 SANSKRIT,302,153,149,3,1,2,299,152,147
C0116,09,58,0003,Tehsil - Gorakhpur 0003,018000,18 SANTALI,10,4,6,0,0,0,10,4,6
C0116,09,58,0003,Tehsil - Gorakhpur 0003,018013, 1 SANTALI,10,4,6,0,0,0,10,4,6
C0116,09,58,0003,Tehsil - Gorakhpur 0003,019000,19 SINDHI,1158,588,570,3,1,2,1155,587,568
C0116,09,58,0003,Tehsil - Gorakhpur 0003,019013, 1 SINDHI,1158,588,570,3,1,2,1155,587,568
C0116,09,58,0003,Tehsil - Gorakhpur 0003,020000,20 TAMIL,196,120,76,1,0,1,195,120,75
C0116,09,58,0003,Tehsil - Gorakhpur 0003,020020, 1 TAMIL,185,115,70,1,0,1,184,115,69
C0116,09,58,0003,Tehsil - Gorakhpur 0003,020999,20 Others,11,5,6,0,0,0,11,5,6
C0116,09,58,0003,Tehsil - Gorakhpur 0003,021000,21 TELUGU,128,91,37,0,0,0,128,91,37
C0116,09,58,0003,Tehsil - Gorakhpur 0003,021035, 1 TELUGU,128,91,37,0,0,0,128,91,37
C0116,09,58,0003,Tehsil - Gorakhpur 0003,022000,22 URDU,97062,50907,46155,7049,3794,3255,90013,47113,42900
C0116,09,58,0003,Tehsil - Gorakhpur 0003,022014, 1 URDU,97062,50907,46155,7049,3794,3255,90013,47113,42900
C0116,09,58,0003,Tehsil - Gorakhpur 0003,028000,28 ARABIC/ARBI,91,50,41,79,44,35,12,6,6
C0116,09,58,0003,Tehsil - Gorakhpur 0003,028001, 1 ARABIC/ARBI,91,50,41,79,44,35,12,6,6
C0116,09,58,0003,Tehsil - Gorakhpur 0003,030000,30 BHILI/BHILODI,3,2,1,0,0,0,3,2,1
C0116,09,58,0003,Tehsil - Gorakhpur 0003,030999,30 Others,3,2,1,0,0,0,3,2,1
C0116,09,58,0003,Tehsil - Gorakhpur 0003,037000,37 COORGI/KODAGU,2,1,1,0,0,0,2,1,1
C0116,09,58,0003,Tehsil - Gorakhpur 0003,037001, 1 COORGI/KODAGU,2,1,1,0,0,0,2,1,1
C0116,09,58,0003,Tehsil - Gorakhpur 0003,040000,40 ENGLISH,100,57,43,22,14,8,78,43,35
C0116,09,58,0003,Tehsil - Gorakhpur 0003,040001, 1 ENGLISH,100,57,43,22,14,8,78,43,35
C0116,09,58,0003,Tehsil - Gorakhpur 0003,054000,54 KHARIA,9,4,5,0,0,0,9,4,5
C0116,09,58,0003,Tehsil - Gorakhpur 0003,054004, 1 KHARIA,9,4,5,0,0,0,9,4,5
C0116,09,58,0003,Tehsil - Gorakhpur 0003,055000,55 KHASI,1,1,0,0,0,0,1,1,0
C0116,09,58,0003,Tehsil - Gorakhpur 0003,055006, 1 KHASI,1,1,0,0,0,0,1,1,0
C0116,09,58,0003,Tehsil - Gorakhpur 0003,072000,72 KURUKH/ORAON,205,100,105,188,94,94,17,6,11
C0116,09,58,0003,Tehsil - Gorakhpur 0003,072009, 1 KURUKH/ORAON,205,100,105,188,94,94,17,6,11
C0116,09,58,0003,Tehsil - Gorakhpur 0003,082000,82 LUSHAI/MIZO,2,2,0,0,0,0,2,2,0
C0116,09,58,0003,Tehsil - Gorakhpur 0003,082003, 1 LUSHAI/MIZO,2,2,0,0,0,0,2,2,0
C0116,09,58,0003,Tehsil - Gorakhpur 0003,090000,90 MUNDA,1,1,0,1,1,0,0,0,0
C0116,09,58,0003,Tehsil - Gorakhpur 0003,090999,90 Others,1,1,0,1,1,0,0,0,0
C0116,09,58,0003,Tehsil - Gorakhpur 0003,097000,97 PAWI,1,0,1,1,0,1,0,0,0
C0116,09,58,0003,Tehsil - Gorakhpur 0003,097001, 1 PAWI,1,0,1,1,0,1,0,0,0
C0116,09,58,0003,Tehsil - Gorakhpur 0003,123000,123 OTHERS,194,104,90,144,76,68,50,28,22
C0116,09,58,0004,Tehsil - Chauri Chaura 0004,002000,2 BENGALI,53,28,25,53,28,25,0,0,0
C0116,09,58,0004,Tehsil - Chauri Chaura 0004,002004, 1 BENGALI,53,28,25,53,28,25,0,0,0
C0116,09,58,0004,Tehsil - Chauri Chaura 0004,006000,6 HINDI,381623,193424,188199,370601,187643,182958,11022,5781,5241
C0116,09,58,0004,Tehsil - Chauri Chaura 0004,006045, 1 BHOJPURI,62242,31373,30869,62150,31332,30818,92,41,51
C0116,09,58,0004,Tehsil - Chauri Chaura 0004,006060, 2 BUNDELI/BUNDELKHANDI,9,2,7,9,2,7,0,0,0
C0116,09,58,0004,Tehsil - Chauri Chaura 0004,006072, 3 CHHATTISGARHI,24,12,12,24,12,12,0,0,0
C0116,09,58,0004,Tehsil - Chauri Chaura 0004,006095, 4 GARHWALI,427,238,189,427,238,189,0,0,0
C0116,09,58,0004,Tehsil - Chauri Chaura 0004,006118, 5 HINDI,318905,161790,157115,307975,156050,151925,10930,5740,5190
C0116,09,58,0004,Tehsil - Chauri Chaura 0004,006127, 6 JAUNSARI,1,0,1,1,0,1,0,0,0
C0116,09,58,0004,Tehsil - Chauri Chaura 0004,006251, 7 SADAN/SADRI,3,3,0,3,3,0,0,0,0
C0116,09,58,0004,Tehsil - Chauri Chaura 0004,006999,6 Others,12,6,6,12,6,6,0,0,0
C0116,09,58,0004,Tehsil - Chauri Chaura 0004,011000,11 MALAYALAM,9,3,6,9,3,6,0,0,0
C0116,09,58,0004,Tehsil - Chauri Chaura 0004,011013, 1 MALAYALAM,9,3,6,9,3,6,0,0,0
C0116,09,58,0004,Tehsil - Chauri Chaura 0004,013000,13 MARATHI,1,0,1,1,0,1,0,0,0
C0116,09,58,0004,Tehsil - Chauri Chaura 0004,013048, 1 MARATHI,1,0,1,1,0,1,0,0,0
C0116,09,58,0004,Tehsil - Chauri Chaura 0004,014000,14 NEPALI,637,328,309,610,314,296,27,14,13
C0116,09,58,0004,Tehsil - Chauri Chaura 0004,014009, 1 NEPALI,637,328,309,610,314,296,27,14,13
C0116,09,58,0004,Tehsil - Chauri Chaura 0004,015000,15 ORIYA,16,6,10,16,6,10,0,0,0
C0116,09,58,0004,Tehsil - Chauri Chaura 0004,015031, 1 ORIYA,16,6,10,16,6,10,0,0,0
C0116,09,58,0004,Tehsil - Chauri Chaura 0004,016000,16 PUNJABI,88,44,44,84,42,42,4,2,2
C0116,09,58,0004,Tehsil - Chauri Chaura 0004,016018, 1 PUNJABI,45,20,25,41,18,23,4,2,2
C0116,09,58,0004,Tehsil - Chauri Chaura 0004,016999,16 Others,43,24,19,43,24,19,0,0,0
C0116,09,58,0004,Tehsil - Chauri Chaura 0004,017000,17 SANSKRIT,1,1,0,1,1,0,0,0,0
C0116,09,58,0004,Tehsil - Chauri Chaura 0004,017002, 1 SANSKRIT,1,1,0,1,1,0,0,0,0
C0116,09,58,0004,Tehsil - Chauri Chaura 0004,020000,20 TAMIL,1,0,1,1,0,1,0,0,0
C0116,09,58,0004,Tehsil - Chauri Chaura 0004,020020, 1 TAMIL,1,0,1,1,0,1,0,0,0
C0116,09,58,0004,Tehsil - Chauri Chaura 0004,022000,22 URDU,1805,948,857,1630,850,780,175,98,77
C0116,09,58,0004,Tehsil - Chauri Chaura 0004,022014, 1 URDU,1805,948,857,1630,850,780,175,98,77
C0116,09,58,0004,Tehsil - Chauri Chaura 0004,040000,40 ENGLISH,1,1,0,1,1,0,0,0,0
C0116,09,58,0004,Tehsil - Chauri Chaura 0004,040001, 1 ENGLISH,1,1,0,1,1,0,0,0,0
C0116,09,58,0004,Tehsil - Chauri Chaura 0004,091000,91 MUNDARI,29,15,14,29,15,14,0,0,0
C0116,09,58,0004,Tehsil - Chauri Chaura 0004,091004, 1 MUNDARI,29,15,14,29,15,14,0,0,0
C0116,09,58,0004,Tehsil - Chauri Chaura 0004,123000,123 OTHERS,71,35,36,71,35,36,0,0,0
C0116,09,58,0005,Tehsil - Bansgaon 0005,001000,1 ASSAMESE,2,0,2,2,0,2,0,0,0
C0116,09,58,0005,Tehsil - Bansgaon 0005,001002, 1 ASSAMESE,2,0,2,2,0,2,0,0,0
C0116,09,58,0005,Tehsil - Bansgaon 0005,002000,2 BENGALI,36,15,21,34,14,20,2,1,1
C0116,09,58,0005,Tehsil - Bansgaon 0005,002004, 1 BENGALI,36,15,21,34,14,20,2,1,1
C0116,09,58,0005,Tehsil - Bansgaon 0005,006000,6 HINDI,377029,185277,191752,363016,178180,184836,14013,7097,6916
C0116,09,58,0005,Tehsil - Bansgaon 0005,006045, 1 BHOJPURI,121985,59624,62361,112843,54983,57860,9142,4641,4501
C0116,09,58,0005,Tehsil - Bansgaon 0005,006060, 2 BUNDELI/BUNDELKHANDI,12,4,8,10,3,7,2,1,1
C0116,09,58,0005,Tehsil - Bansgaon 0005,006072, 3 CHHATTISGARHI,76,39,37,76,39,37,0,0,0
C0116,09,58,0005,Tehsil - Bansgaon 0005,006095, 4 GARHWALI,435,218,217,402,198,204,33,20,13
C0116,09,58,0005,Tehsil - Bansgaon 0005,006118, 5 HINDI,254429,125346,129083,249593,122911,126682,4836,2435,2401
C0116,09,58,0005,Tehsil - Bansgaon 0005,006127, 6 JAUNSARI,1,0,1,1,0,1,0,0,0
C0116,09,58,0005,Tehsil - Bansgaon 0005,006179, 7 MAGADHI/MAGAHI,1,0,1,1,0,1,0,0,0
C0116,09,58,0005,Tehsil - Bansgaon 0005,006251, 8 SADAN/SADRI,86,44,42,86,44,42,0,0,0
C0116,09,58,0005,Tehsil - Bansgaon 0005,006999,6 Others,4,2,2,4,2,2,0,0,0
C0116,09,58,0005,Tehsil - Bansgaon 0005,010000,10 MAITHILI,3,2,1,3,2,1,0,0,0
C0116,09,58,0005,Tehsil - Bansgaon 0005,010006, 1 MAITHILI,3,2,1,3,2,1,0,0,0
C0116,09,58,0005,Tehsil - Bansgaon 0005,014000,14 NEPALI,616,318,298,604,311,293,12,7,5
C0116,09,58,0005,Tehsil - Bansgaon 0005,014009, 1 NEPALI,616,318,298,604,311,293,12,7,5
C0116,09,58,0005,Tehsil - Bansgaon 0005,016000,16 PUNJABI,14,8,6,14,8,6,0,0,0
C0116,09,58,0005,Tehsil - Bansgaon 0005,016018, 1 PUNJABI,14,8,6,14,8,6,0,0,0
C0116,09,58,0005,Tehsil - Bansgaon 0005,017000,17 SANSKRIT,28,18,10,28,18,10,0,0,0
C0116,09,58,0005,Tehsil - Bansgaon 0005,017002, 1 SANSKRIT,28,18,10,28,18,10,0,0,0
C0116,09,58,0005,Tehsil - Bansgaon 0005,019000,19 SINDHI,15,5,10,15,5,10,0,0,0
C0116,09,58,0005,Tehsil - Bansgaon 0005,019013, 1 SINDHI,15,5,10,15,5,10,0,0,0
C0116,09,58,0005,Tehsil - Bansgaon 0005,020000,20 TAMIL,5,3,2,5,3,2,0,0,0
C0116,09,58,0005,Tehsil - Bansgaon 0005,020020, 1 TAMIL,5,3,2,5,3,2,0,0,0
C0116,09,58,0005,Tehsil - Bansgaon 0005,022000,22 URDU,2091,1060,1031,2045,1036,1009,46,24,22
C0116,09,58,0005,Tehsil - Bansgaon 0005,022014, 1 URDU,2091,1060,1031,2045,1036,1009,46,24,22
C0116,09,58,0005,Tehsil - Bansgaon 0005,028000,28 ARABIC/ARBI,1,1,0,0,0,0,1,1,0
C0116,09,58,0005,Tehsil - Bansgaon 0005,028001, 1 ARABIC/ARBI,1,1,0,0,0,0,1,1,0
C0116,09,58,0005,Tehsil - Bansgaon 0005,040000,40 ENGLISH,9,5,4,9,5,4,0,0,0
C0116,09,58,0005,Tehsil - Bansgaon 0005,040001, 1 ENGLISH,9,5,4,9,5,4,0,0,0
C0116,09,58,0005,Tehsil - Bansgaon 0005,072000,72 KURUKH/ORAON,67,27,40,67,27,40,0,0,0
C0116,09,58,0005,Tehsil - Bansgaon 0005,072009, 1 KURUKH/ORAON,67,27,40,67,27,40,0,0,0
C0116,09,58,0005,Tehsil - Bansgaon 0005,123000,123 OTHERS,51,25,26,51,25,26,0,0,0
C0116,09,58,0006,Tehsil - Khajani 0006,002000,2 BENGALI,48,19,29,48,19,29,0,0,0
C0116,09,58,0006,Tehsil - Khajani 0006,002004, 1 BENGALI,48,19,29,48,19,29,0,0,0
C0116,09,58,0006,Tehsil - Khajani 0006,005000,5 GUJARATI,1,0,1,1,0,1,0,0,0
C0116,09,58,0006,Tehsil - Khajani 0006,005011, 1 GUJARATI,1,0,1,1,0,1,0,0,0
C0116,09,58,0006,Tehsil - Khajani 0006,006000,6 HINDI,469729,232468,237261,469729,232468,237261,0,0,0
C0116,09,58,0006,Tehsil - Khajani 0006,006008, 1 AWADHI,93,50,43,93,50,43,0,0,0
C0116,09,58,0006,Tehsil - Khajani 0006,006045, 2 BHOJPURI,115565,56507,59058,115565,56507,59058,0,0,0
C0116,09,58,0006,Tehsil - Khajani 0006,006059, 3 BRAJBHASHA,14,14,0,14,14,0,0,0,0
C0116,09,58,0006,Tehsil - Khajani 0006,006060, 4 BUNDELI/BUNDELKHANDI,22,8,14,22,8,14,0,0,0
C0116,09,58,0006,Tehsil - Khajani 0006,006095, 5 GARHWALI,427,208,219,427,208,219,0,0,0
C0116,09,58,0006,Tehsil - Khajani 0006,006118, 6 HINDI,353551,175653,177898,353551,175653,177898,0,0,0
C0116,09,58,0006,Tehsil - Khajani 0006,006127, 7 JAUNSARI,8,4,4,8,4,4,0,0,0
C0116,09,58,0006,Tehsil - Khajani 0006,006204, 8 NAGPURIA,35,16,19,35,16,19,0,0,0
C0116,09,58,0006,Tehsil - Khajani 0006,006999,6 Others,14,8,6,14,8,6,0,0,0
C0116,09,58,0006,Tehsil - Khajani 0006,014000,14 NEPALI,797,424,373,797,424,373,0,0,0
C0116,09,58,0006,Tehsil - Khajani 0006,014009, 1 NEPALI,797,424,373,797,424,373,0,0,0
C0116,09,58,0006,Tehsil - Khajani 0006,015000,15 ORIYA,48,25,23,48,25,23,0,0,0
C0116,09,58,0006,Tehsil - Khajani 0006,015031, 1 ORIYA,48,25,23,48,25,23,0,0,0
C0116,09,58,0006,Tehsil - Khajani 0006,016000,16 PUNJABI,25,16,9,25,16,9,0,0,0
C0116,09,58,0006,Tehsil - Khajani 0006,016018, 1 PUNJABI,25,16,9,25,16,9,0,0,0
C0116,09,58,0006,Tehsil - Khajani 0006,017000,17 SANSKRIT,2,1,1,2,1,1,0,0,0
C0116,09,58,0006,Tehsil - Khajani 0006,017002, 1 SANSKRIT,2,1,1,2,1,1,0,0,0
C0116,09,58,0006,Tehsil - Khajani 0006,019000,19 SINDHI,1,1,0,1,1,0,0,0,0
C0116,09,58,0006,Tehsil - Khajani 0006,019013, 1 SINDHI,1,1,0,1,1,0,0,0,0
C0116,09,58,0006,Tehsil - Khajani 0006,020000,20 TAMIL,8,8,0,8,8,0,0,0,0
C0116,09,58,0006,Tehsil - Khajani 0006,020020, 1 TAMIL,8,8,0,8,8,0,0,0,0
C0116,09,58,0006,Tehsil - Khajani 0006,022000,22 URDU,5803,2932,2871,5803,2932,2871,0,0,0
C0116,09,58,0006,Tehsil - Khajani 0006,022014, 1 URDU,5803,2932,2871,5803,2932,2871,0,0,0
C0116,09,58,0006,Tehsil - Khajani 0006,028000,28 ARABIC/ARBI,13,6,7,13,6,7,0,0,0
C0116,09,58,0006,Tehsil - Khajani 0006,028001, 1 ARABIC/ARBI,13,6,7,13,6,7,0,0,0
C0116,09,58,0006,Tehsil - Khajani 0006,040000,40 ENGLISH,3,2,1,3,2,1,0,0,0
C0116,09,58,0006,Tehsil - Khajani 0006,040001, 1 ENGLISH,3,2,1,3,2,1,0,0,0
C0116,09,58,0006,Tehsil - Khajani 0006,072000,72 KURUKH/ORAON,13,8,5,13,8,5,0,0,0
C0116,09,58,0006,Tehsil - Khajani 0006,072009, 1 KURUKH/ORAON,13,8,5,13,8,5,0,0,0
C0116,09,58,0006,Tehsil - Khajani 0006,123000,123 OTHERS,7,4,3,7,4,3,0,0,0
C0116,09,58,0007,Tehsil - Gola 0007,001000,1 ASSAMESE,7,2,5,7,2,5,0,0,0
C0116,09,58,0007,Tehsil - Gola 0007,001002, 1 ASSAMESE,7,2,5,7,2,5,0,0,0
C0116,09,58,0007,Tehsil - Gola 0007,002000,2 BENGALI,60,28,32,39,14,25,21,14,7
C0116,09,58,0007,Tehsil - Gola 0007,002004, 1 BENGALI,60,28,32,39,14,25,21,14,7
C0116,09,58,0007,Tehsil - Gola 0007,005000,5 GUJARATI,2,0,2,2,0,2,0,0,0
C0116,09,58,0007,Tehsil - Gola 0007,005011, 1 GUJARATI,2,0,2,2,0,2,0,0,0
C0116,09,58,0007,Tehsil - Gola 0007,006000,6 HINDI,449564,222314,227250,423311,208717,214594,26253,13597,12656
C0116,09,58,0007,Tehsil - Gola 0007,006045, 1 BHOJPURI,175897,86344,89553,171406,84051,87355,4491,2293,2198
C0116,09,58,0007,Tehsil - Gola 0007,006060, 2 BUNDELI/BUNDELKHANDI,20,7,13,20,7,13,0,0,0
C0116,09,58,0007,Tehsil - Gola 0007,006072, 3 CHHATTISGARHI,31,19,12,31,19,12,0,0,0
C0116,09,58,0007,Tehsil - Gola 0007,006095, 4 GARHWALI,558,328,230,546,323,223,12,5,7
C0116,09,58,0007,Tehsil - Gola 0007,006118, 5 HINDI,272938,135557,137381,251188,124258,126930,21750,11299,10451
C0116,09,58,0007,Tehsil - Gola 0007,006127, 6 JAUNSARI,1,0,1,1,0,1,0,0,0
C0116,09,58,0007,Tehsil - Gola 0007,006251, 7 SADAN/SADRI,59,29,30,59,29,30,0,0,0
C0116,09,58,0007,Tehsil - Gola 0007,006999,6 Others,60,30,30,60,30,30,0,0,0
C0116,09,58,0007,Tehsil - Gola 0007,014000,14 NEPALI,682,361,321,563,292,271,119,69,50
C0116,09,58,0007,Tehsil - Gola 0007,014009, 1 NEPALI,682,361,321,563,292,271,119,69,50
C0116,09,58,0007,Tehsil - Gola 0007,015000,15 ORIYA,8,5,3,8,5,3,0,0,0
C0116,09,58,0007,Tehsil - Gola 0007,015031, 1 ORIYA,6,4,2,6,4,2,0,0,0
C0116,09,58,0007,Tehsil - Gola 0007,015999,15 Others,2,1,1,2,1,1,0,0,0
C0116,09,58,0007,Tehsil - Gola 0007,016000,16 PUNJABI,80,43,37,76,40,36,4,3,1
C0116,09,58,0007,Tehsil - Gola 0007,016018, 1 PUNJABI,45,28,17,41,25,16,4,3,1
C0116,09,58,0007,Tehsil - Gola 0007,016999,16 Others,35,15,20,35,15,20,0,0,0
C0116,09,58,0007,Tehsil - Gola 0007,017000,17 SANSKRIT,671,326,345,671,326,345,0,0,0
C0116,09,58,0007,Tehsil - Gola 0007,017002, 1 SANSKRIT,671,326,345,671,326,345,0,0,0
C0116,09,58,0007,Tehsil - Gola 0007,020000,20 TAMIL,10,7,3,10,7,3,0,0,0
C0116,09,58,0007,Tehsil - Gola 0007,020020, 1 TAMIL,10,7,3,10,7,3,0,0,0
C0116,09,58,0007,Tehsil - Gola 0007,022000,22 URDU,5555,2781,2774,2290,1119,1171,3265,1662,1603
C0116,09,58,0007,Tehsil - Gola 0007,022014, 1 URDU,5555,2781,2774,2290,1119,1171,3265,1662,1603
C0116,09,58,0007,Tehsil - Gola 0007,028000,28 ARABIC/ARBI,1,1,0,1,1,0,0,0,0
C0116,09,58,0007,Tehsil - Gola 0007,028001, 1 ARABIC/ARBI,1,1,0,1,1,0,0,0,0
C0116,09,58,0007,Tehsil - Gola 0007,040000,40 ENGLISH,3,2,1,3,2,1,0,0,0
C0116,09,58,0007,Tehsil - Gola 0007,040001, 1 ENGLISH,3,2,1,3,2,1,0,0,0
C0116,09,58,0007,Tehsil - Gola 0007,072000,72 KURUKH/ORAON,3,2,1,3,2,1,0,0,0
C0116,09,58,0007,Tehsil - Gola 0007,072009, 1 KURUKH/ORAON,3,2,1,3,2,1,0,0,0
C0116,09,58,0007,Tehsil - Gola 0007,123000,123 OTHERS,14,3,11,14,3,11,0,0,0
C0116,09,59,0000,District - Kushinagar *  59,001000,1 ASSAMESE,10,3,7,10,3,7,0,0,0
C0116,09,59,0000,District - Kushinagar *  59,001002, 1 ASSAMESE,10,3,7,10,3,7,0,0,0
C0116,09,59,0000,District - Kushinagar *  59,002000,2 BENGALI,215,108,107,156,73,83,59,35,24
C0116,09,59,0000,District - Kushinagar *  59,002004, 1 BENGALI,204,101,103,145,66,79,59,35,24
C0116,09,59,0000,District - Kushinagar *  59,002999,2 Others,11,7,4,11,7,4,0,0,0
C0116,09,59,0000,District - Kushinagar *  59,004000,4 DOGRI,1,1,0,1,1,0,0,0,0
C0116,09,59,0000,District - Kushinagar *  59,004001, 1 DOGRI,1,1,0,1,1,0,0,0,0
C0116,09,59,0000,District - Kushinagar *  59,005000,5 GUJARATI,4,2,2,4,2,2,0,0,0
C0116,09,59,0000,District - Kushinagar *  59,005011, 1 GUJARATI,4,2,2,4,2,2,0,0,0
C0116,09,59,0000,District - Kushinagar *  59,006000,6 HINDI,2841002,1446798,1394204,2717849,1382061,1335788,123153,64737,58416
C0116,09,59,0000,District - Kushinagar *  59,006008, 1 AWADHI,7,3,4,6,3,3,1,0,1
C0116,09,59,0000,District - Kushinagar *  59,006045, 2 BHOJPURI,1560544,786991,773553,1524992,768559,756433,35552,18432,17120
C0116,09,59,0000,District - Kushinagar *  59,006059, 3 BRAJBHASHA,1,1,0,1,1,0,0,0,0
C0116,09,59,0000,District - Kushinagar *  59,006060, 4 BUNDELI/BUNDELKHANDI,43,18,25,37,15,22,6,3,3
C0116,09,59,0000,District - Kushinagar *  59,006072, 5 CHHATTISGARHI,42,24,18,42,24,18,0,0,0
C0116,09,59,0000,District - Kushinagar *  59,006095, 6 GARHWALI,3547,1884,1663,3366,1789,1577,181,95,86
C0116,09,59,0000,District - Kushinagar *  59,006117, 7 HARYANVI,4,1,3,4,1,3,0,0,0
C0116,09,59,0000,District - Kushinagar *  59,006118, 8 HINDI,1276144,657522,618622,1189108,611518,577590,87036,46004,41032
C0116,09,59,0000,District - Kushinagar *  59,006127, 9 JAUNSARI,13,7,6,13,7,6,0,0,0
C0116,09,59,0000,District - Kushinagar *  59,006148, 10 KHARI BOLI,67,43,24,48,32,16,19,11,8
C0116,09,59,0000,District - Kushinagar *  59,006162, 11 KUMAUNI,55,24,31,55,24,31,0,0,0
C0116,09,59,0000,District - Kushinagar *  59,006192, 12 MARWARI,287,155,132,24,11,13,263,144,119
C0116,09,59,0000,District - Kushinagar *  59,006242, 13 RAJASTHANI,121,66,55,26,18,8,95,48,47
C0116,09,59,0000,District - Kushinagar *  59,006251, 14 SADAN/SADRI,109,52,57,109,52,57,0,0,0
C0116,09,59,0000,District - Kushinagar *  59,006999,6 Others,18,7,11,18,7,11,0,0,0
C0116,09,59,0000,District - Kushinagar *  59,007000,7 KANNADA,2,0,2,2,0,2,0,0,0
C0116,09,59,0000,District - Kushinagar *  59,007013, 1 KANNADA,2,0,2,2,0,2,0,0,0
C0116,09,59,0000,District - Kushinagar *  59,010000,10 MAITHILI,17,10,7,15,10,5,2,0,2
C0116,09,59,0000,District - Kushinagar *  59,010006, 1 MAITHILI,17,10,7,15,10,5,2,0,2
C0116,09,59,0000,District - Kushinagar *  59,011000,11 MALAYALAM,32,2,30,32,2,30,0,0,0
C0116,09,59,0000,District - Kushinagar *  59,011013, 1 MALAYALAM,32,2,30,32,2,30,0,0,0
C0116,09,59,0000,District - Kushinagar *  59,012000,12 MANIPURI,3,1,2,2,1,1,1,0,1
C0116,09,59,0000,District - Kushinagar *  59,012002, 1 MANIPURI,3,1,2,2,1,1,1,0,1
C0116,09,59,0000,District - Kushinagar *  59,013000,13 MARATHI,10,5,5,4,1,3,6,4,2
C0116,09,59,0000,District - Kushinagar *  59,013048, 1 MARATHI,10,5,5,4,1,3,6,4,2
C0116,09,59,0000,District - Kushinagar *  59,014000,14 NEPALI,3324,1756,1568,3208,1692,1516,116,64,52
C0116,09,59,0000,District - Kushinagar *  59,014009, 1 NEPALI,3324,1756,1568,3208,1692,1516,116,64,52
C0116,09,59,0000,District - Kushinagar *  59,015000,15 ORIYA,115,58,57,115,58,57,0,0,0
C0116,09,59,0000,District - Kushinagar *  59,015031, 1 ORIYA,114,57,57,114,57,57,0,0,0
C0116,09,59,0000,District - Kushinagar *  59,015999,15 Others,1,1,0,1,1,0,0,0,0
C0116,09,59,0000,District - Kushinagar *  59,016000,16 PUNJABI,303,138,165,252,116,136,51,22,29
C0116,09,59,0000,District - Kushinagar *  59,016018, 1 PUNJABI,89,52,37,52,35,17,37,17,20
C0116,09,59,0000,District - Kushinagar *  59,016999,16 Others,214,86,128,200,81,119,14,5,9
C0116,09,59,0000,District - Kushinagar *  59,017000,17 SANSKRIT,53,26,27,53,26,27,0,0,0
C0116,09,59,0000,District - Kushinagar *  59,017002, 1 SANSKRIT,53,26,27,53,26,27,0,0,0
C0116,09,59,0000,District - Kushinagar *  59,018000,18 SANTALI,37,20,17,37,20,17,0,0,0
C0116,09,59,0000,District - Kushinagar *  59,018013, 1 SANTALI,37,20,17,37,20,17,0,0,0
C0116,09,59,0000,District - Kushinagar *  59,019000,19 SINDHI,170,99,71,163,95,68,7,4,3
C0116,09,59,0000,District - Kushinagar *  59,019013, 1 SINDHI,168,98,70,161,94,67,7,4,3
C0116,09,59,0000,District - Kushinagar *  59,019999,19 Others,2,1,1,2,1,1,0,0,0
C0116,09,59,0000,District - Kushinagar *  59,020000,20 TAMIL,21,11,10,16,9,7,5,2,3
C0116,09,59,0000,District - Kushinagar *  59,020020, 1 TAMIL,7,3,4,2,1,1,5,2,3
C0116,09,59,0000,District - Kushinagar *  59,020999,20 Others,14,8,6,14,8,6,0,0,0
C0116,09,59,0000,District - Kushinagar *  59,021000,21 TELUGU,8,5,3,0,0,0,8,5,3
C0116,09,59,0000,District - Kushinagar *  59,021035, 1 TELUGU,8,5,3,0,0,0,8,5,3
C0116,09,59,0000,District - Kushinagar *  59,022000,22 URDU,46852,24092,22760,37756,19326,18430,9096,4766,4330
C0116,09,59,0000,District - Kushinagar *  59,022014, 1 URDU,46852,24092,22760,37756,19326,18430,9096,4766,4330
C0116,09,59,0000,District - Kushinagar *  59,028000,28 ARABIC/ARBI,49,21,28,49,21,28,0,0,0
C0116,09,59,0000,District - Kushinagar *  59,028001, 1 ARABIC/ARBI,49,21,28,49,21,28,0,0,0
C0116,09,59,0000,District - Kushinagar *  59,040000,40 ENGLISH,58,38,20,55,36,19,3,2,1
C0116,09,59,0000,District - Kushinagar *  59,040001, 1 ENGLISH,58,38,20,55,36,19,3,2,1
C0116,09,59,0000,District - Kushinagar *  59,072000,72 KURUKH/ORAON,350,153,197,350,153,197,0,0,0
C0116,09,59,0000,District - Kushinagar *  59,072009, 1 KURUKH/ORAON,350,153,197,350,153,197,0,0,0
C0116,09,59,0000,District - Kushinagar *  59,075000,75 LAHNDA,4,1,3,0,0,0,4,1,3
C0116,09,59,0000,District - Kushinagar *  59,075999,75 Others,4,1,3,0,0,0,4,1,3
C0116,09,59,0000,District - Kushinagar *  59,090000,90 MUNDA,12,8,4,12,8,4,0,0,0
C0116,09,59,0000,District - Kushinagar *  59,090999,90 Others,12,8,4,12,8,4,0,0,0
C0116,09,59,0000,District - Kushinagar *  59,091000,91 MUNDARI,93,57,36,89,55,34,4,2,2
C0116,09,59,0000,District - Kushinagar *  59,091004, 1 MUNDARI,93,57,36,89,55,34,4,2,2
C0116,09,59,0000,District - Kushinagar *  59,123000,123 OTHERS,451,224,227,443,218,225,8,6,2
C0116,09,59,0001,Tehsil - Padrauna 0001,001000,1 ASSAMESE,2,1,1,2,1,1,0,0,0
C0116,09,59,0001,Tehsil - Padrauna 0001,001002, 1 ASSAMESE,2,1,1,2,1,1,0,0,0
C0116,09,59,0001,Tehsil - Padrauna 0001,002000,2 BENGALI,67,31,36,34,12,22,33,19,14
C0116,09,59,0001,Tehsil - Padrauna 0001,002004, 1 BENGALI,67,31,36,34,12,22,33,19,14
C0116,09,59,0001,Tehsil - Padrauna 0001,006000,6 HINDI,871753,450793,420960,819012,423012,396000,52741,27781,24960
C0116,09,59,0001,Tehsil - Padrauna 0001,006008, 1 AWADHI,1,0,1,0,0,0,1,0,1
C0116,09,59,0001,Tehsil - Padrauna 0001,006045, 2 BHOJPURI,317144,162623,154521,301315,154423,146892,15829,8200,7629
C0116,09,59,0001,Tehsil - Padrauna 0001,006059, 3 BRAJBHASHA,1,1,0,1,1,0,0,0,0
C0116,09,59,0001,Tehsil - Padrauna 0001,006060, 4 BUNDELI/BUNDELKHANDI,18,7,11,16,6,10,2,1,1
C0116,09,59,0001,Tehsil - Padrauna 0001,006095, 5 GARHWALI,1019,566,453,923,518,405,96,48,48
C0116,09,59,0001,Tehsil - Padrauna 0001,006118, 6 HINDI,553216,287399,265817,516678,268017,248661,36538,19382,17156
C0116,09,59,0001,Tehsil - Padrauna 0001,006127, 7 JAUNSARI,1,1,0,1,1,0,0,0,0
C0116,09,59,0001,Tehsil - Padrauna 0001,006148, 8 KHARI BOLI,55,35,20,42,28,14,13,7,6
C0116,09,59,0001,Tehsil - Padrauna 0001,006162, 9 KUMAUNI,1,1,0,1,1,0,0,0,0
C0116,09,59,0001,Tehsil - Padrauna 0001,006192, 10 MARWARI,273,148,125,20,9,11,253,139,114
C0116,09,59,0001,Tehsil - Padrauna 0001,006242, 11 RAJASTHANI,11,6,5,2,2,0,9,4,5
C0116,09,59,0001,Tehsil - Padrauna 0001,006999,6 Others,13,6,7,13,6,7,0,0,0
C0116,09,59,0001,Tehsil - Padrauna 0001,012000,12 MANIPURI,1,1,0,1,1,0,0,0,0
C0116,09,59,0001,Tehsil - Padrauna 0001,012002, 1 MANIPURI,1,1,0,1,1,0,0,0,0
C0116,09,59,0001,Tehsil - Padrauna 0001,013000,13 MARATHI,6,4,2,0,0,0,6,4,2
C0116,09,59,0001,Tehsil - Padrauna 0001,013048, 1 MARATHI,6,4,2,0,0,0,6,4,2
C0116,09,59,0001,Tehsil - Padrauna 0001,014000,14 NEPALI,1379,734,645,1321,704,617,58,30,28
C0116,09,59,0001,Tehsil - Padrauna 0001,014009, 1 NEPALI,1379,734,645,1321,704,617,58,30,28
C0116,09,59,0001,Tehsil - Padrauna 0001,015000,15 ORIYA,44,17,27,44,17,27,0,0,0
C0116,09,59,0001,Tehsil - Padrauna 0001,015031, 1 ORIYA,44,17,27,44,17,27,0,0,0
C0116,09,59,0001,Tehsil - Padrauna 0001,016000,16 PUNJABI,45,25,20,14,13,1,31,12,19
C0116,09,59,0001,Tehsil - Padrauna 0001,016018, 1 PUNJABI,31,20,11,14,13,1,17,7,10
C0116,09,59,0001,Tehsil - Padrauna 0001,016999,16 Others,14,5,9,0,0,0,14,5,9
C0116,09,59,0001,Tehsil - Padrauna 0001,017000,17 SANSKRIT,4,2,2,4,2,2,0,0,0
C0116,09,59,0001,Tehsil - Padrauna 0001,017002, 1 SANSKRIT,4,2,2,4,2,2,0,0,0
C0116,09,59,0001,Tehsil - Padrauna 0001,019000,19 SINDHI,15,10,5,13,9,4,2,1,1
C0116,09,59,0001,Tehsil - Padrauna 0001,019013, 1 SINDHI,15,10,5,13,9,4,2,1,1
C0116,09,59,0001,Tehsil - Padrauna 0001,020000,20 TAMIL,15,8,7,15,8,7,0,0,0
C0116,09,59,0001,Tehsil - Padrauna 0001,020020, 1 TAMIL,1,0,1,1,0,1,0,0,0
C0116,09,59,0001,Tehsil - Padrauna 0001,020999,20 Others,14,8,6,14,8,6,0,0,0
C0116,09,59,0001,Tehsil - Padrauna 0001,022000,22 URDU,26520,13815,12705,20769,10816,9953,5751,2999,2752
C0116,09,59,0001,Tehsil - Padrauna 0001,022014, 1 URDU,26520,13815,12705,20769,10816,9953,5751,2999,2752
C0116,09,59,0001,Tehsil - Padrauna 0001,028000,28 ARABIC/ARBI,2,2,0,2,2,0,0,0,0
C0116,09,59,0001,Tehsil - Padrauna 0001,028001, 1 ARABIC/ARBI,2,2,0,2,2,0,0,0,0
C0116,09,59,0001,Tehsil - Padrauna 0001,040000,40 ENGLISH,22,17,5,20,15,5,2,2,0
C0116,09,59,0001,Tehsil - Padrauna 0001,040001, 1 ENGLISH,22,17,5,20,15,5,2,2,0
C0116,09,59,0001,Tehsil - Padrauna 0001,072000,72 KURUKH/ORAON,73,37,36,73,37,36,0,0,0
C0116,09,59,0001,Tehsil - Padrauna 0001,072009, 1 KURUKH/ORAON,73,37,36,73,37,36,0,0,0
C0116,09,59,0001,Tehsil - Padrauna 0001,075000,75 LAHNDA,4,1,3,0,0,0,4,1,3
C0116,09,59,0001,Tehsil - Padrauna 0001,075999,75 Others,4,1,3,0,0,0,4,1,3
C0116,09,59,0001,Tehsil - Padrauna 0001,091000,91 MUNDARI,93,57,36,89,55,34,4,2,2
C0116,09,59,0001,Tehsil - Padrauna 0001,091004, 1 MUNDARI,93,57,36,89,55,34,4,2,2
C0116,09,59,0001,Tehsil - Padrauna 0001,123000,123 OTHERS,170,78,92,165,74,91,5,4,1
C0116,09,59,0002,Tehsil - Hata 0002,001000,1 ASSAMESE,5,2,3,5,2,3,0,0,0
C0116,09,59,0002,Tehsil - Hata 0002,001002, 1 ASSAMESE,5,2,3,5,2,3,0,0,0
C0116,09,59,0002,Tehsil - Hata 0002,002000,2 BENGALI,21,14,7,12,10,2,9,4,5
C0116,09,59,0002,Tehsil - Hata 0002,002004, 1 BENGALI,18,12,6,9,8,1,9,4,5
C0116,09,59,0002,Tehsil - Hata 0002,002999,2 Others,3,2,1,3,2,1,0,0,0
C0116,09,59,0002,Tehsil - Hata 0002,004000,4 DOGRI,1,1,0,1,1,0,0,0,0
C0116,09,59,0002,Tehsil - Hata 0002,004001, 1 DOGRI,1,1,0,1,1,0,0,0,0
C0116,09,59,0002,Tehsil - Hata 0002,006000,6 HINDI,804530,408671,395859,770974,391053,379921,33556,17618,15938
C0116,09,59,0002,Tehsil - Hata 0002,006008, 1 AWADHI,1,1,0,1,1,0,0,0,0
C0116,09,59,0002,Tehsil - Hata 0002,006045, 2 BHOJPURI,396942,199806,197136,390659,196592,194067,6283,3214,3069
C0116,09,59,0002,Tehsil - Hata 0002,006060, 3 BUNDELI/BUNDELKHANDI,4,1,3,3,0,3,1,1,0
C0116,09,59,0002,Tehsil - Hata 0002,006072, 4 CHHATTISGARHI,42,24,18,42,24,18,0,0,0
C0116,09,59,0002,Tehsil - Hata 0002,006095, 5 GARHWALI,980,539,441,931,509,422,49,30,19
C0116,09,59,0002,Tehsil - Hata 0002,006117, 6 HARYANVI,1,1,0,1,1,0,0,0,0
C0116,09,59,0002,Tehsil - Hata 0002,006118, 7 HINDI,406417,208228,198189,379286,193903,185383,27131,14325,12806
C0116,09,59,0002,Tehsil - Hata 0002,006127, 8 JAUNSARI,10,5,5,10,5,5,0,0,0
C0116,09,59,0002,Tehsil - Hata 0002,006148, 9 KHARI BOLI,7,5,2,1,1,0,6,4,2
C0116,09,59,0002,Tehsil - Hata 0002,006192, 10 MARWARI,4,2,2,4,2,2,0,0,0
C0116,09,59,0002,Tehsil - Hata 0002,006242, 11 RAJASTHANI,88,46,42,2,2,0,86,44,42
C0116,09,59,0002,Tehsil - Hata 0002,006251, 12 SADAN/SADRI,33,12,21,33,12,21,0,0,0
C0116,09,59,0002,Tehsil - Hata 0002,006999,6 Others,1,1,0,1,1,0,0,0,0
C0116,09,59,0002,Tehsil - Hata 0002,010000,10 MAITHILI,2,0,2,0,0,0,2,0,2
C0116,09,59,0002,Tehsil - Hata 0002,010006, 1 MAITHILI,2,0,2,0,0,0,2,0,2
C0116,09,59,0002,Tehsil - Hata 0002,011000,11 MALAYALAM,32,2,30,32,2,30,0,0,0
C0116,09,59,0002,Tehsil - Hata 0002,011013, 1 MALAYALAM,32,2,30,32,2,30,0,0,0
C0116,09,59,0002,Tehsil - Hata 0002,012000,12 MANIPURI,2,0,2,1,0,1,1,0,1
C0116,09,59,0002,Tehsil - Hata 0002,012002, 1 MANIPURI,2,0,2,1,0,1,1,0,1
C0116,09,59,0002,Tehsil - Hata 0002,014000,14 NEPALI,894,492,402,858,468,390,36,24,12
C0116,09,59,0002,Tehsil - Hata 0002,014009, 1 NEPALI,894,492,402,858,468,390,36,24,12
C0116,09,59,0002,Tehsil - Hata 0002,015000,15 ORIYA,70,40,30,70,40,30,0,0,0
C0116,09,59,0002,Tehsil - Hata 0002,015031, 1 ORIYA,70,40,30,70,40,30,0,0,0
C0116,09,59,0002,Tehsil - Hata 0002,016000,16 PUNJABI,65,32,33,45,22,23,20,10,10
C0116,09,59,0002,Tehsil - Hata 0002,016018, 1 PUNJABI,42,21,21,22,11,11,20,10,10
C0116,09,59,0002,Tehsil - Hata 0002,016999,16 Others,23,11,12,23,11,12,0,0,0
C0116,09,59,0002,Tehsil - Hata 0002,017000,17 SANSKRIT,5,3,2,5,3,2,0,0,0
C0116,09,59,0002,Tehsil - Hata 0002,017002, 1 SANSKRIT,5,3,2,5,3,2,0,0,0
C0116,09,59,0002,Tehsil - Hata 0002,018000,18 SANTALI,37,20,17,37,20,17,0,0,0
C0116,09,59,0002,Tehsil - Hata 0002,018013, 1 SANTALI,37,20,17,37,20,17,0,0,0
C0116,09,59,0002,Tehsil - Hata 0002,019000,19 SINDHI,109,65,44,109,65,44,0,0,0
C0116,09,59,0002,Tehsil - Hata 0002,019013, 1 SINDHI,107,64,43,107,64,43,0,0,0
C0116,09,59,0002,Tehsil - Hata 0002,019999,19 Others,2,1,1,2,1,1,0,0,0
C0116,09,59,0002,Tehsil - Hata 0002,022000,22 URDU,4741,2475,2266,2287,1180,1107,2454,1295,1159
C0116,09,59,0002,Tehsil - Hata 0002,022014, 1 URDU,4741,2475,2266,2287,1180,1107,2454,1295,1159
C0116,09,59,0002,Tehsil - Hata 0002,028000,28 ARABIC/ARBI,31,11,20,31,11,20,0,0,0
C0116,09,59,0002,Tehsil - Hata 0002,028001, 1 ARABIC/ARBI,31,11,20,31,11,20,0,0,0
C0116,09,59,0002,Tehsil - Hata 0002,040000,40 ENGLISH,5,1,4,5,1,4,0,0,0
C0116,09,59,0002,Tehsil - Hata 0002,040001, 1 ENGLISH,5,1,4,5,1,4,0,0,0
C0116,09,59,0002,Tehsil - Hata 0002,072000,72 KURUKH/ORAON,134,55,79,134,55,79,0,0,0
C0116,09,59,0002,Tehsil - Hata 0002,072009, 1 KURUKH/ORAON,134,55,79,134,55,79,0,0,0
C0116,09,59,0002,Tehsil - Hata 0002,123000,123 OTHERS,78,41,37,78,41,37,0,0,0
C0116,09,59,0003,Tehsil - Kasya ** 0003,002000,2 BENGALI,82,43,39,70,34,36,12,9,3
C0116,09,59,0003,Tehsil - Kasya ** 0003,002004, 1 BENGALI,81,42,39,69,33,36,12,9,3
C0116,09,59,0003,Tehsil - Kasya ** 0003,002999,2 Others,1,1,0,1,1,0,0,0,0
C0116,09,59,0003,Tehsil - Kasya ** 0003,006000,6 HINDI,498635,250531,248104,481170,241408,239762,17465,9123,8342
C0116,09,59,0003,Tehsil - Kasya ** 0003,006045, 1 BHOJPURI,297873,147836,150037,296052,146908,149144,1821,928,893
C0116,09,59,0003,Tehsil - Kasya ** 0003,006060, 2 BUNDELI/BUNDELKHANDI,9,6,3,6,5,1,3,1,2
C0116,09,59,0003,Tehsil - Kasya ** 0003,006095, 3 GARHWALI,582,309,273,573,306,267,9,3,6
C0116,09,59,0003,Tehsil - Kasya ** 0003,006118, 4 HINDI,200110,102350,97760,184478,94159,90319,15632,8191,7441
C0116,09,59,0003,Tehsil - Kasya ** 0003,006127, 5 JAUNSARI,1,0,1,1,0,1,0,0,0
C0116,09,59,0003,Tehsil - Kasya ** 0003,006148, 6 KHARI BOLI,2,0,2,2,0,2,0,0,0
C0116,09,59,0003,Tehsil - Kasya ** 0003,006162, 7 KUMAUNI,11,5,6,11,5,6,0,0,0
C0116,09,59,0003,Tehsil - Kasya ** 0003,006251, 8 SADAN/SADRI,46,25,21,46,25,21,0,0,0
C0116,09,59,0003,Tehsil - Kasya ** 0003,006999,6 Others,1,0,1,1,0,1,0,0,0
C0116,09,59,0003,Tehsil - Kasya ** 0003,007000,7 KANNADA,2,0,2,2,0,2,0,0,0
C0116,09,59,0003,Tehsil - Kasya ** 0003,007013, 1 KANNADA,2,0,2,2,0,2,0,0,0
C0116,09,59,0003,Tehsil - Kasya ** 0003,013000,13 MARATHI,4,1,3,4,1,3,0,0,0
C0116,09,59,0003,Tehsil - Kasya ** 0003,013048, 1 MARATHI,4,1,3,4,1,3,0,0,0
C0116,09,59,0003,Tehsil - Kasya ** 0003,014000,14 NEPALI,568,285,283,551,277,274,17,8,9
C0116,09,59,0003,Tehsil - Kasya ** 0003,014009, 1 NEPALI,568,285,283,551,277,274,17,8,9
C0116,09,59,0003,Tehsil - Kasya ** 0003,016000,16 PUNJABI,125,45,80,125,45,80,0,0,0
C0116,09,59,0003,Tehsil - Kasya ** 0003,016018, 1 PUNJABI,8,5,3,8,5,3,0,0,0
C0116,09,59,0003,Tehsil - Kasya ** 0003,016999,16 Others,117,40,77,117,40,77,0,0,0
C0116,09,59,0003,Tehsil - Kasya ** 0003,017000,17 SANSKRIT,7,4,3,7,4,3,0,0,0
C0116,09,59,0003,Tehsil - Kasya ** 0003,017002, 1 SANSKRIT,7,4,3,7,4,3,0,0,0
C0116,09,59,0003,Tehsil - Kasya ** 0003,019000,19 SINDHI,28,15,13,23,12,11,5,3,2
C0116,09,59,0003,Tehsil - Kasya ** 0003,019013, 1 SINDHI,28,15,13,23,12,11,5,3,2
C0116,09,59,0003,Tehsil - Kasya ** 0003,020000,20 TAMIL,1,1,0,1,1,0,0,0,0
C0116,09,59,0003,Tehsil - Kasya ** 0003,020020, 1 TAMIL,1,1,0,1,1,0,0,0,0
C0116,09,59,0003,Tehsil - Kasya ** 0003,022000,22 URDU,7765,3910,3855,7284,3647,3637,481,263,218
C0116,09,59,0003,Tehsil - Kasya ** 0003,022014, 1 URDU,7765,3910,3855,7284,3647,3637,481,263,218
C0116,09,59,0003,Tehsil - Kasya ** 0003,028000,28 ARABIC/ARBI,13,6,7,13,6,7,0,0,0
C0116,09,59,0003,Tehsil - Kasya ** 0003,028001, 1 ARABIC/ARBI,13,6,7,13,6,7,0,0,0
C0116,09,59,0003,Tehsil - Kasya ** 0003,040000,40 ENGLISH,4,4,0,4,4,0,0,0,0
C0116,09,59,0003,Tehsil - Kasya ** 0003,040001, 1 ENGLISH,4,4,0,4,4,0,0,0,0
C0116,09,59,0003,Tehsil - Kasya ** 0003,072000,72 KURUKH/ORAON,115,47,68,115,47,68,0,0,0
C0116,09,59,0003,Tehsil - Kasya ** 0003,072009, 1 KURUKH/ORAON,115,47,68,115,47,68,0,0,0
C0116,09,59,0003,Tehsil - Kasya ** 0003,123000,123 OTHERS,150,81,69,147,79,68,3,2,1
C0116,09,59,0004,Tehsil - Tamkuhi Raj 0004,001000,1 ASSAMESE,3,0,3,3,0,3,0,0,0
C0116,09,59,0004,Tehsil - Tamkuhi Raj 0004,001002, 1 ASSAMESE,3,0,3,3,0,3,0,0,0
C0116,09,59,0004,Tehsil - Tamkuhi Raj 0004,002000,2 BENGALI,45,20,25,40,17,23,5,3,2
C0116,09,59,0004,Tehsil - Tamkuhi Raj 0004,002004, 1 BENGALI,38,16,22,33,13,20,5,3,2
C0116,09,59,0004,Tehsil - Tamkuhi Raj 0004,002999,2 Others,7,4,3,7,4,3,0,0,0
C0116,09,59,0004,Tehsil - Tamkuhi Raj 0004,005000,5 GUJARATI,4,2,2,4,2,2,0,0,0
C0116,09,59,0004,Tehsil - Tamkuhi Raj 0004,005011, 1 GUJARATI,4,2,2,4,2,2,0,0,0
C0116,09,59,0004,Tehsil - Tamkuhi Raj 0004,006000,6 HINDI,666084,336803,329281,646693,326588,320105,19391,10215,9176
C0116,09,59,0004,Tehsil - Tamkuhi Raj 0004,006008, 1 AWADHI,5,2,3,5,2,3,0,0,0
C0116,09,59,0004,Tehsil - Tamkuhi Raj 0004,006045, 2 BHOJPURI,548585,276726,271859,536966,270636,266330,11619,6090,5529
C0116,09,59,0004,Tehsil - Tamkuhi Raj 0004,006060, 3 BUNDELI/BUNDELKHANDI,12,4,8,12,4,8,0,0,0
C0116,09,59,0004,Tehsil - Tamkuhi Raj 0004,006095, 4 GARHWALI,966,470,496,939,456,483,27,14,13
C0116,09,59,0004,Tehsil - Tamkuhi Raj 0004,006117, 5 HARYANVI,3,0,3,3,0,3,0,0,0
C0116,09,59,0004,Tehsil - Tamkuhi Raj 0004,006118, 6 HINDI,116401,59545,56856,108666,55439,53227,7735,4106,3629
C0116,09,59,0004,Tehsil - Tamkuhi Raj 0004,006127, 7 JAUNSARI,1,1,0,1,1,0,0,0,0
C0116,09,59,0004,Tehsil - Tamkuhi Raj 0004,006148, 8 KHARI BOLI,3,3,0,3,3,0,0,0,0
C0116,09,59,0004,Tehsil - Tamkuhi Raj 0004,006162, 9 KUMAUNI,43,18,25,43,18,25,0,0,0
C0116,09,59,0004,Tehsil - Tamkuhi Raj 0004,006192, 10 MARWARI,10,5,5,0,0,0,10,5,5
C0116,09,59,0004,Tehsil - Tamkuhi Raj 0004,006242, 11 RAJASTHANI,22,14,8,22,14,8,0,0,0
C0116,09,59,0004,Tehsil - Tamkuhi Raj 0004,006251, 12 SADAN/SADRI,30,15,15,30,15,15,0,0,0
C0116,09,59,0004,Tehsil - Tamkuhi Raj 0004,006999,6 Others,3,0,3,3,0,3,0,0,0
C0116,09,59,0004,Tehsil - Tamkuhi Raj 0004,010000,10 MAITHILI,15,10,5,15,10,5,0,0,0
C0116,09,59,0004,Tehsil - Tamkuhi Raj 0004,010006, 1 MAITHILI,15,10,5,15,10,5,0,0,0
C0116,09,59,0004,Tehsil - Tamkuhi Raj 0004,014000,14 NEPALI,483,245,238,478,243,235,5,2,3
C0116,09,59,0004,Tehsil - Tamkuhi Raj 0004,014009, 1 NEPALI,483,245,238,478,243,235,5,2,3
C0116,09,59,0004,Tehsil - Tamkuhi Raj 0004,015000,15 ORIYA,1,1,0,1,1,0,0,0,0
C0116,09,59,0004,Tehsil - Tamkuhi Raj 0004,015999,15 Others,1,1,0,1,1,0,0,0,0
C0116,09,59,0004,Tehsil - Tamkuhi Raj 0004,016000,16 PUNJABI,68,36,32,68,36,32,0,0,0
C0116,09,59,0004,Tehsil - Tamkuhi Raj 0004,016018, 1 PUNJABI,8,6,2,8,6,2,0,0,0
C0116,09,59,0004,Tehsil - Tamkuhi Raj 0004,016999,16 Others,60,30,30,60,30,30,0,0,0
C0116,09,59,0004,Tehsil - Tamkuhi Raj 0004,017000,17 SANSKRIT,37,17,20,37,17,20,0,0,0
C0116,09,59,0004,Tehsil - Tamkuhi Raj 0004,017002, 1 SANSKRIT,37,17,20,37,17,20,0,0,0
C0116,09,59,0004,Tehsil - Tamkuhi Raj 0004,019000,19 SINDHI,18,9,9,18,9,9,0,0,0
C0116,09,59,0004,Tehsil - Tamkuhi Raj 0004,019013, 1 SINDHI,18,9,9,18,9,9,0,0,0
C0116,09,59,0004,Tehsil - Tamkuhi Raj 0004,020000,20 TAMIL,5,2,3,0,0,0,5,2,3
C0116,09,59,0004,Tehsil - Tamkuhi Raj 0004,020020, 1 TAMIL,5,2,3,0,0,0,5,2,3
C0116,09,59,0004,Tehsil - Tamkuhi Raj 0004,021000,21 TELUGU,8,5,3,0,0,0,8,5,3
C0116,09,59,0004,Tehsil - Tamkuhi Raj 0004,021035, 1 TELUGU,8,5,3,0,0,0,8,5,3
C0116,09,59,0004,Tehsil - Tamkuhi Raj 0004,022000,22 URDU,7826,3892,3934,7416,3683,3733,410,209,201
C0116,09,59,0004,Tehsil - Tamkuhi Raj 0004,022014, 1 URDU,7826,3892,3934,7416,3683,3733,410,209,201
C0116,09,59,0004,Tehsil - Tamkuhi Raj 0004,028000,28 ARABIC/ARBI,3,2,1,3,2,1,0,0,0
C0116,09,59,0004,Tehsil - Tamkuhi Raj 0004,028001, 1 ARABIC/ARBI,3,2,1,3,2,1,0,0,0
C0116,09,59,0004,Tehsil - Tamkuhi Raj 0004,040000,40 ENGLISH,27,16,11,26,16,10,1,0,1
C0116,09,59,0004,Tehsil - Tamkuhi Raj 0004,040001, 1 ENGLISH,27,16,11,26,16,10,1,0,1
C0116,09,59,0004,Tehsil - Tamkuhi Raj 0004,072000,72 KURUKH/ORAON,28,14,14,28,14,14,0,0,0
C0116,09,59,0004,Tehsil - Tamkuhi Raj 0004,072009, 1 KURUKH/ORAON,28,14,14,28,14,14,0,0,0
C0116,09,59,0004,Tehsil - Tamkuhi Raj 0004,090000,90 MUNDA,12,8,4,12,8,4,0,0,0
C0116,09,59,0004,Tehsil - Tamkuhi Raj 0004,090999,90 Others,12,8,4,12,8,4,0,0,0
C0116,09,59,0004,Tehsil - Tamkuhi Raj 0004,123000,123 OTHERS,53,24,29,53,24,29,0,0,0
C0116,09,60,0000,District - Deoria  60,001000,1 ASSAMESE,1,0,1,0,0,0,1,0,1
C0116,09,60,0000,District - Deoria  60,001002, 1 ASSAMESE,1,0,1,0,0,0,1,0,1
C0116,09,60,0000,District - Deoria  60,002000,2 BENGALI,215,130,85,112,55,57,103,75,28
C0116,09,60,0000,District - Deoria  60,002004, 1 BENGALI,215,130,85,112,55,57,103,75,28
C0116,09,60,0000,District - Deoria  60,005000,5 GUJARATI,11,5,6,1,1,0,10,4,6
C0116,09,60,0000,District - Deoria  60,005011, 1 GUJARATI,11,5,6,1,1,0,10,4,6
C0116,09,60,0000,District - Deoria  60,006000,6 HINDI,2642551,1320134,1322417,2391151,1189140,1202011,251400,130994,120406
C0116,09,60,0000,District - Deoria  60,006008, 1 AWADHI,3,0,3,0,0,0,3,0,3
C0116,09,60,0000,District - Deoria  60,006045, 2 BHOJPURI,1041151,517371,523780,947611,468917,478694,93540,48454,45086
C0116,09,60,0000,District - Deoria  60,006059, 3 BRAJBHASHA,2,2,0,2,2,0,0,0,0
C0116,09,60,0000,District - Deoria  60,006060, 4 BUNDELI/BUNDELKHANDI,59,35,24,36,21,15,23,14,9
C0116,09,60,0000,District - Deoria  60,006072, 5 CHHATTISGARHI,168,83,85,168,83,85,0,0,0
C0116,09,60,0000,District - Deoria  60,006095, 6 GARHWALI,3026,1670,1356,2639,1461,1178,387,209,178
C0116,09,60,0000,District - Deoria  60,006117, 7 HARYANVI,5,1,4,0,0,0,5,1,4
C0116,09,60,0000,District - Deoria  60,006118, 8 HINDI,1597846,800816,797030,1440531,718564,721967,157315,82252,75063
C0116,09,60,0000,District - Deoria  60,006127, 9 JAUNSARI,2,0,2,2,0,2,0,0,0
C0116,09,60,0000,District - Deoria  60,006148, 10 KHARI BOLI,8,5,3,7,5,2,1,0,1
C0116,09,60,0000,District - Deoria  60,006153, 11 KHORTHA/KHOTTA,1,1,0,1,1,0,0,0,0
C0116,09,60,0000,District - Deoria  60,006162, 12 KUMAUNI,2,1,1,2,1,1,0,0,0
C0116,09,60,0000,District - Deoria  60,006192, 13 MARWARI,94,52,42,5,5,0,89,47,42
C0116,09,60,0000,District - Deoria  60,006195, 14 MEWARI,9,3,6,0,0,0,9,3,6
C0116,09,60,0000,District - Deoria  60,006204, 15 NAGPURIA,111,59,52,111,59,52,0,0,0
C0116,09,60,0000,District - Deoria  60,006242, 16 RAJASTHANI,20,10,10,0,0,0,20,10,10
C0116,09,60,0000,District - Deoria  60,006251, 17 SADAN/SADRI,31,18,13,31,18,13,0,0,0
C0116,09,60,0000,District - Deoria  60,006999,6 Others,13,7,6,5,3,2,8,4,4
C0116,09,60,0000,District - Deoria  60,007000,7 KANNADA,36,20,16,36,20,16,0,0,0
C0116,09,60,0000,District - Deoria  60,007013, 1 KANNADA,1,1,0,1,1,0,0,0,0
C0116,09,60,0000,District - Deoria  60,007999,7 Others,35,19,16,35,19,16,0,0,0
C0116,09,60,0000,District - Deoria  60,008000,8 KASHMIRI,4,2,2,0,0,0,4,2,2
C0116,09,60,0000,District - Deoria  60,008002, 1 KASHMIRI,4,2,2,0,0,0,4,2,2
C0116,09,60,0000,District - Deoria  60,009000,9 KONKANI,1,0,1,1,0,1,0,0,0
C0116,09,60,0000,District - Deoria  60,009010, 1 KONKANI,1,0,1,1,0,1,0,0,0
C0116,09,60,0000,District - Deoria  60,010000,10 MAITHILI,14,9,5,4,3,1,10,6,4
C0116,09,60,0000,District - Deoria  60,010006, 1 MAITHILI,14,9,5,4,3,1,10,6,4
C0116,09,60,0000,District - Deoria  60,011000,11 MALAYALAM,15,6,9,8,0,8,7,6,1
C0116,09,60,0000,District - Deoria  60,011013, 1 MALAYALAM,15,6,9,8,0,8,7,6,1
C0116,09,60,0000,District - Deoria  60,013000,13 MARATHI,98,54,44,40,19,21,58,35,23
C0116,09,60,0000,District - Deoria  60,013048, 1 MARATHI,30,16,14,14,6,8,16,10,6
C0116,09,60,0000,District - Deoria  60,013999,13 Others,68,38,30,26,13,13,42,25,17
C0116,09,60,0000,District - Deoria  60,014000,14 NEPALI,516,255,261,444,207,237,72,48,24
C0116,09,60,0000,District - Deoria  60,014009, 1 NEPALI,516,255,261,444,207,237,72,48,24
C0116,09,60,0000,District - Deoria  60,015000,15 ORIYA,22,9,13,20,8,12,2,1,1
C0116,09,60,0000,District - Deoria  60,015031, 1 ORIYA,22,9,13,20,8,12,2,1,1
C0116,09,60,0000,District - Deoria  60,016000,16 PUNJABI,423,225,198,283,147,136,140,78,62
C0116,09,60,0000,District - Deoria  60,016018, 1 PUNJABI,318,167,151,181,92,89,137,75,62
C0116,09,60,0000,District - Deoria  60,016999,16 Others,105,58,47,102,55,47,3,3,0
C0116,09,60,0000,District - Deoria  60,017000,17 SANSKRIT,117,56,61,101,47,54,16,9,7
C0116,09,60,0000,District - Deoria  60,017002, 1 SANSKRIT,117,56,61,101,47,54,16,9,7
C0116,09,60,0000,District - Deoria  60,019000,19 SINDHI,11,5,6,2,1,1,9,4,5
C0116,09,60,0000,District - Deoria  60,019013, 1 SINDHI,11,5,6,2,1,1,9,4,5
C0116,09,60,0000,District - Deoria  60,020000,20 TAMIL,22,15,7,22,15,7,0,0,0
C0116,09,60,0000,District - Deoria  60,020020, 1 TAMIL,22,15,7,22,15,7,0,0,0
C0116,09,60,0000,District - Deoria  60,021000,21 TELUGU,5,2,3,0,0,0,5,2,3
C0116,09,60,0000,District - Deoria  60,021035, 1 TELUGU,5,2,3,0,0,0,5,2,3
C0116,09,60,0000,District - Deoria  60,022000,22 URDU,67357,33492,33865,50919,25005,25914,16438,8487,7951
C0116,09,60,0000,District - Deoria  60,022014, 1 URDU,67357,33492,33865,50919,25005,25914,16438,8487,7951
C0116,09,60,0000,District - Deoria  60,028000,28 ARABIC/ARBI,183,94,89,181,92,89,2,2,0
C0116,09,60,0000,District - Deoria  60,028001, 1 ARABIC/ARBI,183,94,89,181,92,89,2,2,0
C0116,09,60,0000,District - Deoria  60,040000,40 ENGLISH,29,16,13,17,9,8,12,7,5
C0116,09,60,0000,District - Deoria  60,040001, 1 ENGLISH,29,16,13,17,9,8,12,7,5
C0116,09,60,0000,District - Deoria  60,043000,43 GARO,1,1,0,1,1,0,0,0,0
C0116,09,60,0000,District - Deoria  60,043999,43 Others,1,1,0,1,1,0,0,0,0
C0116,09,60,0000,District - Deoria  60,051000,51 KABUI,6,3,3,6,3,3,0,0,0
C0116,09,60,0000,District - Deoria  60,051003, 1 KABUI,6,3,3,6,3,3,0,0,0
C0116,09,60,0000,District - Deoria  60,072000,72 KURUKH/ORAON,388,192,196,388,192,196,0,0,0
C0116,09,60,0000,District - Deoria  60,072009, 1 KURUKH/ORAON,388,192,196,388,192,196,0,0,0
C0116,09,60,0000,District - Deoria  60,123000,123 OTHERS,624,298,326,608,292,316,16,6,10
C0116,09,60,0001,Tehsil - Deoria 0001,001000,1 ASSAMESE,1,0,1,0,0,0,1,0,1
C0116,09,60,0001,Tehsil - Deoria 0001,001002, 1 ASSAMESE,1,0,1,0,0,0,1,0,1
C0116,09,60,0001,Tehsil - Deoria 0001,002000,2 BENGALI,97,59,38,43,18,25,54,41,13
C0116,09,60,0001,Tehsil - Deoria 0001,002004, 1 BENGALI,97,59,38,43,18,25,54,41,13
C0116,09,60,0001,Tehsil - Deoria 0001,006000,6 HINDI,1033481,521959,511522,922373,463676,458697,111108,58283,52825
C0116,09,60,0001,Tehsil - Deoria 0001,006008, 1 AWADHI,3,0,3,0,0,0,3,0,3
C0116,09,60,0001,Tehsil - Deoria 0001,006045, 2 BHOJPURI,491759,246005,245754,460182,229672,230510,31577,16333,15244
C0116,09,60,0001,Tehsil - Deoria 0001,006059, 3 BRAJBHASHA,1,1,0,1,1,0,0,0,0
C0116,09,60,0001,Tehsil - Deoria 0001,006060, 4 BUNDELI/BUNDELKHANDI,26,15,11,19,11,8,7,4,3
C0116,09,60,0001,Tehsil - Deoria 0001,006072, 5 CHHATTISGARHI,142,68,74,142,68,74,0,0,0
C0116,09,60,0001,Tehsil - Deoria 0001,006095, 6 GARHWALI,1295,735,560,1075,619,456,220,116,104
C0116,09,60,0001,Tehsil - Deoria 0001,006118, 7 HINDI,540087,275042,265045,460868,233250,227618,79219,41792,37427
C0116,09,60,0001,Tehsil - Deoria 0001,006148, 8 KHARI BOLI,7,5,2,6,5,1,1,0,1
C0116,09,60,0001,Tehsil - Deoria 0001,006153, 9 KHORTHA/KHOTTA,1,1,0,1,1,0,0,0,0
C0116,09,60,0001,Tehsil - Deoria 0001,006162, 10 KUMAUNI,2,1,1,2,1,1,0,0,0
C0116,09,60,0001,Tehsil - Deoria 0001,006192, 11 MARWARI,58,28,30,0,0,0,58,28,30
C0116,09,60,0001,Tehsil - Deoria 0001,006195, 12 MEWARI,9,3,6,0,0,0,9,3,6
C0116,09,60,0001,Tehsil - Deoria 0001,006204, 13 NAGPURIA,75,46,29,75,46,29,0,0,0
C0116,09,60,0001,Tehsil - Deoria 0001,006242, 14 RAJASTHANI,6,3,3,0,0,0,6,3,3
C0116,09,60,0001,Tehsil - Deoria 0001,006999,6 Others,10,6,4,2,2,0,8,4,4
C0116,09,60,0001,Tehsil - Deoria 0001,008000,8 KASHMIRI,4,2,2,0,0,0,4,2,2
C0116,09,60,0001,Tehsil - Deoria 0001,008002, 1 KASHMIRI,4,2,2,0,0,0,4,2,2
C0116,09,60,0001,Tehsil - Deoria 0001,010000,10 MAITHILI,10,6,4,0,0,0,10,6,4
C0116,09,60,0001,Tehsil - Deoria 0001,010006, 1 MAITHILI,10,6,4,0,0,0,10,6,4
C0116,09,60,0001,Tehsil - Deoria 0001,011000,11 MALAYALAM,6,4,2,1,0,1,5,4,1
C0116,09,60,0001,Tehsil - Deoria 0001,011013, 1 MALAYALAM,6,4,2,1,0,1,5,4,1
C0116,09,60,0001,Tehsil - Deoria 0001,013000,13 MARATHI,93,51,42,40,19,21,53,32,21
C0116,09,60,0001,Tehsil - Deoria 0001,013048, 1 MARATHI,25,13,12,14,6,8,11,7,4
C0116,09,60,0001,Tehsil - Deoria 0001,013999,13 Others,68,38,30,26,13,13,42,25,17
C0116,09,60,0001,Tehsil - Deoria 0001,014000,14 NEPALI,166,93,73,120,60,60,46,33,13
C0116,09,60,0001,Tehsil - Deoria 0001,014009, 1 NEPALI,166,93,73,120,60,60,46,33,13
C0116,09,60,0001,Tehsil - Deoria 0001,015000,15 ORIYA,22,9,13,20,8,12,2,1,1
C0116,09,60,0001,Tehsil - Deoria 0001,015031, 1 ORIYA,22,9,13,20,8,12,2,1,1
C0116,09,60,0001,Tehsil - Deoria 0001,016000,16 PUNJABI,310,167,143,175,92,83,135,75,60
C0116,09,60,0001,Tehsil - Deoria 0001,016018, 1 PUNJABI,306,163,143,174,91,83,132,72,60
C0116,09,60,0001,Tehsil - Deoria 0001,016999,16 Others,4,4,0,1,1,0,3,3,0
C0116,09,60,0001,Tehsil - Deoria 0001,017000,17 SANSKRIT,98,46,52,98,46,52,0,0,0
C0116,09,60,0001,Tehsil - Deoria 0001,017002, 1 SANSKRIT,98,46,52,98,46,52,0,0,0
C0116,09,60,0001,Tehsil - Deoria 0001,019000,19 SINDHI,6,2,4,0,0,0,6,2,4
C0116,09,60,0001,Tehsil - Deoria 0001,019013, 1 SINDHI,6,2,4,0,0,0,6,2,4
C0116,09,60,0001,Tehsil - Deoria 0001,020000,20 TAMIL,1,0,1,1,0,1,0,0,0
C0116,09,60,0001,Tehsil - Deoria 0001,020020, 1 TAMIL,1,0,1,1,0,1,0,0,0
C0116,09,60,0001,Tehsil - Deoria 0001,021000,21 TELUGU,1,1,0,0,0,0,1,1,0
C0116,09,60,0001,Tehsil - Deoria 0001,021035, 1 TELUGU,1,1,0,0,0,0,1,1,0
C0116,09,60,0001,Tehsil - Deoria 0001,022000,22 URDU,36031,18040,17991,27468,13582,13886,8563,4458,4105
C0116,09,60,0001,Tehsil - Deoria 0001,022014, 1 URDU,36031,18040,17991,27468,13582,13886,8563,4458,4105
C0116,09,60,0001,Tehsil - Deoria 0001,028000,28 ARABIC/ARBI,123,64,59,121,62,59,2,2,0
C0116,09,60,0001,Tehsil - Deoria 0001,028001, 1 ARABIC/ARBI,123,64,59,121,62,59,2,2,0
C0116,09,60,0001,Tehsil - Deoria 0001,040000,40 ENGLISH,14,7,7,6,3,3,8,4,4
C0116,09,60,0001,Tehsil - Deoria 0001,040001, 1 ENGLISH,14,7,7,6,3,3,8,4,4
C0116,09,60,0001,Tehsil - Deoria 0001,072000,72 KURUKH/ORAON,196,106,90,196,106,90,0,0,0
C0116,09,60,0001,Tehsil - Deoria 0001,072009, 1 KURUKH/ORAON,196,106,90,196,106,90,0,0,0
C0116,09,60,0001,Tehsil - Deoria 0001,123000,123 OTHERS,472,236,236,456,230,226,16,6,10
C0116,09,60,0002,Tehsil - Rudrapur 0002,002000,2 BENGALI,26,14,12,21,11,10,5,3,2
C0116,09,60,0002,Tehsil - Rudrapur 0002,002004, 1 BENGALI,26,14,12,21,11,10,5,3,2
C0116,09,60,0002,Tehsil - Rudrapur 0002,006000,6 HINDI,374890,187792,187098,348245,173989,174256,26645,13803,12842
C0116,09,60,0002,Tehsil - Rudrapur 0002,006045, 1 BHOJPURI,81494,40700,40794,77028,38394,38634,4466,2306,2160
C0116,09,60,0002,Tehsil - Rudrapur 0002,006060, 2 BUNDELI/BUNDELKHANDI,6,3,3,2,1,1,4,2,2
C0116,09,60,0002,Tehsil - Rudrapur 0002,006095, 3 GARHWALI,345,177,168,288,146,142,57,31,26
C0116,09,60,0002,Tehsil - Rudrapur 0002,006118, 4 HINDI,293045,146912,146133,270927,135448,135479,22118,11464,10654
C0116,09,60,0002,Tehsil - Rudrapur 0002,014000,14 NEPALI,117,49,68,101,41,60,16,8,8
C0116,09,60,0002,Tehsil - Rudrapur 0002,014009, 1 NEPALI,117,49,68,101,41,60,16,8,8
C0116,09,60,0002,Tehsil - Rudrapur 0002,016000,16 PUNJABI,31,9,22,31,9,22,0,0,0
C0116,09,60,0002,Tehsil - Rudrapur 0002,016018, 1 PUNJABI,2,0,2,2,0,2,0,0,0
C0116,09,60,0002,Tehsil - Rudrapur 0002,016999,16 Others,29,9,20,29,9,20,0,0,0
C0116,09,60,0002,Tehsil - Rudrapur 0002,019000,19 SINDHI,1,1,0,0,0,0,1,1,0
C0116,09,60,0002,Tehsil - Rudrapur 0002,019013, 1 SINDHI,1,1,0,0,0,0,1,1,0
C0116,09,60,0002,Tehsil - Rudrapur 0002,022000,22 URDU,2764,1365,1399,2749,1357,1392,15,8,7
C0116,09,60,0002,Tehsil - Rudrapur 0002,022014, 1 URDU,2764,1365,1399,2749,1357,1392,15,8,7
C0116,09,60,0002,Tehsil - Rudrapur 0002,028000,28 ARABIC/ARBI,60,30,30,60,30,30,0,0,0
C0116,09,60,0002,Tehsil - Rudrapur 0002,028001, 1 ARABIC/ARBI,60,30,30,60,30,30,0,0,0
C0116,09,60,0002,Tehsil - Rudrapur 0002,040000,40 ENGLISH,2,1,1,1,0,1,1,1,0
C0116,09,60,0002,Tehsil - Rudrapur 0002,040001, 1 ENGLISH,2,1,1,1,0,1,1,1,0
C0116,09,60,0002,Tehsil - Rudrapur 0002,123000,123 OTHERS,2,0,2,2,0,2,0,0,0
C0116,09,60,0003,Tehsil - Barhaj ** 0003,002000,2 BENGALI,29,14,15,8,2,6,21,12,9
C0116,09,60,0003,Tehsil - Barhaj ** 0003,002004, 1 BENGALI,29,14,15,8,2,6,21,12,9
C0116,09,60,0003,Tehsil - Barhaj ** 0003,006000,6 HINDI,331182,165176,166006,297546,147481,150065,33636,17695,15941
C0116,09,60,0003,Tehsil - Barhaj ** 0003,006045, 1 BHOJPURI,232733,115755,116978,202496,99870,102626,30237,15885,14352
C0116,09,60,0003,Tehsil - Barhaj ** 0003,006060, 2 BUNDELI/BUNDELKHANDI,13,10,3,7,5,2,6,5,1
C0116,09,60,0003,Tehsil - Barhaj ** 0003,006072, 3 CHHATTISGARHI,26,15,11,26,15,11,0,0,0
C0116,09,60,0003,Tehsil - Barhaj ** 0003,006095, 4 GARHWALI,414,231,183,397,221,176,17,10,7
C0116,09,60,0003,Tehsil - Barhaj ** 0003,006117, 5 HARYANVI,5,1,4,0,0,0,5,1,4
C0116,09,60,0003,Tehsil - Barhaj ** 0003,006118, 6 HINDI,97917,49128,48789,94581,47356,47225,3336,1772,1564
C0116,09,60,0003,Tehsil - Barhaj ** 0003,006127, 7 JAUNSARI,1,0,1,1,0,1,0,0,0
C0116,09,60,0003,Tehsil - Barhaj ** 0003,006192, 8 MARWARI,31,19,12,0,0,0,31,19,12
C0116,09,60,0003,Tehsil - Barhaj ** 0003,006204, 9 NAGPURIA,36,13,23,36,13,23,0,0,0
C0116,09,60,0003,Tehsil - Barhaj ** 0003,006242, 10 RAJASTHANI,4,3,1,0,0,0,4,3,1
C0116,09,60,0003,Tehsil - Barhaj ** 0003,006999,6 Others,2,1,1,2,1,1,0,0,0
C0116,09,60,0003,Tehsil - Barhaj ** 0003,014000,14 NEPALI,34,14,20,33,13,20,1,1,0
C0116,09,60,0003,Tehsil - Barhaj ** 0003,014009, 1 NEPALI,34,14,20,33,13,20,1,1,0
C0116,09,60,0003,Tehsil - Barhaj ** 0003,017000,17 SANSKRIT,1,1,0,1,1,0,0,0,0
C0116,09,60,0003,Tehsil - Barhaj ** 0003,017002, 1 SANSKRIT,1,1,0,1,1,0,0,0,0
C0116,09,60,0003,Tehsil - Barhaj ** 0003,019000,19 SINDHI,1,1,0,0,0,0,1,1,0
C0116,09,60,0003,Tehsil - Barhaj ** 0003,019013, 1 SINDHI,1,1,0,0,0,0,1,1,0
C0116,09,60,0003,Tehsil - Barhaj ** 0003,022000,22 URDU,2784,1430,1354,1158,585,573,1626,845,781
C0116,09,60,0003,Tehsil - Barhaj ** 0003,022014, 1 URDU,2784,1430,1354,1158,585,573,1626,845,781
C0116,09,60,0003,Tehsil - Barhaj ** 0003,043000,43 GARO,1,1,0,1,1,0,0,0,0
C0116,09,60,0003,Tehsil - Barhaj ** 0003,043999,43 Others,1,1,0,1,1,0,0,0,0
C0116,09,60,0003,Tehsil - Barhaj ** 0003,051000,51 KABUI,6,3,3,6,3,3,0,0,0
C0116,09,60,0003,Tehsil - Barhaj ** 0003,051003, 1 KABUI,6,3,3,6,3,3,0,0,0
C0116,09,60,0003,Tehsil - Barhaj ** 0003,072000,72 KURUKH/ORAON,75,37,38,75,37,38,0,0,0
C0116,09,60,0003,Tehsil - Barhaj ** 0003,072009, 1 KURUKH/ORAON,75,37,38,75,37,38,0,0,0
C0116,09,60,0003,Tehsil - Barhaj ** 0003,123000,123 OTHERS,81,37,44,81,37,44,0,0,0
C0116,09,60,0004,Tehsil - Salempur 0004,002000,2 BENGALI,44,31,13,21,12,9,23,19,4
C0116,09,60,0004,Tehsil - Salempur 0004,002004, 1 BENGALI,44,31,13,21,12,9,23,19,4
C0116,09,60,0004,Tehsil - Salempur 0004,005000,5 GUJARATI,11,5,6,1,1,0,10,4,6
C0116,09,60,0004,Tehsil - Salempur 0004,005011, 1 GUJARATI,11,5,6,1,1,0,10,4,6
C0116,09,60,0004,Tehsil - Salempur 0004,006000,6 HINDI,521730,258211,263519,454219,223499,230720,67511,34712,32799
C0116,09,60,0004,Tehsil - Salempur 0004,006045, 1 BHOJPURI,208996,102256,106740,183223,89111,94112,25773,13145,12628
C0116,09,60,0004,Tehsil - Salempur 0004,006060, 2 BUNDELI/BUNDELKHANDI,8,4,4,2,1,1,6,3,3
C0116,09,60,0004,Tehsil - Salempur 0004,006095, 3 GARHWALI,706,379,327,640,342,298,66,37,29
C0116,09,60,0004,Tehsil - Salempur 0004,006118, 4 HINDI,311972,155545,156427,270316,134022,136294,41656,21523,20133
C0116,09,60,0004,Tehsil - Salempur 0004,006148, 5 KHARI BOLI,1,0,1,1,0,1,0,0,0
C0116,09,60,0004,Tehsil - Salempur 0004,006192, 6 MARWARI,5,5,0,5,5,0,0,0,0
C0116,09,60,0004,Tehsil - Salempur 0004,006242, 7 RAJASTHANI,10,4,6,0,0,0,10,4,6
C0116,09,60,0004,Tehsil - Salempur 0004,006251, 8 SADAN/SADRI,31,18,13,31,18,13,0,0,0
C0116,09,60,0004,Tehsil - Salempur 0004,006999,6 Others,1,0,1,1,0,1,0,0,0
C0116,09,60,0004,Tehsil - Salempur 0004,007000,7 KANNADA,1,1,0,1,1,0,0,0,0
C0116,09,60,0004,Tehsil - Salempur 0004,007013, 1 KANNADA,1,1,0,1,1,0,0,0,0
C0116,09,60,0004,Tehsil - Salempur 0004,009000,9 KONKANI,1,0,1,1,0,1,0,0,0
C0116,09,60,0004,Tehsil - Salempur 0004,009010, 1 KONKANI,1,0,1,1,0,1,0,0,0
C0116,09,60,0004,Tehsil - Salempur 0004,011000,11 MALAYALAM,9,2,7,7,0,7,2,2,0
C0116,09,60,0004,Tehsil - Salempur 0004,011013, 1 MALAYALAM,9,2,7,7,0,7,2,2,0
C0116,09,60,0004,Tehsil - Salempur 0004,014000,14 NEPALI,123,64,59,114,58,56,9,6,3
C0116,09,60,0004,Tehsil - Salempur 0004,014009, 1 NEPALI,123,64,59,114,58,56,9,6,3
C0116,09,60,0004,Tehsil - Salempur 0004,016000,16 PUNJABI,82,49,33,77,46,31,5,3,2
C0116,09,60,0004,Tehsil - Salempur 0004,016018, 1 PUNJABI,10,4,6,5,1,4,5,3,2
C0116,09,60,0004,Tehsil - Salempur 0004,016999,16 Others,72,45,27,72,45,27,0,0,0
C0116,09,60,0004,Tehsil - Salempur 0004,017000,17 SANSKRIT,3,1,2,1,0,1,2,1,1
C0116,09,60,0004,Tehsil - Salempur 0004,017002, 1 SANSKRIT,3,1,2,1,0,1,2,1,1
C0116,09,60,0004,Tehsil - Salempur 0004,019000,19 SINDHI,2,0,2,1,0,1,1,0,1
C0116,09,60,0004,Tehsil - Salempur 0004,019013, 1 SINDHI,2,0,2,1,0,1,1,0,1
C0116,09,60,0004,Tehsil - Salempur 0004,020000,20 TAMIL,19,14,5,19,14,5,0,0,0
C0116,09,60,0004,Tehsil - Salempur 0004,020020, 1 TAMIL,19,14,5,19,14,5,0,0,0
C0116,09,60,0004,Tehsil - Salempur 0004,021000,21 TELUGU,4,1,3,0,0,0,4,1,3
C0116,09,60,0004,Tehsil - Salempur 0004,021035, 1 TELUGU,4,1,3,0,0,0,4,1,3
C0116,09,60,0004,Tehsil - Salempur 0004,022000,22 URDU,23747,11677,12070,17517,8503,9014,6230,3174,3056
C0116,09,60,0004,Tehsil - Salempur 0004,022014, 1 URDU,23747,11677,12070,17517,8503,9014,6230,3174,3056
C0116,09,60,0004,Tehsil - Salempur 0004,040000,40 ENGLISH,8,4,4,5,2,3,3,2,1
C0116,09,60,0004,Tehsil - Salempur 0004,040001, 1 ENGLISH,8,4,4,5,2,3,3,2,1
C0116,09,60,0004,Tehsil - Salempur 0004,072000,72 KURUKH/ORAON,88,40,48,88,40,48,0,0,0
C0116,09,60,0004,Tehsil - Salempur 0004,072009, 1 KURUKH/ORAON,88,40,48,88,40,48,0,0,0
C0116,09,60,0004,Tehsil - Salempur 0004,123000,123 OTHERS,50,15,35,50,15,35,0,0,0
C0116,09,60,0005,Tehsil - Bhatpar Rani ** 0005,002000,2 BENGALI,19,12,7,19,12,7,0,0,0
C0116,09,60,0005,Tehsil - Bhatpar Rani ** 0005,002004, 1 BENGALI,19,12,7,19,12,7,0,0,0
C0116,09,60,0005,Tehsil - Bhatpar Rani ** 0005,006000,6 HINDI,381268,186996,194272,368768,180495,188273,12500,6501,5999
C0116,09,60,0005,Tehsil - Bhatpar Rani ** 0005,006045, 1 BHOJPURI,26169,12655,13514,24682,11870,12812,1487,785,702
C0116,09,60,0005,Tehsil - Bhatpar Rani ** 0005,006059, 2 BRAJBHASHA,1,1,0,1,1,0,0,0,0
C0116,09,60,0005,Tehsil - Bhatpar Rani ** 0005,006060, 3 BUNDELI/BUNDELKHANDI,6,3,3,6,3,3,0,0,0
C0116,09,60,0005,Tehsil - Bhatpar Rani ** 0005,006095, 4 GARHWALI,266,148,118,239,133,106,27,15,12
C0116,09,60,0005,Tehsil - Bhatpar Rani ** 0005,006118, 5 HINDI,354825,174189,180636,343839,168488,175351,10986,5701,5285
C0116,09,60,0005,Tehsil - Bhatpar Rani ** 0005,006127, 6 JAUNSARI,1,0,1,1,0,1,0,0,0
C0116,09,60,0005,Tehsil - Bhatpar Rani ** 0005,007000,7 KANNADA,35,19,16,35,19,16,0,0,0
C0116,09,60,0005,Tehsil - Bhatpar Rani ** 0005,007999,7 Others,35,19,16,35,19,16,0,0,0
C0116,09,60,0005,Tehsil - Bhatpar Rani ** 0005,010000,10 MAITHILI,4,3,1,4,3,1,0,0,0
C0116,09,60,0005,Tehsil - Bhatpar Rani ** 0005,010006, 1 MAITHILI,4,3,1,4,3,1,0,0,0
C0116,09,60,0005,Tehsil - Bhatpar Rani ** 0005,013000,13 MARATHI,5,3,2,0,0,0,5,3,2
C0116,09,60,0005,Tehsil - Bhatpar Rani ** 0005,013048, 1 MARATHI,5,3,2,0,0,0,5,3,2
C0116,09,60,0005,Tehsil - Bhatpar Rani ** 0005,014000,14 NEPALI,76,35,41,76,35,41,0,0,0
C0116,09,60,0005,Tehsil - Bhatpar Rani ** 0005,014009, 1 NEPALI,76,35,41,76,35,41,0,0,0
C0116,09,60,0005,Tehsil - Bhatpar Rani ** 0005,017000,17 SANSKRIT,15,8,7,1,0,1,14,8,6
C0116,09,60,0005,Tehsil - Bhatpar Rani ** 0005,017002, 1 SANSKRIT,15,8,7,1,0,1,14,8,6
C0116,09,60,0005,Tehsil - Bhatpar Rani ** 0005,019000,19 SINDHI,1,1,0,1,1,0,0,0,0
C0116,09,60,0005,Tehsil - Bhatpar Rani ** 0005,019013, 1 SINDHI,1,1,0,1,1,0,0,0,0
C0116,09,60,0005,Tehsil - Bhatpar Rani ** 0005,020000,20 TAMIL,2,1,1,2,1,1,0,0,0
C0116,09,60,0005,Tehsil - Bhatpar Rani ** 0005,020020, 1 TAMIL,2,1,1,2,1,1,0,0,0
C0116,09,60,0005,Tehsil - Bhatpar Rani ** 0005,022000,22 URDU,2031,980,1051,2027,978,1049,4,2,2
C0116,09,60,0005,Tehsil - Bhatpar Rani ** 0005,022014, 1 URDU,2031,980,1051,2027,978,1049,4,2,2
C0116,09,60,0005,Tehsil - Bhatpar Rani ** 0005,040000,40 ENGLISH,5,4,1,5,4,1,0,0,0
C0116,09,60,0005,Tehsil - Bhatpar Rani ** 0005,040001, 1 ENGLISH,5,4,1,5,4,1,0,0,0
C0116,09,60,0005,Tehsil - Bhatpar Rani ** 0005,072000,72 KURUKH/ORAON,29,9,20,29,9,20,0,0,0
C0116,09,60,0005,Tehsil - Bhatpar Rani ** 0005,072009, 1 KURUKH/ORAON,29,9,20,29,9,20,0,0,0
C0116,09,60,0005,Tehsil - Bhatpar Rani ** 0005,123000,123 OTHERS,19,10,9,19,10,9,0,0,0
C0116,09,61,0000,District - Azamgarh  61,001000,1 ASSAMESE,6,0,6,6,0,6,0,0,0
C0116,09,61,0000,District - Azamgarh  61,001002, 1 ASSAMESE,6,0,6,6,0,6,0,0,0
C0116,09,61,0000,District - Azamgarh  61,002000,2 BENGALI,211,112,99,152,84,68,59,28,31
C0116,09,61,0000,District - Azamgarh  61,002004, 1 BENGALI,211,112,99,152,84,68,59,28,31
C0116,09,61,0000,District - Azamgarh  61,005000,5 GUJARATI,102,58,44,0,0,0,102,58,44
C0116,09,61,0000,District - Azamgarh  61,005011, 1 GUJARATI,102,58,44,0,0,0,102,58,44
C0116,09,61,0000,District - Azamgarh  61,006000,6 HINDI,3586934,1773239,1813695,3401969,1676522,1725447,184965,96717,88248
C0116,09,61,0000,District - Azamgarh  61,006008, 1 AWADHI,205339,101011,104328,204764,100707,104057,575,304,271
C0116,09,61,0000,District - Azamgarh  61,006045, 2 BHOJPURI,1214943,597615,617328,1177596,578196,599400,37347,19419,17928
C0116,09,61,0000,District - Azamgarh  61,006060, 3 BUNDELI/BUNDELKHANDI,72,38,34,63,34,29,9,4,5
C0116,09,61,0000,District - Azamgarh  61,006072, 4 CHHATTISGARHI,2196,1119,1077,2196,1119,1077,0,0,0
C0116,09,61,0000,District - Azamgarh  61,006095, 5 GARHWALI,3417,1874,1543,3278,1800,1478,139,74,65
C0116,09,61,0000,District - Azamgarh  61,006118, 6 HINDI,2159964,1071098,1088866,2013106,994200,1018906,146858,76898,69960
C0116,09,61,0000,District - Azamgarh  61,006127, 7 JAUNSARI,2,1,1,2,1,1,0,0,0
C0116,09,61,0000,District - Azamgarh  61,006148, 8 KHARI BOLI,44,30,14,36,25,11,8,5,3
C0116,09,61,0000,District - Azamgarh  61,006162, 9 KUMAUNI,1,0,1,1,0,1,0,0,0
C0116,09,61,0000,District - Azamgarh  61,006179, 10 MAGADHI/MAGAHI,4,2,2,4,2,2,0,0,0
C0116,09,61,0000,District - Azamgarh  61,006204, 11 NAGPURIA,128,62,66,128,62,66,0,0,0
C0116,09,61,0000,District - Azamgarh  61,006224, 12 PANCH PARGANIA,35,21,14,35,21,14,0,0,0
C0116,09,61,0000,District - Azamgarh  61,006242, 13 RAJASTHANI,29,13,16,0,0,0,29,13,16
C0116,09,61,0000,District - Azamgarh  61,006251, 14 SADAN/SADRI,19,14,5,19,14,5,0,0,0
C0116,09,61,0000,District - Azamgarh  61,006999,6 Others,741,341,400,741,341,400,0,0,0
C0116,09,61,0000,District - Azamgarh  61,007000,7 KANNADA,2,1,1,2,1,1,0,0,0
C0116,09,61,0000,District - Azamgarh  61,007013, 1 KANNADA,2,1,1,2,1,1,0,0,0
C0116,09,61,0000,District - Azamgarh  61,009000,9 KONKANI,2,2,0,2,2,0,0,0,0
C0116,09,61,0000,District - Azamgarh  61,009011, 1 KUDUBI/KUDUMBI,2,2,0,2,2,0,0,0,0
C0116,09,61,0000,District - Azamgarh  61,010000,10 MAITHILI,12,8,4,4,3,1,8,5,3
C0116,09,61,0000,District - Azamgarh  61,010006, 1 MAITHILI,12,8,4,4,3,1,8,5,3
C0116,09,61,0000,District - Azamgarh  61,011000,11 MALAYALAM,3,1,2,3,1,2,0,0,0
C0116,09,61,0000,District - Azamgarh  61,011013, 1 MALAYALAM,3,1,2,3,1,2,0,0,0
C0116,09,61,0000,District - Azamgarh  61,013000,13 MARATHI,141,71,70,141,71,70,0,0,0
C0116,09,61,0000,District - Azamgarh  61,013048, 1 MARATHI,16,9,7,16,9,7,0,0,0
C0116,09,61,0000,District - Azamgarh  61,013999,13 Others,125,62,63,125,62,63,0,0,0
C0116,09,61,0000,District - Azamgarh  61,014000,14 NEPALI,408,216,192,373,195,178,35,21,14
C0116,09,61,0000,District - Azamgarh  61,014009, 1 NEPALI,408,216,192,373,195,178,35,21,14
C0116,09,61,0000,District - Azamgarh  61,015000,15 ORIYA,55,35,20,52,34,18,3,1,2
C0116,09,61,0000,District - Azamgarh  61,015031, 1 ORIYA,55,35,20,52,34,18,3,1,2
C0116,09,61,0000,District - Azamgarh  61,016000,16 PUNJABI,320,167,153,292,153,139,28,14,14
C0116,09,61,0000,District - Azamgarh  61,016018, 1 PUNJABI,280,142,138,252,128,124,28,14,14
C0116,09,61,0000,District - Azamgarh  61,016999,16 Others,40,25,15,40,25,15,0,0,0
C0116,09,61,0000,District - Azamgarh  61,017000,17 SANSKRIT,5,3,2,4,2,2,1,1,0
C0116,09,61,0000,District - Azamgarh  61,017002, 1 SANSKRIT,5,3,2,4,2,2,1,1,0
C0116,09,61,0000,District - Azamgarh  61,018000,18 SANTALI,31,17,14,31,17,14,0,0,0
C0116,09,61,0000,District - Azamgarh  61,018013, 1 SANTALI,31,17,14,31,17,14,0,0,0
C0116,09,61,0000,District - Azamgarh  61,019000,19 SINDHI,1,1,0,0,0,0,1,1,0
C0116,09,61,0000,District - Azamgarh  61,019013, 1 SINDHI,1,1,0,0,0,0,1,1,0
C0116,09,61,0000,District - Azamgarh  61,020000,20 TAMIL,110,64,46,110,64,46,0,0,0
C0116,09,61,0000,District - Azamgarh  61,020020, 1 TAMIL,110,64,46,110,64,46,0,0,0
C0116,09,61,0000,District - Azamgarh  61,021000,21 TELUGU,17,6,11,11,4,7,6,2,4
C0116,09,61,0000,District - Azamgarh  61,021035, 1 TELUGU,10,4,6,4,2,2,6,2,4
C0116,09,61,0000,District - Azamgarh  61,021999,21 Others,7,2,5,7,2,5,0,0,0
C0116,09,61,0000,District - Azamgarh  61,022000,22 URDU,350851,176088,174763,238840,119105,119735,112011,56983,55028
C0116,09,61,0000,District - Azamgarh  61,022014, 1 URDU,350851,176088,174763,238840,119105,119735,112011,56983,55028
C0116,09,61,0000,District - Azamgarh  61,028000,28 ARABIC/ARBI,276,133,143,244,114,130,32,19,13
C0116,09,61,0000,District - Azamgarh  61,028001, 1 ARABIC/ARBI,276,133,143,244,114,130,32,19,13
C0116,09,61,0000,District - Azamgarh  61,040000,40 ENGLISH,61,29,32,56,26,30,5,3,2
C0116,09,61,0000,District - Azamgarh  61,040001, 1 ENGLISH,61,29,32,56,26,30,5,3,2
C0116,09,61,0000,District - Azamgarh  61,054000,54 KHARIA,5,0,5,5,0,5,0,0,0
C0116,09,61,0000,District - Azamgarh  61,054999,54 Others,5,0,5,5,0,5,0,0,0
C0116,09,61,0000,District - Azamgarh  61,072000,72 KURUKH/ORAON,166,75,91,166,75,91,0,0,0
C0116,09,61,0000,District - Azamgarh  61,072009, 1 KURUKH/ORAON,166,75,91,166,75,91,0,0,0
C0116,09,61,0000,District - Azamgarh  61,090000,90 MUNDA,26,14,12,26,14,12,0,0,0
C0116,09,61,0000,District - Azamgarh  61,090006, 1 MUNDA,26,14,12,26,14,12,0,0,0
C0116,09,61,0000,District - Azamgarh  61,091000,91 MUNDARI,87,39,48,42,21,21,45,18,27
C0116,09,61,0000,District - Azamgarh  61,091004, 1 MUNDARI,87,39,48,42,21,21,45,18,27
C0116,09,61,0000,District - Azamgarh  61,123000,123 OTHERS,84,36,48,84,36,48,0,0,0
C0116,09,61,0001,Tehsil - Burhanpur 0001,001000,1 ASSAMESE,1,0,1,1,0,1,0,0,0
C0116,09,61,0001,Tehsil - Burhanpur 0001,001002, 1 ASSAMESE,1,0,1,1,0,1,0,0,0
C0116,09,61,0001,Tehsil - Burhanpur 0001,002000,2 BENGALI,25,15,10,18,11,7,7,4,3
C0116,09,61,0001,Tehsil - Burhanpur 0001,002004, 1 BENGALI,25,15,10,18,11,7,7,4,3
C0116,09,61,0001,Tehsil - Burhanpur 0001,006000,6 HINDI,399107,195999,203108,388514,190419,198095,10593,5580,5013
C0116,09,61,0001,Tehsil - Burhanpur 0001,006008, 1 AWADHI,1279,621,658,1279,621,658,0,0,0
C0116,09,61,0001,Tehsil - Burhanpur 0001,006045, 2 BHOJPURI,197927,97464,100463,187837,92148,95689,10090,5316,4774
C0116,09,61,0001,Tehsil - Burhanpur 0001,006060, 3 BUNDELI/BUNDELKHANDI,8,3,5,8,3,5,0,0,0
C0116,09,61,0001,Tehsil - Burhanpur 0001,006095, 4 GARHWALI,344,185,159,333,178,155,11,7,4
C0116,09,61,0001,Tehsil - Burhanpur 0001,006118, 5 HINDI,199548,97725,101823,199056,97468,101588,492,257,235
C0116,09,61,0001,Tehsil - Burhanpur 0001,006148, 6 KHARI BOLI,1,1,0,1,1,0,0,0,0
C0116,09,61,0001,Tehsil - Burhanpur 0001,010000,10 MAITHILI,2,1,1,2,1,1,0,0,0
C0116,09,61,0001,Tehsil - Burhanpur 0001,010006, 1 MAITHILI,2,1,1,2,1,1,0,0,0
C0116,09,61,0001,Tehsil - Burhanpur 0001,014000,14 NEPALI,59,30,29,57,30,27,2,0,2
C0116,09,61,0001,Tehsil - Burhanpur 0001,014009, 1 NEPALI,59,30,29,57,30,27,2,0,2
C0116,09,61,0001,Tehsil - Burhanpur 0001,016000,16 PUNJABI,24,10,14,24,10,14,0,0,0
C0116,09,61,0001,Tehsil - Burhanpur 0001,016018, 1 PUNJABI,24,10,14,24,10,14,0,0,0
C0116,09,61,0001,Tehsil - Burhanpur 0001,020000,20 TAMIL,1,1,0,1,1,0,0,0,0
C0116,09,61,0001,Tehsil - Burhanpur 0001,020020, 1 TAMIL,1,1,0,1,1,0,0,0,0
C0116,09,61,0001,Tehsil - Burhanpur 0001,021000,21 TELUGU,4,2,2,4,2,2,0,0,0
C0116,09,61,0001,Tehsil - Burhanpur 0001,021035, 1 TELUGU,4,2,2,4,2,2,0,0,0
C0116,09,61,0001,Tehsil - Burhanpur 0001,022000,22 URDU,2572,1282,1290,1893,935,958,679,347,332
C0116,09,61,0001,Tehsil - Burhanpur 0001,022014, 1 URDU,2572,1282,1290,1893,935,958,679,347,332
C0116,09,61,0001,Tehsil - Burhanpur 0001,028000,28 ARABIC/ARBI,64,28,36,64,28,36,0,0,0
C0116,09,61,0001,Tehsil - Burhanpur 0001,028001, 1 ARABIC/ARBI,64,28,36,64,28,36,0,0,0
C0116,09,61,0001,Tehsil - Burhanpur 0001,123000,123 OTHERS,13,8,5,13,8,5,0,0,0
C0116,09,61,0002,Tehsil - Sagri 0002,001000,1 ASSAMESE,5,0,5,5,0,5,0,0,0
C0116,09,61,0002,Tehsil - Sagri 0002,001002, 1 ASSAMESE,5,0,5,5,0,5,0,0,0
C0116,09,61,0002,Tehsil - Sagri 0002,002000,2 BENGALI,59,35,24,46,28,18,13,7,6
C0116,09,61,0002,Tehsil - Sagri 0002,002004, 1 BENGALI,59,35,24,46,28,18,13,7,6
C0116,09,61,0002,Tehsil - Sagri 0002,006000,6 HINDI,716108,356102,360006,687429,341521,345908,28679,14581,14098
C0116,09,61,0002,Tehsil - Sagri 0002,006008, 1 AWADHI,17,12,5,17,12,5,0,0,0
C0116,09,61,0002,Tehsil - Sagri 0002,006045, 2 BHOJPURI,528122,261140,266982,513260,253660,259600,14862,7480,7382
C0116,09,61,0002,Tehsil - Sagri 0002,006060, 3 BUNDELI/BUNDELKHANDI,28,14,14,24,11,13,4,3,1
C0116,09,61,0002,Tehsil - Sagri 0002,006072, 4 CHHATTISGARHI,298,144,154,298,144,154,0,0,0
C0116,09,61,0002,Tehsil - Sagri 0002,006095, 5 GARHWALI,957,553,404,919,534,385,38,19,19
C0116,09,61,0002,Tehsil - Sagri 0002,006118, 6 HINDI,186249,94017,92232,172479,86940,85539,13770,7077,6693
C0116,09,61,0002,Tehsil - Sagri 0002,006148, 7 KHARI BOLI,24,15,9,19,13,6,5,2,3
C0116,09,61,0002,Tehsil - Sagri 0002,006204, 8 NAGPURIA,128,62,66,128,62,66,0,0,0
C0116,09,61,0002,Tehsil - Sagri 0002,006224, 9 PANCH PARGANIA,35,21,14,35,21,14,0,0,0
C0116,09,61,0002,Tehsil - Sagri 0002,006251, 10 SADAN/SADRI,1,0,1,1,0,1,0,0,0
C0116,09,61,0002,Tehsil - Sagri 0002,006999,6 Others,249,124,125,249,124,125,0,0,0
C0116,09,61,0002,Tehsil - Sagri 0002,007000,7 KANNADA,1,0,1,1,0,1,0,0,0
C0116,09,61,0002,Tehsil - Sagri 0002,007013, 1 KANNADA,1,0,1,1,0,1,0,0,0
C0116,09,61,0002,Tehsil - Sagri 0002,010000,10 MAITHILI,1,1,0,1,1,0,0,0,0
C0116,09,61,0002,Tehsil - Sagri 0002,010006, 1 MAITHILI,1,1,0,1,1,0,0,0,0
C0116,09,61,0002,Tehsil - Sagri 0002,013000,13 MARATHI,51,30,21,51,30,21,0,0,0
C0116,09,61,0002,Tehsil - Sagri 0002,013048, 1 MARATHI,1,0,1,1,0,1,0,0,0
C0116,09,61,0002,Tehsil - Sagri 0002,013999,13 Others,50,30,20,50,30,20,0,0,0
C0116,09,61,0002,Tehsil - Sagri 0002,014000,14 NEPALI,89,43,46,86,41,45,3,2,1
C0116,09,61,0002,Tehsil - Sagri 0002,014009, 1 NEPALI,89,43,46,86,41,45,3,2,1
C0116,09,61,0002,Tehsil - Sagri 0002,015000,15 ORIYA,33,23,10,33,23,10,0,0,0
C0116,09,61,0002,Tehsil - Sagri 0002,015031, 1 ORIYA,33,23,10,33,23,10,0,0,0
C0116,09,61,0002,Tehsil - Sagri 0002,019000,19 SINDHI,1,1,0,0,0,0,1,1,0
C0116,09,61,0002,Tehsil - Sagri 0002,019013, 1 SINDHI,1,1,0,0,0,0,1,1,0
C0116,09,61,0002,Tehsil - Sagri 0002,020000,20 TAMIL,3,2,1,3,2,1,0,0,0
C0116,09,61,0002,Tehsil - Sagri 0002,020020, 1 TAMIL,3,2,1,3,2,1,0,0,0
C0116,09,61,0002,Tehsil - Sagri 0002,021000,21 TELUGU,1,0,1,0,0,0,1,0,1
C0116,09,61,0002,Tehsil - Sagri 0002,021035, 1 TELUGU,1,0,1,0,0,0,1,0,1
C0116,09,61,0002,Tehsil - Sagri 0002,022000,22 URDU,56043,27681,28362,44645,22113,22532,11398,5568,5830
C0116,09,61,0002,Tehsil - Sagri 0002,022014, 1 URDU,56043,27681,28362,44645,22113,22532,11398,5568,5830
C0116,09,61,0002,Tehsil - Sagri 0002,028000,28 ARABIC/ARBI,125,61,64,123,60,63,2,1,1
C0116,09,61,0002,Tehsil - Sagri 0002,028001, 1 ARABIC/ARBI,125,61,64,123,60,63,2,1,1
C0116,09,61,0002,Tehsil - Sagri 0002,040000,40 ENGLISH,3,2,1,3,2,1,0,0,0
C0116,09,61,0002,Tehsil - Sagri 0002,040001, 1 ENGLISH,3,2,1,3,2,1,0,0,0
C0116,09,61,0002,Tehsil - Sagri 0002,054000,54 KHARIA,5,0,5,5,0,5,0,0,0
C0116,09,61,0002,Tehsil - Sagri 0002,054999,54 Others,5,0,5,5,0,5,0,0,0
C0116,09,61,0002,Tehsil - Sagri 0002,072000,72 KURUKH/ORAON,50,30,20,50,30,20,0,0,0
C0116,09,61,0002,Tehsil - Sagri 0002,072009, 1 KURUKH/ORAON,50,30,20,50,30,20,0,0,0
C0116,09,61,0002,Tehsil - Sagri 0002,091000,91 MUNDARI,19,12,7,19,12,7,0,0,0
C0116,09,61,0002,Tehsil - Sagri 0002,091004, 1 MUNDARI,19,12,7,19,12,7,0,0,0
C0116,09,61,0002,Tehsil - Sagri 0002,123000,123 OTHERS,13,4,9,13,4,9,0,0,0
C0116,09,61,0003,Tehsil - Azamgarh 0003,002000,2 BENGALI,56,25,31,26,11,15,30,14,16
C0116,09,61,0003,Tehsil - Azamgarh 0003,002004, 1 BENGALI,56,25,31,26,11,15,30,14,16
C0116,09,61,0003,Tehsil - Azamgarh 0003,005000,5 GUJARATI,18,10,8,0,0,0,18,10,8
C0116,09,61,0003,Tehsil - Azamgarh 0003,005011, 1 GUJARATI,18,10,8,0,0,0,18,10,8
C0116,09,61,0003,Tehsil - Azamgarh 0003,006000,6 HINDI,677238,345336,331902,577322,292406,284916,99916,52930,46986
C0116,09,61,0003,Tehsil - Azamgarh 0003,006008, 1 AWADHI,404,219,185,400,218,182,4,1,3
C0116,09,61,0003,Tehsil - Azamgarh 0003,006045, 2 BHOJPURI,139948,70770,69178,133002,66967,66035,6946,3803,3143
C0116,09,61,0003,Tehsil - Azamgarh 0003,006060, 3 BUNDELI/BUNDELKHANDI,15,8,7,14,8,6,1,0,1
C0116,09,61,0003,Tehsil - Azamgarh 0003,006072, 4 CHHATTISGARHI,73,33,40,73,33,40,0,0,0
C0116,09,61,0003,Tehsil - Azamgarh 0003,006095, 5 GARHWALI,657,352,305,591,316,275,66,36,30
C0116,09,61,0003,Tehsil - Azamgarh 0003,006118, 6 HINDI,536055,273911,262144,443187,224837,218350,92868,49074,43794
C0116,09,61,0003,Tehsil - Azamgarh 0003,006148, 7 KHARI BOLI,5,5,0,2,2,0,3,3,0
C0116,09,61,0003,Tehsil - Azamgarh 0003,006162, 8 KUMAUNI,1,0,1,1,0,1,0,0,0
C0116,09,61,0003,Tehsil - Azamgarh 0003,006179, 9 MAGADHI/MAGAHI,4,2,2,4,2,2,0,0,0
C0116,09,61,0003,Tehsil - Azamgarh 0003,006242, 10 RAJASTHANI,28,13,15,0,0,0,28,13,15
C0116,09,61,0003,Tehsil - Azamgarh 0003,006999,6 Others,48,23,25,48,23,25,0,0,0
C0116,09,61,0003,Tehsil - Azamgarh 0003,007000,7 KANNADA,1,1,0,1,1,0,0,0,0
C0116,09,61,0003,Tehsil - Azamgarh 0003,007013, 1 KANNADA,1,1,0,1,1,0,0,0,0
C0116,09,61,0003,Tehsil - Azamgarh 0003,010000,10 MAITHILI,8,5,3,0,0,0,8,5,3
C0116,09,61,0003,Tehsil - Azamgarh 0003,010006, 1 MAITHILI,8,5,3,0,0,0,8,5,3
C0116,09,61,0003,Tehsil - Azamgarh 0003,011000,11 MALAYALAM,2,1,1,2,1,1,0,0,0
C0116,09,61,0003,Tehsil - Azamgarh 0003,011013, 1 MALAYALAM,2,1,1,2,1,1,0,0,0
C0116,09,61,0003,Tehsil - Azamgarh 0003,013000,13 MARATHI,5,4,1,5,4,1,0,0,0
C0116,09,61,0003,Tehsil - Azamgarh 0003,013048, 1 MARATHI,5,4,1,5,4,1,0,0,0
C0116,09,61,0003,Tehsil - Azamgarh 0003,014000,14 NEPALI,76,52,24,53,35,18,23,17,6
C0116,09,61,0003,Tehsil - Azamgarh 0003,014009, 1 NEPALI,76,52,24,53,35,18,23,17,6
C0116,09,61,0003,Tehsil - Azamgarh 0003,015000,15 ORIYA,7,4,3,4,3,1,3,1,2
C0116,09,61,0003,Tehsil - Azamgarh 0003,015031, 1 ORIYA,7,4,3,4,3,1,3,1,2
C0116,09,61,0003,Tehsil - Azamgarh 0003,016000,16 PUNJABI,104,50,54,83,39,44,21,11,10
C0116,09,61,0003,Tehsil - Azamgarh 0003,016018, 1 PUNJABI,104,50,54,83,39,44,21,11,10
C0116,09,61,0003,Tehsil - Azamgarh 0003,017000,17 SANSKRIT,2,1,1,2,1,1,0,0,0
C0116,09,61,0003,Tehsil - Azamgarh 0003,017002, 1 SANSKRIT,2,1,1,2,1,1,0,0,0
C0116,09,61,0003,Tehsil - Azamgarh 0003,020000,20 TAMIL,4,4,0,4,4,0,0,0,0
C0116,09,61,0003,Tehsil - Azamgarh 0003,020020, 1 TAMIL,4,4,0,4,4,0,0,0,0
C0116,09,61,0003,Tehsil - Azamgarh 0003,021000,21 TELUGU,5,2,3,0,0,0,5,2,3
C0116,09,61,0003,Tehsil - Azamgarh 0003,021035, 1 TELUGU,5,2,3,0,0,0,5,2,3
C0116,09,61,0003,Tehsil - Azamgarh 0003,022000,22 URDU,134265,68493,65772,49470,25037,24433,84795,43456,41339
C0116,09,61,0003,Tehsil - Azamgarh 0003,022014, 1 URDU,134265,68493,65772,49470,25037,24433,84795,43456,41339
C0116,09,61,0003,Tehsil - Azamgarh 0003,028000,28 ARABIC/ARBI,30,18,12,0,0,0,30,18,12
C0116,09,61,0003,Tehsil - Azamgarh 0003,028001, 1 ARABIC/ARBI,30,18,12,0,0,0,30,18,12
C0116,09,61,0003,Tehsil - Azamgarh 0003,040000,40 ENGLISH,12,5,7,7,2,5,5,3,2
C0116,09,61,0003,Tehsil - Azamgarh 0003,040001, 1 ENGLISH,12,5,7,7,2,5,5,3,2
C0116,09,61,0003,Tehsil - Azamgarh 0003,091000,91 MUNDARI,67,26,41,22,8,14,45,18,27
C0116,09,61,0003,Tehsil - Azamgarh 0003,091004, 1 MUNDARI,67,26,41,22,8,14,45,18,27
C0116,09,61,0003,Tehsil - Azamgarh 0003,123000,123 OTHERS,9,5,4,9,5,4,0,0,0
C0116,09,61,0004,Tehsil - Nizamabad ** 0004,002000,2 BENGALI,14,6,8,9,5,4,5,1,4
C0116,09,61,0004,Tehsil - Nizamabad ** 0004,002004, 1 BENGALI,14,6,8,9,5,4,5,1,4
C0116,09,61,0004,Tehsil - Nizamabad ** 0004,005000,5 GUJARATI,84,48,36,0,0,0,84,48,36
C0116,09,61,0004,Tehsil - Nizamabad ** 0004,005011, 1 GUJARATI,84,48,36,0,0,0,84,48,36
C0116,09,61,0004,Tehsil - Nizamabad ** 0004,006000,6 HINDI,431472,213358,218114,415023,204850,210173,16449,8508,7941
C0116,09,61,0004,Tehsil - Nizamabad ** 0004,006008, 1 AWADHI,235,122,113,107,53,54,128,69,59
C0116,09,61,0004,Tehsil - Nizamabad ** 0004,006045, 2 BHOJPURI,78112,38262,39850,77005,37689,39316,1107,573,534
C0116,09,61,0004,Tehsil - Nizamabad ** 0004,006060, 3 BUNDELI/BUNDELKHANDI,4,2,2,4,2,2,0,0,0
C0116,09,61,0004,Tehsil - Nizamabad ** 0004,006072, 4 CHHATTISGARHI,943,476,467,943,476,467,0,0,0
C0116,09,61,0004,Tehsil - Nizamabad ** 0004,006095, 5 GARHWALI,477,270,207,464,264,200,13,6,7
C0116,09,61,0004,Tehsil - Nizamabad ** 0004,006118, 6 HINDI,351392,174086,177306,336191,166226,169965,15201,7860,7341
C0116,09,61,0004,Tehsil - Nizamabad ** 0004,006127, 7 JAUNSARI,1,0,1,1,0,1,0,0,0
C0116,09,61,0004,Tehsil - Nizamabad ** 0004,006999,6 Others,308,140,168,308,140,168,0,0,0
C0116,09,61,0004,Tehsil - Nizamabad ** 0004,013000,13 MARATHI,2,0,2,2,0,2,0,0,0
C0116,09,61,0004,Tehsil - Nizamabad ** 0004,013048, 1 MARATHI,2,0,2,2,0,2,0,0,0
C0116,09,61,0004,Tehsil - Nizamabad ** 0004,014000,14 NEPALI,75,35,40,68,33,35,7,2,5
C0116,09,61,0004,Tehsil - Nizamabad ** 0004,014009, 1 NEPALI,75,35,40,68,33,35,7,2,5
C0116,09,61,0004,Tehsil - Nizamabad ** 0004,016000,16 PUNJABI,64,36,28,64,36,28,0,0,0
C0116,09,61,0004,Tehsil - Nizamabad ** 0004,016018, 1 PUNJABI,26,13,13,26,13,13,0,0,0
C0116,09,61,0004,Tehsil - Nizamabad ** 0004,016999,16 Others,38,23,15,38,23,15,0,0,0
C0116,09,61,0004,Tehsil - Nizamabad ** 0004,020000,20 TAMIL,7,5,2,7,5,2,0,0,0
C0116,09,61,0004,Tehsil - Nizamabad ** 0004,020020, 1 TAMIL,7,5,2,7,5,2,0,0,0
C0116,09,61,0004,Tehsil - Nizamabad ** 0004,022000,22 URDU,77760,38790,38970,66820,33299,33521,10940,5491,5449
C0116,09,61,0004,Tehsil - Nizamabad ** 0004,022014, 1 URDU,77760,38790,38970,66820,33299,33521,10940,5491,5449
C0116,09,61,0004,Tehsil - Nizamabad ** 0004,028000,28 ARABIC/ARBI,21,7,14,21,7,14,0,0,0
C0116,09,61,0004,Tehsil - Nizamabad ** 0004,028001, 1 ARABIC/ARBI,21,7,14,21,7,14,0,0,0
C0116,09,61,0004,Tehsil - Nizamabad ** 0004,040000,40 ENGLISH,5,3,2,5,3,2,0,0,0
C0116,09,61,0004,Tehsil - Nizamabad ** 0004,040001, 1 ENGLISH,5,3,2,5,3,2,0,0,0
C0116,09,61,0004,Tehsil - Nizamabad ** 0004,123000,123 OTHERS,7,3,4,7,3,4,0,0,0
C0116,09,61,0005,Tehsil - Phulpur 0005,002000,2 BENGALI,29,15,14,28,14,14,1,1,0
C0116,09,61,0005,Tehsil - Phulpur 0005,002004, 1 BENGALI,29,15,14,28,14,14,1,1,0
C0116,09,61,0005,Tehsil - Phulpur 0005,006000,6 HINDI,541149,263888,277261,535485,260948,274537,5664,2940,2724
C0116,09,61,0005,Tehsil - Phulpur 0005,006008, 1 AWADHI,202920,99804,103116,202477,99570,102907,443,234,209
C0116,09,61,0005,Tehsil - Phulpur 0005,006045, 2 BHOJPURI,145596,69818,75778,142156,68029,74127,3440,1789,1651
C0116,09,61,0005,Tehsil - Phulpur 0005,006060, 3 BUNDELI/BUNDELKHANDI,5,5,0,5,5,0,0,0,0
C0116,09,61,0005,Tehsil - Phulpur 0005,006072, 4 CHHATTISGARHI,495,254,241,495,254,241,0,0,0
C0116,09,61,0005,Tehsil - Phulpur 0005,006095, 5 GARHWALI,194,117,77,193,116,77,1,1,0
C0116,09,61,0005,Tehsil - Phulpur 0005,006118, 6 HINDI,191781,93821,97960,190001,92905,97096,1780,916,864
C0116,09,61,0005,Tehsil - Phulpur 0005,006148, 7 KHARI BOLI,4,1,3,4,1,3,0,0,0
C0116,09,61,0005,Tehsil - Phulpur 0005,006251, 8 SADAN/SADRI,18,14,4,18,14,4,0,0,0
C0116,09,61,0005,Tehsil - Phulpur 0005,006999,6 Others,136,54,82,136,54,82,0,0,0
C0116,09,61,0005,Tehsil - Phulpur 0005,009000,9 KONKANI,2,2,0,2,2,0,0,0,0
C0116,09,61,0005,Tehsil - Phulpur 0005,009011, 1 KUDUBI/KUDUMBI,2,2,0,2,2,0,0,0,0
C0116,09,61,0005,Tehsil - Phulpur 0005,011000,11 MALAYALAM,1,0,1,1,0,1,0,0,0
C0116,09,61,0005,Tehsil - Phulpur 0005,011013, 1 MALAYALAM,1,0,1,1,0,1,0,0,0
C0116,09,61,0005,Tehsil - Phulpur 0005,013000,13 MARATHI,78,34,44,78,34,44,0,0,0
C0116,09,61,0005,Tehsil - Phulpur 0005,013048, 1 MARATHI,3,2,1,3,2,1,0,0,0
C0116,09,61,0005,Tehsil - Phulpur 0005,013999,13 Others,75,32,43,75,32,43,0,0,0
C0116,09,61,0005,Tehsil - Phulpur 0005,014000,14 NEPALI,47,27,20,47,27,20,0,0,0
C0116,09,61,0005,Tehsil - Phulpur 0005,014009, 1 NEPALI,47,27,20,47,27,20,0,0,0
C0116,09,61,0005,Tehsil - Phulpur 0005,015000,15 ORIYA,2,2,0,2,2,0,0,0,0
C0116,09,61,0005,Tehsil - Phulpur 0005,015031, 1 ORIYA,2,2,0,2,2,0,0,0,0
C0116,09,61,0005,Tehsil - Phulpur 0005,016000,16 PUNJABI,128,71,57,121,68,53,7,3,4
C0116,09,61,0005,Tehsil - Phulpur 0005,016018, 1 PUNJABI,126,69,57,119,66,53,7,3,4
C0116,09,61,0005,Tehsil - Phulpur 0005,016999,16 Others,2,2,0,2,2,0,0,0,0
C0116,09,61,0005,Tehsil - Phulpur 0005,017000,17 SANSKRIT,1,1,0,0,0,0,1,1,0
C0116,09,61,0005,Tehsil - Phulpur 0005,017002, 1 SANSKRIT,1,1,0,0,0,0,1,1,0
C0116,09,61,0005,Tehsil - Phulpur 0005,020000,20 TAMIL,4,2,2,4,2,2,0,0,0
C0116,09,61,0005,Tehsil - Phulpur 0005,020020, 1 TAMIL,4,2,2,4,2,2,0,0,0
C0116,09,61,0005,Tehsil - Phulpur 0005,022000,22 URDU,46976,23163,23813,44357,21860,22497,2619,1303,1316
C0116,09,61,0005,Tehsil - Phulpur 0005,022014, 1 URDU,46976,23163,23813,44357,21860,22497,2619,1303,1316
C0116,09,61,0005,Tehsil - Phulpur 0005,040000,40 ENGLISH,37,16,21,37,16,21,0,0,0
C0116,09,61,0005,Tehsil - Phulpur 0005,040001, 1 ENGLISH,37,16,21,37,16,21,0,0,0
C0116,09,61,0005,Tehsil - Phulpur 0005,072000,72 KURUKH/ORAON,116,45,71,116,45,71,0,0,0
C0116,09,61,0005,Tehsil - Phulpur 0005,072009, 1 KURUKH/ORAON,116,45,71,116,45,71,0,0,0
C0116,09,61,0005,Tehsil - Phulpur 0005,091000,91 MUNDARI,1,1,0,1,1,0,0,0,0
C0116,09,61,0005,Tehsil - Phulpur 0005,091004, 1 MUNDARI,1,1,0,1,1,0,0,0,0
C0116,09,61,0005,Tehsil - Phulpur 0005,123000,123 OTHERS,32,12,20,32,12,20,0,0,0
C0116,09,61,0006,Tehsil - Lalganj 0006,002000,2 BENGALI,12,8,4,9,7,2,3,1,2
C0116,09,61,0006,Tehsil - Lalganj 0006,002004, 1 BENGALI,12,8,4,9,7,2,3,1,2
C0116,09,61,0006,Tehsil - Lalganj 0006,006000,6 HINDI,490911,236602,254309,480142,231101,249041,10769,5501,5268
C0116,09,61,0006,Tehsil - Lalganj 0006,006008, 1 AWADHI,451,217,234,451,217,234,0,0,0
C0116,09,61,0006,Tehsil - Lalganj 0006,006045, 2 BHOJPURI,68353,32703,35650,67841,32430,35411,512,273,239
C0116,09,61,0006,Tehsil - Lalganj 0006,006060, 3 BUNDELI/BUNDELKHANDI,9,4,5,5,3,2,4,1,3
C0116,09,61,0006,Tehsil - Lalganj 0006,006072, 4 CHHATTISGARHI,303,169,134,303,169,134,0,0,0
C0116,09,61,0006,Tehsil - Lalganj 0006,006095, 5 GARHWALI,457,226,231,451,223,228,6,3,3
C0116,09,61,0006,Tehsil - Lalganj 0006,006118, 6 HINDI,421336,203282,218054,411090,198058,213032,10246,5224,5022
C0116,09,61,0006,Tehsil - Lalganj 0006,006127, 7 JAUNSARI,1,1,0,1,1,0,0,0,0
C0116,09,61,0006,Tehsil - Lalganj 0006,006242, 8 RAJASTHANI,1,0,1,0,0,0,1,0,1
C0116,09,61,0006,Tehsil - Lalganj 0006,013000,13 MARATHI,5,3,2,5,3,2,0,0,0
C0116,09,61,0006,Tehsil - Lalganj 0006,013048, 1 MARATHI,5,3,2,5,3,2,0,0,0
C0116,09,61,0006,Tehsil - Lalganj 0006,014000,14 NEPALI,44,23,21,44,23,21,0,0,0
C0116,09,61,0006,Tehsil - Lalganj 0006,014009, 1 NEPALI,44,23,21,44,23,21,0,0,0
C0116,09,61,0006,Tehsil - Lalganj 0006,015000,15 ORIYA,3,1,2,3,1,2,0,0,0
C0116,09,61,0006,Tehsil - Lalganj 0006,015031, 1 ORIYA,3,1,2,3,1,2,0,0,0
C0116,09,61,0006,Tehsil - Lalganj 0006,020000,20 TAMIL,91,50,41,91,50,41,0,0,0
C0116,09,61,0006,Tehsil - Lalganj 0006,020020, 1 TAMIL,91,50,41,91,50,41,0,0,0
C0116,09,61,0006,Tehsil - Lalganj 0006,021000,21 TELUGU,7,2,5,7,2,5,0,0,0
C0116,09,61,0006,Tehsil - Lalganj 0006,021999,21 Others,7,2,5,7,2,5,0,0,0
C0116,09,61,0006,Tehsil - Lalganj 0006,022000,22 URDU,19941,9841,10100,18787,9229,9558,1154,612,542
C0116,09,61,0006,Tehsil - Lalganj 0006,022014, 1 URDU,19941,9841,10100,18787,9229,9558,1154,612,542
C0116,09,61,0006,Tehsil - Lalganj 0006,028000,28 ARABIC/ARBI,36,19,17,36,19,17,0,0,0
C0116,09,61,0006,Tehsil - Lalganj 0006,028001, 1 ARABIC/ARBI,36,19,17,36,19,17,0,0,0
C0116,09,61,0006,Tehsil - Lalganj 0006,040000,40 ENGLISH,2,2,0,2,2,0,0,0,0
C0116,09,61,0006,Tehsil - Lalganj 0006,040001, 1 ENGLISH,2,2,0,2,2,0,0,0,0
C0116,09,61,0007,Tehsil - Mehnagar ** 0007,002000,2 BENGALI,16,8,8,16,8,8,0,0,0
C0116,09,61,0007,Tehsil - Mehnagar ** 0007,002004, 1 BENGALI,16,8,8,16,8,8,0,0,0
C0116,09,61,0007,Tehsil - Mehnagar ** 0007,006000,6 HINDI,330949,161954,168995,318054,155277,162777,12895,6677,6218
C0116,09,61,0007,Tehsil - Mehnagar ** 0007,006008, 1 AWADHI,33,16,17,33,16,17,0,0,0
C0116,09,61,0007,Tehsil - Mehnagar ** 0007,006045, 2 BHOJPURI,56885,27458,29427,56495,27273,29222,390,185,205
C0116,09,61,0007,Tehsil - Mehnagar ** 0007,006060, 3 BUNDELI/BUNDELKHANDI,3,2,1,3,2,1,0,0,0
C0116,09,61,0007,Tehsil - Mehnagar ** 0007,006072, 4 CHHATTISGARHI,84,43,41,84,43,41,0,0,0
C0116,09,61,0007,Tehsil - Mehnagar ** 0007,006095, 5 GARHWALI,331,171,160,327,169,158,4,2,2
C0116,09,61,0007,Tehsil - Mehnagar ** 0007,006118, 6 HINDI,273603,134256,139347,261102,127766,133336,12501,6490,6011
C0116,09,61,0007,Tehsil - Mehnagar ** 0007,006148, 7 KHARI BOLI,10,8,2,10,8,2,0,0,0
C0116,09,61,0007,Tehsil - Mehnagar ** 0007,010000,10 MAITHILI,1,1,0,1,1,0,0,0,0
C0116,09,61,0007,Tehsil - Mehnagar ** 0007,010006, 1 MAITHILI,1,1,0,1,1,0,0,0,0
C0116,09,61,0007,Tehsil - Mehnagar ** 0007,014000,14 NEPALI,18,6,12,18,6,12,0,0,0
C0116,09,61,0007,Tehsil - Mehnagar ** 0007,014009, 1 NEPALI,18,6,12,18,6,12,0,0,0
C0116,09,61,0007,Tehsil - Mehnagar ** 0007,015000,15 ORIYA,10,5,5,10,5,5,0,0,0
C0116,09,61,0007,Tehsil - Mehnagar ** 0007,015031, 1 ORIYA,10,5,5,10,5,5,0,0,0
C0116,09,61,0007,Tehsil - Mehnagar ** 0007,017000,17 SANSKRIT,2,1,1,2,1,1,0,0,0
C0116,09,61,0007,Tehsil - Mehnagar ** 0007,017002, 1 SANSKRIT,2,1,1,2,1,1,0,0,0
C0116,09,61,0007,Tehsil - Mehnagar ** 0007,018000,18 SANTALI,31,17,14,31,17,14,0,0,0
C0116,09,61,0007,Tehsil - Mehnagar ** 0007,018013, 1 SANTALI,31,17,14,31,17,14,0,0,0
C0116,09,61,0007,Tehsil - Mehnagar ** 0007,022000,22 URDU,13294,6838,6456,12868,6632,6236,426,206,220
C0116,09,61,0007,Tehsil - Mehnagar ** 0007,022014, 1 URDU,13294,6838,6456,12868,6632,6236,426,206,220
C0116,09,61,0007,Tehsil - Mehnagar ** 0007,040000,40 ENGLISH,2,1,1,2,1,1,0,0,0
C0116,09,61,0007,Tehsil - Mehnagar ** 0007,040001, 1 ENGLISH,2,1,1,2,1,1,0,0,0
C0116,09,61,0007,Tehsil - Mehnagar ** 0007,090000,90 MUNDA,26,14,12,26,14,12,0,0,0
C0116,09,61,0007,Tehsil - Mehnagar ** 0007,090006, 1 MUNDA,26,14,12,26,14,12,0,0,0
C0116,09,61,0007,Tehsil - Mehnagar ** 0007,123000,123 OTHERS,10,4,6,10,4,6,0,0,0
C0116,09,62,0000,District - Mau  62,001000,1 ASSAMESE,4,2,2,2,0,2,2,2,0
C0116,09,62,0000,District - Mau  62,001002, 1 ASSAMESE,4,2,2,2,0,2,2,2,0
C0116,09,62,0000,District - Mau  62,002000,2 BENGALI,166,112,54,70,43,27,96,69,27
C0116,09,62,0000,District - Mau  62,002004, 1 BENGALI,166,112,54,70,43,27,96,69,27
C0116,09,62,0000,District - Mau  62,005000,5 GUJARATI,105,53,52,1,0,1,104,53,51
C0116,09,62,0000,District - Mau  62,005011, 1 GUJARATI,105,53,52,1,0,1,104,53,51
C0116,09,62,0000,District - Mau  62,006000,6 HINDI,1580059,793927,786132,1420829,710769,710060,159230,83158,76072
C0116,09,62,0000,District - Mau  62,006008, 1 AWADHI,4,2,2,0,0,0,4,2,2
C0116,09,62,0000,District - Mau  62,006045, 2 BHOJPURI,582652,287911,294741,574184,283581,290603,8468,4330,4138
C0116,09,62,0000,District - Mau  62,006059, 3 BRAJBHASHA,4,3,1,0,0,0,4,3,1
C0116,09,62,0000,District - Mau  62,006060, 4 BUNDELI/BUNDELKHANDI,25,13,12,19,9,10,6,4,2
C0116,09,62,0000,District - Mau  62,006072, 5 CHHATTISGARHI,67,33,34,67,33,34,0,0,0
C0116,09,62,0000,District - Mau  62,006095, 6 GARHWALI,1268,668,600,1186,621,565,82,47,35
C0116,09,62,0000,District - Mau  62,006118, 7 HINDI,995857,505209,490648,845218,426451,418767,150639,78758,71881
C0116,09,62,0000,District - Mau  62,006127, 8 JAUNSARI,6,2,4,4,1,3,2,1,1
C0116,09,62,0000,District - Mau  62,006148, 9 KHARI BOLI,7,0,7,7,0,7,0,0,0
C0116,09,62,0000,District - Mau  62,006162, 10 KUMAUNI,2,2,0,0,0,0,2,2,0
C0116,09,62,0000,District - Mau  62,006192, 11 MARWARI,9,5,4,5,5,0,4,0,4
C0116,09,62,0000,District - Mau  62,006195, 12 MEWARI,14,9,5,0,0,0,14,9,5
C0116,09,62,0000,District - Mau  62,006204, 13 NAGPURIA,13,6,7,13,6,7,0,0,0
C0116,09,62,0000,District - Mau  62,006999,6 Others,131,64,67,126,62,64,5,2,3
C0116,09,62,0000,District - Mau  62,011000,11 MALAYALAM,30,14,16,23,12,11,7,2,5
C0116,09,62,0000,District - Mau  62,011013, 1 MALAYALAM,30,14,16,23,12,11,7,2,5
C0116,09,62,0000,District - Mau  62,013000,13 MARATHI,10,6,4,3,1,2,7,5,2
C0116,09,62,0000,District - Mau  62,013048, 1 MARATHI,10,6,4,3,1,2,7,5,2
C0116,09,62,0000,District - Mau  62,014000,14 NEPALI,3968,2199,1769,3305,1825,1480,663,374,289
C0116,09,62,0000,District - Mau  62,014009, 1 NEPALI,3968,2199,1769,3305,1825,1480,663,374,289
C0116,09,62,0000,District - Mau  62,015000,15 ORIYA,70,43,27,64,38,26,6,5,1
C0116,09,62,0000,District - Mau  62,015031, 1 ORIYA,70,43,27,64,38,26,6,5,1
C0116,09,62,0000,District - Mau  62,016000,16 PUNJABI,74,38,36,69,35,34,5,3,2
C0116,09,62,0000,District - Mau  62,016018, 1 PUNJABI,74,38,36,69,35,34,5,3,2
C0116,09,62,0000,District - Mau  62,017000,17 SANSKRIT,10,5,5,10,5,5,0,0,0
C0116,09,62,0000,District - Mau  62,017002, 1 SANSKRIT,10,5,5,10,5,5,0,0,0
C0116,09,62,0000,District - Mau  62,018000,18 SANTALI,4,1,3,4,1,3,0,0,0
C0116,09,62,0000,District - Mau  62,018013, 1 SANTALI,4,1,3,4,1,3,0,0,0
C0116,09,62,0000,District - Mau  62,019000,19 SINDHI,347,174,173,2,2,0,345,172,173
C0116,09,62,0000,District - Mau  62,019013, 1 SINDHI,347,174,173,2,2,0,345,172,173
C0116,09,62,0000,District - Mau  62,020000,20 TAMIL,43,32,11,20,19,1,23,13,10
C0116,09,62,0000,District - Mau  62,020020, 1 TAMIL,43,32,11,20,19,1,23,13,10
C0116,09,62,0000,District - Mau  62,021000,21 TELUGU,1,1,0,0,0,0,1,1,0
C0116,09,62,0000,District - Mau  62,021035, 1 TELUGU,1,1,0,0,0,0,1,1,0
C0116,09,62,0000,District - Mau  62,022000,22 URDU,268671,136696,131975,68836,34631,34205,199835,102065,97770
C0116,09,62,0000,District - Mau  62,022014, 1 URDU,268671,136696,131975,68836,34631,34205,199835,102065,97770
C0116,09,62,0000,District - Mau  62,028000,28 ARABIC/ARBI,59,25,34,47,20,27,12,5,7
C0116,09,62,0000,District - Mau  62,028001, 1 ARABIC/ARBI,59,25,34,47,20,27,12,5,7
C0116,09,62,0000,District - Mau  62,032000,32 BHUMIJ,2,2,0,2,2,0,0,0,0
C0116,09,62,0000,District - Mau  62,032999,32 Others,2,2,0,2,2,0,0,0,0
C0116,09,62,0000,District - Mau  62,040000,40 ENGLISH,116,55,61,111,51,60,5,4,1
C0116,09,62,0000,District - Mau  62,040001, 1 ENGLISH,116,55,61,111,51,60,5,4,1
C0116,09,62,0000,District - Mau  62,072000,72 KURUKH/ORAON,6,3,3,6,3,3,0,0,0
C0116,09,62,0000,District - Mau  62,072009, 1 KURUKH/ORAON,6,3,3,6,3,3,0,0,0
C0116,09,62,0000,District - Mau  62,123000,123 OTHERS,252,135,117,224,119,105,28,16,12
C0116,09,62,0001,Tehsil - Ghosi 0001,001000,1 ASSAMESE,1,0,1,1,0,1,0,0,0
C0116,09,62,0001,Tehsil - Ghosi 0001,001002, 1 ASSAMESE,1,0,1,1,0,1,0,0,0
C0116,09,62,0001,Tehsil - Ghosi 0001,002000,2 BENGALI,14,8,6,11,7,4,3,1,2
C0116,09,62,0001,Tehsil - Ghosi 0001,002004, 1 BENGALI,14,8,6,11,7,4,3,1,2
C0116,09,62,0001,Tehsil - Ghosi 0001,006000,6 HINDI,374384,185895,188489,342324,169354,172970,32060,16541,15519
C0116,09,62,0001,Tehsil - Ghosi 0001,006045, 1 BHOJPURI,203920,100347,103573,201397,99039,102358,2523,1308,1215
C0116,09,62,0001,Tehsil - Ghosi 0001,006060, 2 BUNDELI/BUNDELKHANDI,4,2,2,4,2,2,0,0,0
C0116,09,62,0001,Tehsil - Ghosi 0001,006095, 3 GARHWALI,378,191,187,349,175,174,29,16,13
C0116,09,62,0001,Tehsil - Ghosi 0001,006118, 4 HINDI,170043,85336,84707,140535,70119,70416,29508,15217,14291
C0116,09,62,0001,Tehsil - Ghosi 0001,006127, 5 JAUNSARI,1,0,1,1,0,1,0,0,0
C0116,09,62,0001,Tehsil - Ghosi 0001,006999,6 Others,38,19,19,38,19,19,0,0,0
C0116,09,62,0001,Tehsil - Ghosi 0001,013000,13 MARATHI,1,1,0,1,1,0,0,0,0
C0116,09,62,0001,Tehsil - Ghosi 0001,013048, 1 MARATHI,1,1,0,1,1,0,0,0,0
C0116,09,62,0001,Tehsil - Ghosi 0001,014000,14 NEPALI,571,301,270,409,214,195,162,87,75
C0116,09,62,0001,Tehsil - Ghosi 0001,014009, 1 NEPALI,571,301,270,409,214,195,162,87,75
C0116,09,62,0001,Tehsil - Ghosi 0001,015000,15 ORIYA,14,8,6,14,8,6,0,0,0
C0116,09,62,0001,Tehsil - Ghosi 0001,015031, 1 ORIYA,14,8,6,14,8,6,0,0,0
C0116,09,62,0001,Tehsil - Ghosi 0001,016000,16 PUNJABI,7,4,3,7,4,3,0,0,0
C0116,09,62,0001,Tehsil - Ghosi 0001,016018, 1 PUNJABI,7,4,3,7,4,3,0,0,0
C0116,09,62,0001,Tehsil - Ghosi 0001,020000,20 TAMIL,16,15,1,16,15,1,0,0,0
C0116,09,62,0001,Tehsil - Ghosi 0001,020020, 1 TAMIL,16,15,1,16,15,1,0,0,0
C0116,09,62,0001,Tehsil - Ghosi 0001,022000,22 URDU,27328,14020,13308,8643,4294,4349,18685,9726,8959
C0116,09,62,0001,Tehsil - Ghosi 0001,022014, 1 URDU,27328,14020,13308,8643,4294,4349,18685,9726,8959
C0116,09,62,0001,Tehsil - Ghosi 0001,028000,28 ARABIC/ARBI,1,0,1,0,0,0,1,0,1
C0116,09,62,0001,Tehsil - Ghosi 0001,028001, 1 ARABIC/ARBI,1,0,1,0,0,0,1,0,1
C0116,09,62,0001,Tehsil - Ghosi 0001,040000,40 ENGLISH,5,1,4,5,1,4,0,0,0
C0116,09,62,0001,Tehsil - Ghosi 0001,040001, 1 ENGLISH,5,1,4,5,1,4,0,0,0
C0116,09,62,0001,Tehsil - Ghosi 0001,123000,123 OTHERS,48,25,23,48,25,23,0,0,0
C0116,09,62,0002,Tehsil - Madhuban ** 0002,002000,2 BENGALI,9,7,2,9,7,2,0,0,0
C0116,09,62,0002,Tehsil - Madhuban ** 0002,002004, 1 BENGALI,9,7,2,9,7,2,0,0,0
C0116,09,62,0002,Tehsil - Madhuban ** 0002,005000,5 GUJARATI,1,0,1,1,0,1,0,0,0
C0116,09,62,0002,Tehsil - Madhuban ** 0002,005011, 1 GUJARATI,1,0,1,1,0,1,0,0,0
C0116,09,62,0002,Tehsil - Madhuban ** 0002,006000,6 HINDI,283081,140533,142548,283081,140533,142548,0,0,0
C0116,09,62,0002,Tehsil - Madhuban ** 0002,006045, 1 BHOJPURI,128516,63279,65237,128516,63279,65237,0,0,0
C0116,09,62,0002,Tehsil - Madhuban ** 0002,006060, 2 BUNDELI/BUNDELKHANDI,7,4,3,7,4,3,0,0,0
C0116,09,62,0002,Tehsil - Madhuban ** 0002,006072, 3 CHHATTISGARHI,24,13,11,24,13,11,0,0,0
C0116,09,62,0002,Tehsil - Madhuban ** 0002,006095, 4 GARHWALI,336,172,164,336,172,164,0,0,0
C0116,09,62,0002,Tehsil - Madhuban ** 0002,006118, 5 HINDI,154195,77064,77131,154195,77064,77131,0,0,0
C0116,09,62,0002,Tehsil - Madhuban ** 0002,006999,6 Others,3,1,2,3,1,2,0,0,0
C0116,09,62,0002,Tehsil - Madhuban ** 0002,013000,13 MARATHI,1,0,1,1,0,1,0,0,0
C0116,09,62,0002,Tehsil - Madhuban ** 0002,013048, 1 MARATHI,1,0,1,1,0,1,0,0,0
C0116,09,62,0002,Tehsil - Madhuban ** 0002,014000,14 NEPALI,496,277,219,496,277,219,0,0,0
C0116,09,62,0002,Tehsil - Madhuban ** 0002,014009, 1 NEPALI,496,277,219,496,277,219,0,0,0
C0116,09,62,0002,Tehsil - Madhuban ** 0002,016000,16 PUNJABI,39,16,23,39,16,23,0,0,0
C0116,09,62,0002,Tehsil - Madhuban ** 0002,016018, 1 PUNJABI,39,16,23,39,16,23,0,0,0
C0116,09,62,0002,Tehsil - Madhuban ** 0002,017000,17 SANSKRIT,9,4,5,9,4,5,0,0,0
C0116,09,62,0002,Tehsil - Madhuban ** 0002,017002, 1 SANSKRIT,9,4,5,9,4,5,0,0,0
C0116,09,62,0002,Tehsil - Madhuban ** 0002,019000,19 SINDHI,2,2,0,2,2,0,0,0,0
C0116,09,62,0002,Tehsil - Madhuban ** 0002,019013, 1 SINDHI,2,2,0,2,2,0,0,0,0
C0116,09,62,0002,Tehsil - Madhuban ** 0002,022000,22 URDU,6614,3231,3383,6614,3231,3383,0,0,0
C0116,09,62,0002,Tehsil - Madhuban ** 0002,022014, 1 URDU,6614,3231,3383,6614,3231,3383,0,0,0
C0116,09,62,0002,Tehsil - Madhuban ** 0002,028000,28 ARABIC/ARBI,31,11,20,31,11,20,0,0,0
C0116,09,62,0002,Tehsil - Madhuban ** 0002,028001, 1 ARABIC/ARBI,31,11,20,31,11,20,0,0,0
C0116,09,62,0002,Tehsil - Madhuban ** 0002,040000,40 ENGLISH,4,2,2,4,2,2,0,0,0
C0116,09,62,0002,Tehsil - Madhuban ** 0002,040001, 1 ENGLISH,4,2,2,4,2,2,0,0,0
C0116,09,62,0002,Tehsil - Madhuban ** 0002,123000,123 OTHERS,11,6,5,11,6,5,0,0,0
C0116,09,62,0003,Tehsil - Maunath Bhanjan 0003,001000,1 ASSAMESE,2,2,0,0,0,0,2,2,0
C0116,09,62,0003,Tehsil - Maunath Bhanjan 0003,001002, 1 ASSAMESE,2,2,0,0,0,0,2,2,0
C0116,09,62,0003,Tehsil - Maunath Bhanjan 0003,002000,2 BENGALI,113,80,33,26,14,12,87,66,21
C0116,09,62,0003,Tehsil - Maunath Bhanjan 0003,002004, 1 BENGALI,113,80,33,26,14,12,87,66,21
C0116,09,62,0003,Tehsil - Maunath Bhanjan 0003,005000,5 GUJARATI,104,53,51,0,0,0,104,53,51
C0116,09,62,0003,Tehsil - Maunath Bhanjan 0003,005011, 1 GUJARATI,104,53,51,0,0,0,104,53,51
C0116,09,62,0003,Tehsil - Maunath Bhanjan 0003,006000,6 HINDI,557696,285653,272043,447921,228002,219919,109775,57651,52124
C0116,09,62,0003,Tehsil - Maunath Bhanjan 0003,006045, 1 BHOJPURI,62632,31626,31006,58773,29662,29111,3859,1964,1895
C0116,09,62,0003,Tehsil - Maunath Bhanjan 0003,006059, 2 BRAJBHASHA,4,3,1,0,0,0,4,3,1
C0116,09,62,0003,Tehsil - Maunath Bhanjan 0003,006060, 3 BUNDELI/BUNDELKHANDI,8,5,3,2,1,1,6,4,2
C0116,09,62,0003,Tehsil - Maunath Bhanjan 0003,006095, 4 GARHWALI,245,143,102,214,123,91,31,20,11
C0116,09,62,0003,Tehsil - Maunath Bhanjan 0003,006118, 5 HINDI,494767,253855,240912,388914,198207,190707,105853,55648,50205
C0116,09,62,0003,Tehsil - Maunath Bhanjan 0003,006127, 6 JAUNSARI,5,2,3,3,1,2,2,1,1
C0116,09,62,0003,Tehsil - Maunath Bhanjan 0003,006162, 7 KUMAUNI,2,2,0,0,0,0,2,2,0
C0116,09,62,0003,Tehsil - Maunath Bhanjan 0003,006192, 8 MARWARI,9,5,4,5,5,0,4,0,4
C0116,09,62,0003,Tehsil - Maunath Bhanjan 0003,006195, 9 MEWARI,14,9,5,0,0,0,14,9,5
C0116,09,62,0003,Tehsil - Maunath Bhanjan 0003,006999,6 Others,10,3,7,10,3,7,0,0,0
C0116,09,62,0003,Tehsil - Maunath Bhanjan 0003,011000,11 MALAYALAM,29,14,15,22,12,10,7,2,5
C0116,09,62,0003,Tehsil - Maunath Bhanjan 0003,011013, 1 MALAYALAM,29,14,15,22,12,10,7,2,5
C0116,09,62,0003,Tehsil - Maunath Bhanjan 0003,013000,13 MARATHI,8,5,3,1,0,1,7,5,2
C0116,09,62,0003,Tehsil - Maunath Bhanjan 0003,013048, 1 MARATHI,8,5,3,1,0,1,7,5,2
C0116,09,62,0003,Tehsil - Maunath Bhanjan 0003,014000,14 NEPALI,2197,1220,977,1769,975,794,428,245,183
C0116,09,62,0003,Tehsil - Maunath Bhanjan 0003,014009, 1 NEPALI,2197,1220,977,1769,975,794,428,245,183
C0116,09,62,0003,Tehsil - Maunath Bhanjan 0003,015000,15 ORIYA,8,6,2,2,1,1,6,5,1
C0116,09,62,0003,Tehsil - Maunath Bhanjan 0003,015031, 1 ORIYA,8,6,2,2,1,1,6,5,1
C0116,09,62,0003,Tehsil - Maunath Bhanjan 0003,016000,16 PUNJABI,9,6,3,4,3,1,5,3,2
C0116,09,62,0003,Tehsil - Maunath Bhanjan 0003,016018, 1 PUNJABI,9,6,3,4,3,1,5,3,2
C0116,09,62,0003,Tehsil - Maunath Bhanjan 0003,018000,18 SANTALI,4,1,3,4,1,3,0,0,0
C0116,09,62,0003,Tehsil - Maunath Bhanjan 0003,018013, 1 SANTALI,4,1,3,4,1,3,0,0,0
C0116,09,62,0003,Tehsil - Maunath Bhanjan 0003,019000,19 SINDHI,345,172,173,0,0,0,345,172,173
C0116,09,62,0003,Tehsil - Maunath Bhanjan 0003,019013, 1 SINDHI,345,172,173,0,0,0,345,172,173
C0116,09,62,0003,Tehsil - Maunath Bhanjan 0003,020000,20 TAMIL,27,17,10,4,4,0,23,13,10
C0116,09,62,0003,Tehsil - Maunath Bhanjan 0003,020020, 1 TAMIL,27,17,10,4,4,0,23,13,10
C0116,09,62,0003,Tehsil - Maunath Bhanjan 0003,021000,21 TELUGU,1,1,0,0,0,0,1,1,0
C0116,09,62,0003,Tehsil - Maunath Bhanjan 0003,021035, 1 TELUGU,1,1,0,0,0,0,1,1,0
C0116,09,62,0003,Tehsil - Maunath Bhanjan 0003,022000,22 URDU,179007,91202,87805,22477,11442,11035,156530,79760,76770
C0116,09,62,0003,Tehsil - Maunath Bhanjan 0003,022014, 1 URDU,179007,91202,87805,22477,11442,11035,156530,79760,76770
C0116,09,62,0003,Tehsil - Maunath Bhanjan 0003,028000,28 ARABIC/ARBI,26,14,12,15,9,6,11,5,6
C0116,09,62,0003,Tehsil - Maunath Bhanjan 0003,028001, 1 ARABIC/ARBI,26,14,12,15,9,6,11,5,6
C0116,09,62,0003,Tehsil - Maunath Bhanjan 0003,040000,40 ENGLISH,6,5,1,1,1,0,5,4,1
C0116,09,62,0003,Tehsil - Maunath Bhanjan 0003,040001, 1 ENGLISH,6,5,1,1,1,0,5,4,1
C0116,09,62,0003,Tehsil - Maunath Bhanjan 0003,123000,123 OTHERS,88,48,40,81,45,36,7,3,4
C0116,09,62,0004,Tehsil - Muhammadabad Gohna 0004,001000,1 ASSAMESE,1,0,1,1,0,1,0,0,0
C0116,09,62,0004,Tehsil - Muhammadabad Gohna 0004,001002, 1 ASSAMESE,1,0,1,1,0,1,0,0,0
C0116,09,62,0004,Tehsil - Muhammadabad Gohna 0004,002000,2 BENGALI,30,17,13,24,15,9,6,2,4
C0116,09,62,0004,Tehsil - Muhammadabad Gohna 0004,002004, 1 BENGALI,30,17,13,24,15,9,6,2,4
C0116,09,62,0004,Tehsil - Muhammadabad Gohna 0004,006000,6 HINDI,364898,181846,183052,347503,172880,174623,17395,8966,8429
C0116,09,62,0004,Tehsil - Muhammadabad Gohna 0004,006008, 1 AWADHI,4,2,2,0,0,0,4,2,2
C0116,09,62,0004,Tehsil - Muhammadabad Gohna 0004,006045, 2 BHOJPURI,187584,92659,94925,185498,91601,93897,2086,1058,1028
C0116,09,62,0004,Tehsil - Muhammadabad Gohna 0004,006060, 3 BUNDELI/BUNDELKHANDI,6,2,4,6,2,4,0,0,0
C0116,09,62,0004,Tehsil - Muhammadabad Gohna 0004,006072, 4 CHHATTISGARHI,43,20,23,43,20,23,0,0,0
C0116,09,62,0004,Tehsil - Muhammadabad Gohna 0004,006095, 5 GARHWALI,309,162,147,287,151,136,22,11,11
C0116,09,62,0004,Tehsil - Muhammadabad Gohna 0004,006118, 6 HINDI,176852,88954,87898,161574,81061,80513,15278,7893,7385
C0116,09,62,0004,Tehsil - Muhammadabad Gohna 0004,006148, 7 KHARI BOLI,7,0,7,7,0,7,0,0,0
C0116,09,62,0004,Tehsil - Muhammadabad Gohna 0004,006204, 8 NAGPURIA,13,6,7,13,6,7,0,0,0
C0116,09,62,0004,Tehsil - Muhammadabad Gohna 0004,006999,6 Others,80,41,39,75,39,36,5,2,3
C0116,09,62,0004,Tehsil - Muhammadabad Gohna 0004,011000,11 MALAYALAM,1,0,1,1,0,1,0,0,0
C0116,09,62,0004,Tehsil - Muhammadabad Gohna 0004,011013, 1 MALAYALAM,1,0,1,1,0,1,0,0,0
C0116,09,62,0004,Tehsil - Muhammadabad Gohna 0004,014000,14 NEPALI,704,401,303,631,359,272,73,42,31
C0116,09,62,0004,Tehsil - Muhammadabad Gohna 0004,014009, 1 NEPALI,704,401,303,631,359,272,73,42,31
C0116,09,62,0004,Tehsil - Muhammadabad Gohna 0004,015000,15 ORIYA,48,29,19,48,29,19,0,0,0
C0116,09,62,0004,Tehsil - Muhammadabad Gohna 0004,015031, 1 ORIYA,48,29,19,48,29,19,0,0,0
C0116,09,62,0004,Tehsil - Muhammadabad Gohna 0004,016000,16 PUNJABI,19,12,7,19,12,7,0,0,0
C0116,09,62,0004,Tehsil - Muhammadabad Gohna 0004,016018, 1 PUNJABI,19,12,7,19,12,7,0,0,0
C0116,09,62,0004,Tehsil - Muhammadabad Gohna 0004,017000,17 SANSKRIT,1,1,0,1,1,0,0,0,0
C0116,09,62,0004,Tehsil - Muhammadabad Gohna 0004,017002, 1 SANSKRIT,1,1,0,1,1,0,0,0,0
C0116,09,62,0004,Tehsil - Muhammadabad Gohna 0004,022000,22 URDU,55722,28243,27479,31102,15664,15438,24620,12579,12041
C0116,09,62,0004,Tehsil - Muhammadabad Gohna 0004,022014, 1 URDU,55722,28243,27479,31102,15664,15438,24620,12579,12041
C0116,09,62,0004,Tehsil - Muhammadabad Gohna 0004,028000,28 ARABIC/ARBI,1,0,1,1,0,1,0,0,0
C0116,09,62,0004,Tehsil - Muhammadabad Gohna 0004,028001, 1 ARABIC/ARBI,1,0,1,1,0,1,0,0,0
C0116,09,62,0004,Tehsil - Muhammadabad Gohna 0004,032000,32 BHUMIJ,2,2,0,2,2,0,0,0,0
C0116,09,62,0004,Tehsil - Muhammadabad Gohna 0004,032999,32 Others,2,2,0,2,2,0,0,0,0
C0116,09,62,0004,Tehsil - Muhammadabad Gohna 0004,040000,40 ENGLISH,101,47,54,101,47,54,0,0,0
C0116,09,62,0004,Tehsil - Muhammadabad Gohna 0004,040001, 1 ENGLISH,101,47,54,101,47,54,0,0,0
C0116,09,62,0004,Tehsil - Muhammadabad Gohna 0004,072000,72 KURUKH/ORAON,6,3,3,6,3,3,0,0,0
C0116,09,62,0004,Tehsil - Muhammadabad Gohna 0004,072009, 1 KURUKH/ORAON,6,3,3,6,3,3,0,0,0
C0116,09,62,0004,Tehsil - Muhammadabad Gohna 0004,123000,123 OTHERS,105,56,49,84,43,41,21,13,8
C0116,09,63,0000,District - Ballia  63,002000,2 BENGALI,109,61,48,46,21,25,63,40,23
C0116,09,63,0000,District - Ballia  63,002004, 1 BENGALI,109,61,48,46,21,25,63,40,23
C0116,09,63,0000,District - Ballia  63,005000,5 GUJARATI,7,4,3,0,0,0,7,4,3
C0116,09,63,0000,District - Ballia  63,005011, 1 GUJARATI,7,4,3,0,0,0,7,4,3
C0116,09,63,0000,District - Ballia  63,006000,6 HINDI,2711703,1388047,1323656,2465577,1258930,1206647,246126,129117,117009
C0116,09,63,0000,District - Ballia  63,006008, 1 AWADHI,716,352,364,708,346,362,8,6,2
C0116,09,63,0000,District - Ballia  63,006045, 2 BHOJPURI,1917431,976325,941106,1747633,887770,859863,169798,88555,81243
C0116,09,63,0000,District - Ballia  63,006059, 3 BRAJBHASHA,80,37,43,80,37,43,0,0,0
C0116,09,63,0000,District - Ballia  63,006060, 4 BUNDELI/BUNDELKHANDI,34,15,19,30,13,17,4,2,2
C0116,09,63,0000,District - Ballia  63,006072, 5 CHHATTISGARHI,141,68,73,141,68,73,0,0,0
C0116,09,63,0000,District - Ballia  63,006095, 6 GARHWALI,3516,1977,1539,3096,1742,1354,420,235,185
C0116,09,63,0000,District - Ballia  63,006118, 7 HINDI,789546,409152,380394,713839,368932,344907,75707,40220,35487
C0116,09,63,0000,District - Ballia  63,006127, 8 JAUNSARI,3,1,2,3,1,2,0,0,0
C0116,09,63,0000,District - Ballia  63,006148, 9 KHARI BOLI,193,101,92,4,2,2,189,99,90
C0116,09,63,0000,District - Ballia  63,006162, 10 KUMAUNI,2,1,1,2,1,1,0,0,0
C0116,09,63,0000,District - Ballia  63,006242, 11 RAJASTHANI,1,1,0,1,1,0,0,0,0
C0116,09,63,0000,District - Ballia  63,006999,6 Others,40,17,23,40,17,23,0,0,0
C0116,09,63,0000,District - Ballia  63,009000,9 KONKANI,4,0,4,4,0,4,0,0,0
C0116,09,63,0000,District - Ballia  63,009010, 1 KONKANI,4,0,4,4,0,4,0,0,0
C0116,09,63,0000,District - Ballia  63,010000,10 MAITHILI,143,85,58,128,78,50,15,7,8
C0116,09,63,0000,District - Ballia  63,010006, 1 MAITHILI,143,85,58,128,78,50,15,7,8
C0116,09,63,0000,District - Ballia  63,011000,11 MALAYALAM,2,1,1,0,0,0,2,1,1
C0116,09,63,0000,District - Ballia  63,011013, 1 MALAYALAM,2,1,1,0,0,0,2,1,1
C0116,09,63,0000,District - Ballia  63,013000,13 MARATHI,4,2,2,0,0,0,4,2,2
C0116,09,63,0000,District - Ballia  63,013048, 1 MARATHI,4,2,2,0,0,0,4,2,2
C0116,09,63,0000,District - Ballia  63,014000,14 NEPALI,129,58,71,110,46,64,19,12,7
C0116,09,63,0000,District - Ballia  63,014009, 1 NEPALI,129,58,71,110,46,64,19,12,7
C0116,09,63,0000,District - Ballia  63,015000,15 ORIYA,14,5,9,14,5,9,0,0,0
C0116,09,63,0000,District - Ballia  63,015031, 1 ORIYA,14,5,9,14,5,9,0,0,0
C0116,09,63,0000,District - Ballia  63,016000,16 PUNJABI,517,274,243,422,218,204,95,56,39
C0116,09,63,0000,District - Ballia  63,016018, 1 PUNJABI,517,274,243,422,218,204,95,56,39
C0116,09,63,0000,District - Ballia  63,017000,17 SANSKRIT,26,11,15,25,11,14,1,0,1
C0116,09,63,0000,District - Ballia  63,017002, 1 SANSKRIT,26,11,15,25,11,14,1,0,1
C0116,09,63,0000,District - Ballia  63,019000,19 SINDHI,2,2,0,2,2,0,0,0,0
C0116,09,63,0000,District - Ballia  63,019013, 1 SINDHI,2,2,0,2,2,0,0,0,0
C0116,09,63,0000,District - Ballia  63,020000,20 TAMIL,24,14,10,21,11,10,3,3,0
C0116,09,63,0000,District - Ballia  63,020020, 1 TAMIL,24,14,10,21,11,10,3,3,0
C0116,09,63,0000,District - Ballia  63,021000,21 TELUGU,3,1,2,1,0,1,2,1,1
C0116,09,63,0000,District - Ballia  63,021035, 1 TELUGU,3,1,2,1,0,1,2,1,1
C0116,09,63,0000,District - Ballia  63,022000,22 URDU,48807,25148,23659,25219,12736,12483,23588,12412,11176
C0116,09,63,0000,District - Ballia  63,022014, 1 URDU,48807,25148,23659,25219,12736,12483,23588,12412,11176
C0116,09,63,0000,District - Ballia  63,028000,28 ARABIC/ARBI,4,3,1,4,3,1,0,0,0
C0116,09,63,0000,District - Ballia  63,028001, 1 ARABIC/ARBI,4,3,1,4,3,1,0,0,0
C0116,09,63,0000,District - Ballia  63,040000,40 ENGLISH,18,11,7,5,2,3,13,9,4
C0116,09,63,0000,District - Ballia  63,040001, 1 ENGLISH,18,11,7,5,2,3,13,9,4
C0116,09,63,0000,District - Ballia  63,072000,72 KURUKH/ORAON,5,1,4,0,0,0,5,1,4
C0116,09,63,0000,District - Ballia  63,072009, 1 KURUKH/ORAON,5,1,4,0,0,0,5,1,4
C0116,09,63,0000,District - Ballia  63,115000,115 TRIPURI,1,1,0,0,0,0,1,1,0
C0116,09,63,0000,District - Ballia  63,115006, 1 TRIPURI,1,1,0,0,0,0,1,1,0
C0116,09,63,0000,District - Ballia  63,123000,123 OTHERS,98,45,53,98,45,53,0,0,0
C0116,09,63,0001,Tehsil - Belthara Road ** 0001,002000,2 BENGALI,19,9,10,7,2,5,12,7,5
C0116,09,63,0001,Tehsil - Belthara Road ** 0001,002004, 1 BENGALI,19,9,10,7,2,5,12,7,5
C0116,09,63,0001,Tehsil - Belthara Road ** 0001,006000,6 HINDI,324589,163692,160897,310288,156192,154096,14301,7500,6801
C0116,09,63,0001,Tehsil - Belthara Road ** 0001,006008, 1 AWADHI,618,308,310,618,308,310,0,0,0
C0116,09,63,0001,Tehsil - Belthara Road ** 0001,006045, 2 BHOJPURI,185979,93455,92524,182905,91877,91028,3074,1578,1496
C0116,09,63,0001,Tehsil - Belthara Road ** 0001,006060, 3 BUNDELI/BUNDELKHANDI,4,2,2,1,0,1,3,2,1
C0116,09,63,0001,Tehsil - Belthara Road ** 0001,006095, 4 GARHWALI,566,317,249,553,306,247,13,11,2
C0116,09,63,0001,Tehsil - Belthara Road ** 0001,006118, 5 HINDI,137422,69610,67812,126211,63701,62510,11211,5909,5302
C0116,09,63,0001,Tehsil - Belthara Road ** 0001,011000,11 MALAYALAM,2,1,1,0,0,0,2,1,1
C0116,09,63,0001,Tehsil - Belthara Road ** 0001,011013, 1 MALAYALAM,2,1,1,0,0,0,2,1,1
C0116,09,63,0001,Tehsil - Belthara Road ** 0001,014000,14 NEPALI,9,3,6,9,3,6,0,0,0
C0116,09,63,0001,Tehsil - Belthara Road ** 0001,014009, 1 NEPALI,9,3,6,9,3,6,0,0,0
C0116,09,63,0001,Tehsil - Belthara Road ** 0001,016000,16 PUNJABI,8,4,4,0,0,0,8,4,4
C0116,09,63,0001,Tehsil - Belthara Road ** 0001,016018, 1 PUNJABI,8,4,4,0,0,0,8,4,4
C0116,09,63,0001,Tehsil - Belthara Road ** 0001,017000,17 SANSKRIT,1,1,0,1,1,0,0,0,0
C0116,09,63,0001,Tehsil - Belthara Road ** 0001,017002, 1 SANSKRIT,1,1,0,1,1,0,0,0,0
C0116,09,63,0001,Tehsil - Belthara Road ** 0001,020000,20 TAMIL,4,4,0,1,1,0,3,3,0
C0116,09,63,0001,Tehsil - Belthara Road ** 0001,020020, 1 TAMIL,4,4,0,1,1,0,3,3,0
C0116,09,63,0001,Tehsil - Belthara Road ** 0001,021000,21 TELUGU,2,1,1,0,0,0,2,1,1
C0116,09,63,0001,Tehsil - Belthara Road ** 0001,021035, 1 TELUGU,2,1,1,0,0,0,2,1,1
C0116,09,63,0001,Tehsil - Belthara Road ** 0001,022000,22 URDU,10112,5077,5035,7206,3584,3622,2906,1493,1413
C0116,09,63,0001,Tehsil - Belthara Road ** 0001,022014, 1 URDU,10112,5077,5035,7206,3584,3622,2906,1493,1413
C0116,09,63,0001,Tehsil - Belthara Road ** 0001,040000,40 ENGLISH,1,1,0,1,1,0,0,0,0
C0116,09,63,0001,Tehsil - Belthara Road ** 0001,040001, 1 ENGLISH,1,1,0,1,1,0,0,0,0
C0116,09,63,0001,Tehsil - Belthara Road ** 0001,123000,123 OTHERS,26,12,14,26,12,14,0,0,0
C0116,09,63,0002,Tehsil - Sikanderpur ** 0002,002000,2 BENGALI,4,1,3,4,1,3,0,0,0
C0116,09,63,0002,Tehsil - Sikanderpur ** 0002,002004, 1 BENGALI,4,1,3,4,1,3,0,0,0
C0116,09,63,0002,Tehsil - Sikanderpur ** 0002,006000,6 HINDI,370069,185067,185002,334228,166797,167431,35841,18270,17571
C0116,09,63,0002,Tehsil - Sikanderpur ** 0002,006008, 1 AWADHI,90,38,52,90,38,52,0,0,0
C0116,09,63,0002,Tehsil - Sikanderpur ** 0002,006045, 2 BHOJPURI,344814,172326,172488,312256,155809,156447,32558,16517,16041
C0116,09,63,0002,Tehsil - Sikanderpur ** 0002,006059, 3 BRAJBHASHA,80,37,43,80,37,43,0,0,0
C0116,09,63,0002,Tehsil - Sikanderpur ** 0002,006060, 4 BUNDELI/BUNDELKHANDI,7,1,6,7,1,6,0,0,0
C0116,09,63,0002,Tehsil - Sikanderpur ** 0002,006072, 5 CHHATTISGARHI,88,41,47,88,41,47,0,0,0
C0116,09,63,0002,Tehsil - Sikanderpur ** 0002,006095, 6 GARHWALI,360,207,153,314,177,137,46,30,16
C0116,09,63,0002,Tehsil - Sikanderpur ** 0002,006118, 7 HINDI,24600,12402,12198,21393,10694,10699,3207,1708,1499
C0116,09,63,0002,Tehsil - Sikanderpur ** 0002,006148, 8 KHARI BOLI,30,15,15,0,0,0,30,15,15
C0116,09,63,0002,Tehsil - Sikanderpur ** 0002,014000,14 NEPALI,1,0,1,0,0,0,1,0,1
C0116,09,63,0002,Tehsil - Sikanderpur ** 0002,014009, 1 NEPALI,1,0,1,0,0,0,1,0,1
C0116,09,63,0002,Tehsil - Sikanderpur ** 0002,016000,16 PUNJABI,1,1,0,1,1,0,0,0,0
C0116,09,63,0002,Tehsil - Sikanderpur ** 0002,016018, 1 PUNJABI,1,1,0,1,1,0,0,0,0
C0116,09,63,0002,Tehsil - Sikanderpur ** 0002,017000,17 SANSKRIT,1,0,1,1,0,1,0,0,0
C0116,09,63,0002,Tehsil - Sikanderpur ** 0002,017002, 1 SANSKRIT,1,0,1,1,0,1,0,0,0
C0116,09,63,0002,Tehsil - Sikanderpur ** 0002,019000,19 SINDHI,1,1,0,1,1,0,0,0,0
C0116,09,63,0002,Tehsil - Sikanderpur ** 0002,019013, 1 SINDHI,1,1,0,1,1,0,0,0,0
C0116,09,63,0002,Tehsil - Sikanderpur ** 0002,022000,22 URDU,7219,3794,3425,2491,1209,1282,4728,2585,2143
C0116,09,63,0002,Tehsil - Sikanderpur ** 0002,022014, 1 URDU,7219,3794,3425,2491,1209,1282,4728,2585,2143
C0116,09,63,0002,Tehsil - Sikanderpur ** 0002,040000,40 ENGLISH,1,0,1,1,0,1,0,0,0
C0116,09,63,0002,Tehsil - Sikanderpur ** 0002,040001, 1 ENGLISH,1,0,1,1,0,1,0,0,0
C0116,09,63,0003,Tehsil - Rasra 0003,002000,2 BENGALI,48,31,17,5,3,2,43,28,15
C0116,09,63,0003,Tehsil - Rasra 0003,002004, 1 BENGALI,48,31,17,5,3,2,43,28,15
C0116,09,63,0003,Tehsil - Rasra 0003,005000,5 GUJARATI,7,4,3,0,0,0,7,4,3
C0116,09,63,0003,Tehsil - Rasra 0003,005011, 1 GUJARATI,7,4,3,0,0,0,7,4,3
C0116,09,63,0003,Tehsil - Rasra 0003,006000,6 HINDI,462497,234585,227912,440162,222898,217264,22335,11687,10648
C0116,09,63,0003,Tehsil - Rasra 0003,006045, 1 BHOJPURI,416606,210908,205698,399666,202055,197611,16940,8853,8087
C0116,09,63,0003,Tehsil - Rasra 0003,006060, 2 BUNDELI/BUNDELKHANDI,3,1,2,3,1,2,0,0,0
C0116,09,63,0003,Tehsil - Rasra 0003,006095, 3 GARHWALI,445,280,165,419,270,149,26,10,16
C0116,09,63,0003,Tehsil - Rasra 0003,006118, 4 HINDI,45364,23355,22009,40071,20570,19501,5293,2785,2508
C0116,09,63,0003,Tehsil - Rasra 0003,006127, 5 JAUNSARI,2,1,1,2,1,1,0,0,0
C0116,09,63,0003,Tehsil - Rasra 0003,006148, 6 KHARI BOLI,76,39,37,0,0,0,76,39,37
C0116,09,63,0003,Tehsil - Rasra 0003,006162, 7 KUMAUNI,1,1,0,1,1,0,0,0,0
C0116,09,63,0003,Tehsil - Rasra 0003,009000,9 KONKANI,4,0,4,4,0,4,0,0,0
C0116,09,63,0003,Tehsil - Rasra 0003,009010, 1 KONKANI,4,0,4,4,0,4,0,0,0
C0116,09,63,0003,Tehsil - Rasra 0003,010000,10 MAITHILI,1,1,0,1,1,0,0,0,0
C0116,09,63,0003,Tehsil - Rasra 0003,010006, 1 MAITHILI,1,1,0,1,1,0,0,0,0
C0116,09,63,0003,Tehsil - Rasra 0003,014000,14 NEPALI,40,16,24,35,13,22,5,3,2
C0116,09,63,0003,Tehsil - Rasra 0003,014009, 1 NEPALI,40,16,24,35,13,22,5,3,2
C0116,09,63,0003,Tehsil - Rasra 0003,015000,15 ORIYA,11,4,7,11,4,7,0,0,0
C0116,09,63,0003,Tehsil - Rasra 0003,015031, 1 ORIYA,11,4,7,11,4,7,0,0,0
C0116,09,63,0003,Tehsil - Rasra 0003,016000,16 PUNJABI,409,207,202,391,197,194,18,10,8
C0116,09,63,0003,Tehsil - Rasra 0003,016018, 1 PUNJABI,409,207,202,391,197,194,18,10,8
C0116,09,63,0003,Tehsil - Rasra 0003,020000,20 TAMIL,3,3,0,3,3,0,0,0,0
C0116,09,63,0003,Tehsil - Rasra 0003,020020, 1 TAMIL,3,3,0,3,3,0,0,0,0
C0116,09,63,0003,Tehsil - Rasra 0003,022000,22 URDU,9752,4999,4753,2922,1410,1512,6830,3589,3241
C0116,09,63,0003,Tehsil - Rasra 0003,022014, 1 URDU,9752,4999,4753,2922,1410,1512,6830,3589,3241
C0116,09,63,0003,Tehsil - Rasra 0003,123000,123 OTHERS,1,1,0,1,1,0,0,0,0
C0116,09,63,0004,Tehsil - Ballia 0004,002000,2 BENGALI,27,12,15,19,7,12,8,5,3
C0116,09,63,0004,Tehsil - Ballia 0004,002004, 1 BENGALI,27,12,15,19,7,12,8,5,3
C0116,09,63,0004,Tehsil - Ballia 0004,006000,6 HINDI,802639,417378,385261,688000,356170,331830,114639,61208,53431
C0116,09,63,0004,Tehsil - Ballia 0004,006008, 1 AWADHI,8,6,2,0,0,0,8,6,2
C0116,09,63,0004,Tehsil - Ballia 0004,006045, 2 BHOJPURI,474311,245913,228398,401039,206912,194127,73272,39001,34271
C0116,09,63,0004,Tehsil - Ballia 0004,006060, 3 BUNDELI/BUNDELKHANDI,9,5,4,8,5,3,1,0,1
C0116,09,63,0004,Tehsil - Ballia 0004,006095, 4 GARHWALI,1244,698,546,973,543,430,271,155,116
C0116,09,63,0004,Tehsil - Ballia 0004,006118, 5 HINDI,326978,170709,156269,285974,148708,137266,41004,22001,19003
C0116,09,63,0004,Tehsil - Ballia 0004,006127, 6 JAUNSARI,1,0,1,1,0,1,0,0,0
C0116,09,63,0004,Tehsil - Ballia 0004,006148, 7 KHARI BOLI,87,47,40,4,2,2,83,45,38
C0116,09,63,0004,Tehsil - Ballia 0004,006162, 8 KUMAUNI,1,0,1,1,0,1,0,0,0
C0116,09,63,0004,Tehsil - Ballia 0004,010000,10 MAITHILI,136,79,57,121,72,49,15,7,8
C0116,09,63,0004,Tehsil - Ballia 0004,010006, 1 MAITHILI,136,79,57,121,72,49,15,7,8
C0116,09,63,0004,Tehsil - Ballia 0004,013000,13 MARATHI,4,2,2,0,0,0,4,2,2
C0116,09,63,0004,Tehsil - Ballia 0004,013048, 1 MARATHI,4,2,2,0,0,0,4,2,2
C0116,09,63,0004,Tehsil - Ballia 0004,014000,14 NEPALI,64,28,36,56,23,33,8,5,3
C0116,09,63,0004,Tehsil - Ballia 0004,014009, 1 NEPALI,64,28,36,56,23,33,8,5,3
C0116,09,63,0004,Tehsil - Ballia 0004,016000,16 PUNJABI,97,62,35,30,20,10,67,42,25
C0116,09,63,0004,Tehsil - Ballia 0004,016018, 1 PUNJABI,97,62,35,30,20,10,67,42,25
C0116,09,63,0004,Tehsil - Ballia 0004,017000,17 SANSKRIT,24,10,14,23,10,13,1,0,1
C0116,09,63,0004,Tehsil - Ballia 0004,017002, 1 SANSKRIT,24,10,14,23,10,13,1,0,1
C0116,09,63,0004,Tehsil - Ballia 0004,019000,19 SINDHI,1,1,0,1,1,0,0,0,0
C0116,09,63,0004,Tehsil - Ballia 0004,019013, 1 SINDHI,1,1,0,1,1,0,0,0,0
C0116,09,63,0004,Tehsil - Ballia 0004,020000,20 TAMIL,2,1,1,2,1,1,0,0,0
C0116,09,63,0004,Tehsil - Ballia 0004,020020, 1 TAMIL,2,1,1,2,1,1,0,0,0
C0116,09,63,0004,Tehsil - Ballia 0004,021000,21 TELUGU,1,0,1,1,0,1,0,0,0
C0116,09,63,0004,Tehsil - Ballia 0004,021035, 1 TELUGU,1,0,1,1,0,1,0,0,0
C0116,09,63,0004,Tehsil - Ballia 0004,022000,22 URDU,19039,9901,9138,12102,6261,5841,6937,3640,3297
C0116,09,63,0004,Tehsil - Ballia 0004,022014, 1 URDU,19039,9901,9138,12102,6261,5841,6937,3640,3297
C0116,09,63,0004,Tehsil - Ballia 0004,028000,28 ARABIC/ARBI,4,3,1,4,3,1,0,0,0
C0116,09,63,0004,Tehsil - Ballia 0004,028001, 1 ARABIC/ARBI,4,3,1,4,3,1,0,0,0
C0116,09,63,0004,Tehsil - Ballia 0004,040000,40 ENGLISH,12,7,5,2,1,1,10,6,4
C0116,09,63,0004,Tehsil - Ballia 0004,040001, 1 ENGLISH,12,7,5,2,1,1,10,6,4
C0116,09,63,0004,Tehsil - Ballia 0004,072000,72 KURUKH/ORAON,5,1,4,0,0,0,5,1,4
C0116,09,63,0004,Tehsil - Ballia 0004,072009, 1 KURUKH/ORAON,5,1,4,0,0,0,5,1,4
C0116,09,63,0004,Tehsil - Ballia 0004,123000,123 OTHERS,70,31,39,70,31,39,0,0,0
C0116,09,63,0005,Tehsil - Bansdih 0005,002000,2 BENGALI,3,2,1,3,2,1,0,0,0
C0116,09,63,0005,Tehsil - Bansdih 0005,002004, 1 BENGALI,3,2,1,3,2,1,0,0,0
C0116,09,63,0005,Tehsil - Bansdih 0005,006000,6 HINDI,415052,211877,203175,356042,181425,174617,59010,30452,28558
C0116,09,63,0005,Tehsil - Bansdih 0005,006045, 1 BHOJPURI,318185,162043,156142,274231,139437,134794,43954,22606,21348
C0116,09,63,0005,Tehsil - Bansdih 0005,006060, 2 BUNDELI/BUNDELKHANDI,6,2,4,6,2,4,0,0,0
C0116,09,63,0005,Tehsil - Bansdih 0005,006072, 3 CHHATTISGARHI,53,27,26,53,27,26,0,0,0
C0116,09,63,0005,Tehsil - Bansdih 0005,006095, 4 GARHWALI,510,261,249,446,232,214,64,29,35
C0116,09,63,0005,Tehsil - Bansdih 0005,006118, 5 HINDI,96259,49527,46732,81267,41710,39557,14992,7817,7175
C0116,09,63,0005,Tehsil - Bansdih 0005,006999,6 Others,39,17,22,39,17,22,0,0,0
C0116,09,63,0005,Tehsil - Bansdih 0005,014000,14 NEPALI,12,9,3,7,5,2,5,4,1
C0116,09,63,0005,Tehsil - Bansdih 0005,014009, 1 NEPALI,12,9,3,7,5,2,5,4,1
C0116,09,63,0005,Tehsil - Bansdih 0005,015000,15 ORIYA,3,1,2,3,1,2,0,0,0
C0116,09,63,0005,Tehsil - Bansdih 0005,015031, 1 ORIYA,3,1,2,3,1,2,0,0,0
C0116,09,63,0005,Tehsil - Bansdih 0005,016000,16 PUNJABI,2,0,2,0,0,0,2,0,2
C0116,09,63,0005,Tehsil - Bansdih 0005,016018, 1 PUNJABI,2,0,2,0,0,0,2,0,2
C0116,09,63,0005,Tehsil - Bansdih 0005,020000,20 TAMIL,14,6,8,14,6,8,0,0,0
C0116,09,63,0005,Tehsil - Bansdih 0005,020020, 1 TAMIL,14,6,8,14,6,8,0,0,0
C0116,09,63,0005,Tehsil - Bansdih 0005,022000,22 URDU,2466,1262,1204,279,157,122,2187,1105,1082
C0116,09,63,0005,Tehsil - Bansdih 0005,022014, 1 URDU,2466,1262,1204,279,157,122,2187,1105,1082
C0116,09,63,0005,Tehsil - Bansdih 0005,040000,40 ENGLISH,4,3,1,1,0,1,3,3,0
C0116,09,63,0005,Tehsil - Bansdih 0005,040001, 1 ENGLISH,4,3,1,1,0,1,3,3,0
C0116,09,63,0005,Tehsil - Bansdih 0005,115000,115 TRIPURI,1,1,0,0,0,0,1,1,0
C0116,09,63,0005,Tehsil - Bansdih 0005,115006, 1 TRIPURI,1,1,0,0,0,0,1,1,0
C0116,09,63,0005,Tehsil - Bansdih 0005,123000,123 OTHERS,1,1,0,1,1,0,0,0,0
C0116,09,63,0006,Tehsil - Bairia 0006,002000,2 BENGALI,8,6,2,8,6,2,0,0,0
C0116,09,63,0006,Tehsil - Bairia 0006,002004, 1 BENGALI,8,6,2,8,6,2,0,0,0
C0116,09,63,0006,Tehsil - Bairia 0006,006000,6 HINDI,336857,175448,161409,336857,175448,161409,0,0,0
C0116,09,63,0006,Tehsil - Bairia 0006,006045, 1 BHOJPURI,177536,91680,85856,177536,91680,85856,0,0,0
C0116,09,63,0006,Tehsil - Bairia 0006,006060, 2 BUNDELI/BUNDELKHANDI,5,4,1,5,4,1,0,0,0
C0116,09,63,0006,Tehsil - Bairia 0006,006095, 3 GARHWALI,391,214,177,391,214,177,0,0,0
C0116,09,63,0006,Tehsil - Bairia 0006,006118, 4 HINDI,158923,83549,75374,158923,83549,75374,0,0,0
C0116,09,63,0006,Tehsil - Bairia 0006,006242, 5 RAJASTHANI,1,1,0,1,1,0,0,0,0
C0116,09,63,0006,Tehsil - Bairia 0006,006999,6 Others,1,0,1,1,0,1,0,0,0
C0116,09,63,0006,Tehsil - Bairia 0006,010000,10 MAITHILI,6,5,1,6,5,1,0,0,0
C0116,09,63,0006,Tehsil - Bairia 0006,010006, 1 MAITHILI,6,5,1,6,5,1,0,0,0
C0116,09,63,0006,Tehsil - Bairia 0006,014000,14 NEPALI,3,2,1,3,2,1,0,0,0
C0116,09,63,0006,Tehsil - Bairia 0006,014009, 1 NEPALI,3,2,1,3,2,1,0,0,0
C0116,09,63,0006,Tehsil - Bairia 0006,020000,20 TAMIL,1,0,1,1,0,1,0,0,0
C0116,09,63,0006,Tehsil - Bairia 0006,020020, 1 TAMIL,1,0,1,1,0,1,0,0,0
C0116,09,63,0006,Tehsil - Bairia 0006,022000,22 URDU,219,115,104,219,115,104,0,0,0
C0116,09,63,0006,Tehsil - Bairia 0006,022014, 1 URDU,219,115,104,219,115,104,0,0,0
C0116,09,64,0000,District - Jaunpur  64,002000,2 BENGALI,231,127,104,136,78,58,95,49,46
C0116,09,64,0000,District - Jaunpur  64,002004, 1 BENGALI,231,127,104,136,78,58,95,49,46
C0116,09,64,0000,District - Jaunpur  64,005000,5 GUJARATI,11,7,4,5,3,2,6,4,2
C0116,09,64,0000,District - Jaunpur  64,005011, 1 GUJARATI,10,6,4,4,2,2,6,4,2
C0116,09,64,0000,District - Jaunpur  64,005999,5 Others,1,1,0,1,1,0,0,0,0
C0116,09,64,0000,District - Jaunpur  64,006000,6 HINDI,3772534,1870833,1901701,3551625,1754758,1796867,220909,116075,104834
C0116,09,64,0000,District - Jaunpur  64,006008, 1 AWADHI,119561,58483,61078,119549,58478,61071,12,5,7
C0116,09,64,0000,District - Jaunpur  64,006045, 2 BHOJPURI,113673,54840,58833,113355,54658,58697,318,182,136
C0116,09,64,0000,District - Jaunpur  64,006059, 3 BRAJBHASHA,8,4,4,8,4,4,0,0,0
C0116,09,64,0000,District - Jaunpur  64,006060, 4 BUNDELI/BUNDELKHANDI,108,52,56,94,43,51,14,9,5
C0116,09,64,0000,District - Jaunpur  64,006072, 5 CHHATTISGARHI,756,386,370,756,386,370,0,0,0
C0116,09,64,0000,District - Jaunpur  64,006095, 6 GARHWALI,740,392,348,717,381,336,23,11,12
C0116,09,64,0000,District - Jaunpur  64,006117, 7 HARYANVI,1,1,0,0,0,0,1,1,0
C0116,09,64,0000,District - Jaunpur  64,006118, 8 HINDI,3534341,1755048,1779293,3313841,1639201,1674640,220500,115847,104653
C0116,09,64,0000,District - Jaunpur  64,006127, 9 JAUNSARI,103,43,60,103,43,60,0,0,0
C0116,09,64,0000,District - Jaunpur  64,006148, 10 KHARI BOLI,2787,1341,1446,2746,1321,1425,41,20,21
C0116,09,64,0000,District - Jaunpur  64,006162, 11 KUMAUNI,1,1,0,1,1,0,0,0,0
C0116,09,64,0000,District - Jaunpur  64,006179, 12 MAGADHI/MAGAHI,51,29,22,51,29,22,0,0,0
C0116,09,64,0000,District - Jaunpur  64,006204, 13 NAGPURIA,6,3,3,6,3,3,0,0,0
C0116,09,64,0000,District - Jaunpur  64,006251, 14 SADAN/SADRI,4,1,3,4,1,3,0,0,0
C0116,09,64,0000,District - Jaunpur  64,006999,6 Others,394,209,185,394,209,185,0,0,0
C0116,09,64,0000,District - Jaunpur  64,008000,8 KASHMIRI,9,6,3,5,2,3,4,4,0
C0116,09,64,0000,District - Jaunpur  64,008002, 1 KASHMIRI,9,6,3,5,2,3,4,4,0
C0116,09,64,0000,District - Jaunpur  64,010000,10 MAITHILI,53,33,20,51,32,19,2,1,1
C0116,09,64,0000,District - Jaunpur  64,010006, 1 MAITHILI,53,33,20,51,32,19,2,1,1
C0116,09,64,0000,District - Jaunpur  64,011000,11 MALAYALAM,22,13,9,16,9,7,6,4,2
C0116,09,64,0000,District - Jaunpur  64,011013, 1 MALAYALAM,22,13,9,16,9,7,6,4,2
C0116,09,64,0000,District - Jaunpur  64,013000,13 MARATHI,17,9,8,16,8,8,1,1,0
C0116,09,64,0000,District - Jaunpur  64,013048, 1 MARATHI,6,3,3,5,2,3,1,1,0
C0116,09,64,0000,District - Jaunpur  64,013999,13 Others,11,6,5,11,6,5,0,0,0
C0116,09,64,0000,District - Jaunpur  64,014000,14 NEPALI,249,123,126,215,101,114,34,22,12
C0116,09,64,0000,District - Jaunpur  64,014009, 1 NEPALI,249,123,126,215,101,114,34,22,12
C0116,09,64,0000,District - Jaunpur  64,015000,15 ORIYA,165,85,80,165,85,80,0,0,0
C0116,09,64,0000,District - Jaunpur  64,015031, 1 ORIYA,165,85,80,165,85,80,0,0,0
C0116,09,64,0000,District - Jaunpur  64,016000,16 PUNJABI,426,228,198,49,26,23,377,202,175
C0116,09,64,0000,District - Jaunpur  64,016018, 1 PUNJABI,374,202,172,9,6,3,365,196,169
C0116,09,64,0000,District - Jaunpur  64,016999,16 Others,52,26,26,40,20,20,12,6,6
C0116,09,64,0000,District - Jaunpur  64,017000,17 SANSKRIT,1,1,0,1,1,0,0,0,0
C0116,09,64,0000,District - Jaunpur  64,017002, 1 SANSKRIT,1,1,0,1,1,0,0,0,0
C0116,09,64,0000,District - Jaunpur  64,019000,19 SINDHI,26,12,14,2,1,1,24,11,13
C0116,09,64,0000,District - Jaunpur  64,019013, 1 SINDHI,26,12,14,2,1,1,24,11,13
C0116,09,64,0000,District - Jaunpur  64,020000,20 TAMIL,66,35,31,56,30,26,10,5,5
C0116,09,64,0000,District - Jaunpur  64,020020, 1 TAMIL,66,35,31,56,30,26,10,5,5
C0116,09,64,0000,District - Jaunpur  64,021000,21 TELUGU,26,11,15,18,8,10,8,3,5
C0116,09,64,0000,District - Jaunpur  64,021035, 1 TELUGU,26,11,15,18,8,10,8,3,5
C0116,09,64,0000,District - Jaunpur  64,022000,22 URDU,137219,70069,67150,69295,35168,34127,67924,34901,33023
C0116,09,64,0000,District - Jaunpur  64,022014, 1 URDU,137219,70069,67150,69295,35168,34127,67924,34901,33023
C0116,09,64,0000,District - Jaunpur  64,028000,28 ARABIC/ARBI,20,8,12,20,8,12,0,0,0
C0116,09,64,0000,District - Jaunpur  64,028001, 1 ARABIC/ARBI,20,8,12,20,8,12,0,0,0
C0116,09,64,0000,District - Jaunpur  64,040000,40 ENGLISH,184,89,95,181,88,93,3,1,2
C0116,09,64,0000,District - Jaunpur  64,040001, 1 ENGLISH,184,89,95,181,88,93,3,1,2
C0116,09,64,0000,District - Jaunpur  64,044000,44 GONDI,80,44,36,80,44,36,0,0,0
C0116,09,64,0000,District - Jaunpur  64,044017, 1 MURIA,80,44,36,80,44,36,0,0,0
C0116,09,64,0000,District - Jaunpur  64,065000,65 KONDA,41,22,19,41,22,19,0,0,0
C0116,09,64,0000,District - Jaunpur  64,065999,65 Others,41,22,19,41,22,19,0,0,0
C0116,09,64,0000,District - Jaunpur  64,072000,72 KURUKH/ORAON,77,40,37,77,40,37,0,0,0
C0116,09,64,0000,District - Jaunpur  64,072009, 1 KURUKH/ORAON,77,40,37,77,40,37,0,0,0
C0116,09,64,0000,District - Jaunpur  64,090000,90 MUNDA,53,25,28,53,25,28,0,0,0
C0116,09,64,0000,District - Jaunpur  64,090006, 1 MUNDA,20,8,12,20,8,12,0,0,0
C0116,09,64,0000,District - Jaunpur  64,090999,90 Others,33,17,16,33,17,16,0,0,0
C0116,09,64,0000,District - Jaunpur  64,091000,91 MUNDARI,13,3,10,13,3,10,0,0,0
C0116,09,64,0000,District - Jaunpur  64,091004, 1 MUNDARI,13,3,10,13,3,10,0,0,0
C0116,09,64,0000,District - Jaunpur  64,123000,123 OTHERS,156,80,76,148,79,69,8,1,7
C0116,09,64,0001,Tehsil - Shahganj 0001,002000,2 BENGALI,28,12,16,10,4,6,18,8,10
C0116,09,64,0001,Tehsil - Shahganj 0001,002004, 1 BENGALI,28,12,16,10,4,6,18,8,10
C0116,09,64,0001,Tehsil - Shahganj 0001,005000,5 GUJARATI,2,1,1,2,1,1,0,0,0
C0116,09,64,0001,Tehsil - Shahganj 0001,005011, 1 GUJARATI,1,0,1,1,0,1,0,0,0
C0116,09,64,0001,Tehsil - Shahganj 0001,005999,5 Others,1,1,0,1,1,0,0,0,0
C0116,09,64,0001,Tehsil - Shahganj 0001,006000,6 HINDI,583085,291470,291615,553271,275873,277398,29814,15597,14217
C0116,09,64,0001,Tehsil - Shahganj 0001,006008, 1 AWADHI,9581,4708,4873,9573,4705,4868,8,3,5
C0116,09,64,0001,Tehsil - Shahganj 0001,006045, 2 BHOJPURI,31895,15728,16167,31705,15623,16082,190,105,85
C0116,09,64,0001,Tehsil - Shahganj 0001,006060, 3 BUNDELI/BUNDELKHANDI,10,7,3,8,5,3,2,2,0
C0116,09,64,0001,Tehsil - Shahganj 0001,006072, 4 CHHATTISGARHI,94,46,48,94,46,48,0,0,0
C0116,09,64,0001,Tehsil - Shahganj 0001,006095, 5 GARHWALI,157,89,68,153,88,65,4,1,3
C0116,09,64,0001,Tehsil - Shahganj 0001,006118, 6 HINDI,539707,270081,269626,510100,254596,255504,29607,15485,14122
C0116,09,64,0001,Tehsil - Shahganj 0001,006148, 7 KHARI BOLI,1465,713,752,1462,712,750,3,1,2
C0116,09,64,0001,Tehsil - Shahganj 0001,006179, 8 MAGADHI/MAGAHI,51,29,22,51,29,22,0,0,0
C0116,09,64,0001,Tehsil - Shahganj 0001,006204, 9 NAGPURIA,4,3,1,4,3,1,0,0,0
C0116,09,64,0001,Tehsil - Shahganj 0001,006999,6 Others,121,66,55,121,66,55,0,0,0
C0116,09,64,0001,Tehsil - Shahganj 0001,014000,14 NEPALI,112,56,56,107,51,56,5,5,0
C0116,09,64,0001,Tehsil - Shahganj 0001,014009, 1 NEPALI,112,56,56,107,51,56,5,5,0
C0116,09,64,0001,Tehsil - Shahganj 0001,015000,15 ORIYA,47,20,27,47,20,27,0,0,0
C0116,09,64,0001,Tehsil - Shahganj 0001,015031, 1 ORIYA,47,20,27,47,20,27,0,0,0
C0116,09,64,0001,Tehsil - Shahganj 0001,016000,16 PUNJABI,7,5,2,1,0,1,6,5,1
C0116,09,64,0001,Tehsil - Shahganj 0001,016018, 1 PUNJABI,7,5,2,1,0,1,6,5,1
C0116,09,64,0001,Tehsil - Shahganj 0001,019000,19 SINDHI,24,11,13,0,0,0,24,11,13
C0116,09,64,0001,Tehsil - Shahganj 0001,019013, 1 SINDHI,24,11,13,0,0,0,24,11,13
C0116,09,64,0001,Tehsil - Shahganj 0001,020000,20 TAMIL,7,4,3,4,2,2,3,2,1
C0116,09,64,0001,Tehsil - Shahganj 0001,020020, 1 TAMIL,7,4,3,4,2,2,3,2,1
C0116,09,64,0001,Tehsil - Shahganj 0001,021000,21 TELUGU,6,2,4,0,0,0,6,2,4
C0116,09,64,0001,Tehsil - Shahganj 0001,021035, 1 TELUGU,6,2,4,0,0,0,6,2,4
C0116,09,64,0001,Tehsil - Shahganj 0001,022000,22 URDU,50636,25881,24755,39563,20089,19474,11073,5792,5281
C0116,09,64,0001,Tehsil - Shahganj 0001,022014, 1 URDU,50636,25881,24755,39563,20089,19474,11073,5792,5281
C0116,09,64,0001,Tehsil - Shahganj 0001,028000,28 ARABIC/ARBI,1,0,1,1,0,1,0,0,0
C0116,09,64,0001,Tehsil - Shahganj 0001,028001, 1 ARABIC/ARBI,1,0,1,1,0,1,0,0,0
C0116,09,64,0001,Tehsil - Shahganj 0001,040000,40 ENGLISH,3,2,1,3,2,1,0,0,0
C0116,09,64,0001,Tehsil - Shahganj 0001,040001, 1 ENGLISH,3,2,1,3,2,1,0,0,0
C0116,09,64,0001,Tehsil - Shahganj 0001,072000,72 KURUKH/ORAON,2,2,0,2,2,0,0,0,0
C0116,09,64,0001,Tehsil - Shahganj 0001,072009, 1 KURUKH/ORAON,2,2,0,2,2,0,0,0,0
C0116,09,64,0002,Tehsil - Badlapur 0002,002000,2 BENGALI,16,9,7,16,9,7,0,0,0
C0116,09,64,0002,Tehsil - Badlapur 0002,002004, 1 BENGALI,16,9,7,16,9,7,0,0,0
C0116,09,64,0002,Tehsil - Badlapur 0002,006000,6 HINDI,400035,198471,201564,400035,198471,201564,0,0,0
C0116,09,64,0002,Tehsil - Badlapur 0002,006008, 1 AWADHI,45,23,22,45,23,22,0,0,0
C0116,09,64,0002,Tehsil - Badlapur 0002,006060, 2 BUNDELI/BUNDELKHANDI,25,8,17,25,8,17,0,0,0
C0116,09,64,0002,Tehsil - Badlapur 0002,006072, 3 CHHATTISGARHI,52,29,23,52,29,23,0,0,0
C0116,09,64,0002,Tehsil - Badlapur 0002,006118, 4 HINDI,399778,198342,201436,399778,198342,201436,0,0,0
C0116,09,64,0002,Tehsil - Badlapur 0002,006127, 5 JAUNSARI,1,1,0,1,1,0,0,0,0
C0116,09,64,0002,Tehsil - Badlapur 0002,006162, 6 KUMAUNI,1,1,0,1,1,0,0,0,0
C0116,09,64,0002,Tehsil - Badlapur 0002,006999,6 Others,133,67,66,133,67,66,0,0,0
C0116,09,64,0002,Tehsil - Badlapur 0002,011000,11 MALAYALAM,1,0,1,1,0,1,0,0,0
C0116,09,64,0002,Tehsil - Badlapur 0002,011013, 1 MALAYALAM,1,0,1,1,0,1,0,0,0
C0116,09,64,0002,Tehsil - Badlapur 0002,013000,13 MARATHI,1,1,0,1,1,0,0,0,0
C0116,09,64,0002,Tehsil - Badlapur 0002,013048, 1 MARATHI,1,1,0,1,1,0,0,0,0
C0116,09,64,0002,Tehsil - Badlapur 0002,014000,14 NEPALI,23,10,13,23,10,13,0,0,0
C0116,09,64,0002,Tehsil - Badlapur 0002,014009, 1 NEPALI,23,10,13,23,10,13,0,0,0
C0116,09,64,0002,Tehsil - Badlapur 0002,019000,19 SINDHI,1,0,1,1,0,1,0,0,0
C0116,09,64,0002,Tehsil - Badlapur 0002,019013, 1 SINDHI,1,0,1,1,0,1,0,0,0
C0116,09,64,0002,Tehsil - Badlapur 0002,022000,22 URDU,536,274,262,536,274,262,0,0,0
C0116,09,64,0002,Tehsil - Badlapur 0002,022014, 1 URDU,536,274,262,536,274,262,0,0,0
C0116,09,64,0002,Tehsil - Badlapur 0002,040000,40 ENGLISH,6,5,1,6,5,1,0,0,0
C0116,09,64,0002,Tehsil - Badlapur 0002,040001, 1 ENGLISH,6,5,1,6,5,1,0,0,0
C0116,09,64,0002,Tehsil - Badlapur 0002,065000,65 KONDA,41,22,19,41,22,19,0,0,0
C0116,09,64,0002,Tehsil - Badlapur 0002,065999,65 Others,41,22,19,41,22,19,0,0,0
C0116,09,64,0002,Tehsil - Badlapur 0002,090000,90 MUNDA,13,7,6,13,7,6,0,0,0
C0116,09,64,0002,Tehsil - Badlapur 0002,090006, 1 MUNDA,13,7,6,13,7,6,0,0,0
C0116,09,64,0002,Tehsil - Badlapur 0002,123000,123 OTHERS,10,5,5,10,5,5,0,0,0
C0116,09,64,0003,Tehsil - Machhlishahr 0003,002000,2 BENGALI,60,30,30,39,20,19,21,10,11
C0116,09,64,0003,Tehsil - Machhlishahr 0003,002004, 1 BENGALI,60,30,30,39,20,19,21,10,11
C0116,09,64,0003,Tehsil - Machhlishahr 0003,006000,6 HINDI,612502,302667,309835,585976,288824,297152,26526,13843,12683
C0116,09,64,0003,Tehsil - Machhlishahr 0003,006008, 1 AWADHI,99018,48491,50527,99015,48489,50526,3,2,1
C0116,09,64,0003,Tehsil - Machhlishahr 0003,006045, 2 BHOJPURI,267,116,151,267,116,151,0,0,0
C0116,09,64,0003,Tehsil - Machhlishahr 0003,006060, 3 BUNDELI/BUNDELKHANDI,14,7,7,9,5,4,5,2,3
C0116,09,64,0003,Tehsil - Machhlishahr 0003,006072, 4 CHHATTISGARHI,529,277,252,529,277,252,0,0,0
C0116,09,64,0003,Tehsil - Machhlishahr 0003,006095, 5 GARHWALI,12,5,7,8,4,4,4,1,3
C0116,09,64,0003,Tehsil - Machhlishahr 0003,006118, 6 HINDI,512608,253741,258867,486094,239903,246191,26514,13838,12676
C0116,09,64,0003,Tehsil - Machhlishahr 0003,006999,6 Others,54,30,24,54,30,24,0,0,0
C0116,09,64,0003,Tehsil - Machhlishahr 0003,010000,10 MAITHILI,11,6,5,11,6,5,0,0,0
C0116,09,64,0003,Tehsil - Machhlishahr 0003,010006, 1 MAITHILI,11,6,5,11,6,5,0,0,0
C0116,09,64,0003,Tehsil - Machhlishahr 0003,011000,11 MALAYALAM,4,2,2,4,2,2,0,0,0
C0116,09,64,0003,Tehsil - Machhlishahr 0003,011013, 1 MALAYALAM,4,2,2,4,2,2,0,0,0
C0116,09,64,0003,Tehsil - Machhlishahr 0003,013000,13 MARATHI,1,0,1,1,0,1,0,0,0
C0116,09,64,0003,Tehsil - Machhlishahr 0003,013048, 1 MARATHI,1,0,1,1,0,1,0,0,0
C0116,09,64,0003,Tehsil - Machhlishahr 0003,014000,14 NEPALI,10,7,3,8,7,1,2,0,2
C0116,09,64,0003,Tehsil - Machhlishahr 0003,014009, 1 NEPALI,10,7,3,8,7,1,2,0,2
C0116,09,64,0003,Tehsil - Machhlishahr 0003,015000,15 ORIYA,4,3,1,4,3,1,0,0,0
C0116,09,64,0003,Tehsil - Machhlishahr 0003,015031, 1 ORIYA,4,3,1,4,3,1,0,0,0
C0116,09,64,0003,Tehsil - Machhlishahr 0003,016000,16 PUNJABI,18,9,9,8,6,2,10,3,7
C0116,09,64,0003,Tehsil - Machhlishahr 0003,016018, 1 PUNJABI,18,9,9,8,6,2,10,3,7
C0116,09,64,0003,Tehsil - Machhlishahr 0003,020000,20 TAMIL,4,3,1,3,2,1,1,1,0
C0116,09,64,0003,Tehsil - Machhlishahr 0003,020020, 1 TAMIL,4,3,1,3,2,1,1,1,0
C0116,09,64,0003,Tehsil - Machhlishahr 0003,021000,21 TELUGU,1,1,0,0,0,0,1,1,0
C0116,09,64,0003,Tehsil - Machhlishahr 0003,021035, 1 TELUGU,1,1,0,0,0,0,1,1,0
C0116,09,64,0003,Tehsil - Machhlishahr 0003,022000,22 URDU,19305,9713,9592,5119,2579,2540,14186,7134,7052
C0116,09,64,0003,Tehsil - Machhlishahr 0003,022014, 1 URDU,19305,9713,9592,5119,2579,2540,14186,7134,7052
C0116,09,64,0003,Tehsil - Machhlishahr 0003,040000,40 ENGLISH,3,1,2,2,0,2,1,1,0
C0116,09,64,0003,Tehsil - Machhlishahr 0003,040001, 1 ENGLISH,3,1,2,2,0,2,1,1,0
C0116,09,64,0004,Tehsil - Jaunpur 0004,002000,2 BENGALI,69,40,29,22,15,7,47,25,22
C0116,09,64,0004,Tehsil - Jaunpur 0004,002004, 1 BENGALI,69,40,29,22,15,7,47,25,22
C0116,09,64,0004,Tehsil - Jaunpur 0004,005000,5 GUJARATI,6,4,2,0,0,0,6,4,2
C0116,09,64,0004,Tehsil - Jaunpur 0004,005011, 1 GUJARATI,6,4,2,0,0,0,6,4,2
C0116,09,64,0004,Tehsil - Jaunpur 0004,006000,6 HINDI,874555,440407,434148,741837,370467,371370,132718,69940,62778
C0116,09,64,0004,Tehsil - Jaunpur 0004,006008, 1 AWADHI,2344,1179,1165,2343,1179,1164,1,0,1
C0116,09,64,0004,Tehsil - Jaunpur 0004,006045, 2 BHOJPURI,21719,10641,11078,21592,10565,11027,127,76,51
C0116,09,64,0004,Tehsil - Jaunpur 0004,006060, 3 BUNDELI/BUNDELKHANDI,15,7,8,9,3,6,6,4,2
C0116,09,64,0004,Tehsil - Jaunpur 0004,006095, 4 GARHWALI,151,77,74,136,68,68,15,9,6
C0116,09,64,0004,Tehsil - Jaunpur 0004,006117, 5 HARYANVI,1,1,0,0,0,0,1,1,0
C0116,09,64,0004,Tehsil - Jaunpur 0004,006118, 6 HINDI,848994,427870,421124,716464,358039,358425,132530,69831,62699
C0116,09,64,0004,Tehsil - Jaunpur 0004,006127, 7 JAUNSARI,1,0,1,1,0,1,0,0,0
C0116,09,64,0004,Tehsil - Jaunpur 0004,006148, 8 KHARI BOLI,1322,628,694,1284,609,675,38,19,19
C0116,09,64,0004,Tehsil - Jaunpur 0004,006204, 9 NAGPURIA,2,0,2,2,0,2,0,0,0
C0116,09,64,0004,Tehsil - Jaunpur 0004,006999,6 Others,6,4,2,6,4,2,0,0,0
C0116,09,64,0004,Tehsil - Jaunpur 0004,010000,10 MAITHILI,32,17,15,30,16,14,2,1,1
C0116,09,64,0004,Tehsil - Jaunpur 0004,010006, 1 MAITHILI,32,17,15,30,16,14,2,1,1
C0116,09,64,0004,Tehsil - Jaunpur 0004,011000,11 MALAYALAM,2,1,1,1,0,1,1,1,0
C0116,09,64,0004,Tehsil - Jaunpur 0004,011013, 1 MALAYALAM,2,1,1,1,0,1,1,1,0
C0116,09,64,0004,Tehsil - Jaunpur 0004,013000,13 MARATHI,10,5,5,10,5,5,0,0,0
C0116,09,64,0004,Tehsil - Jaunpur 0004,013999,13 Others,10,5,5,10,5,5,0,0,0
C0116,09,64,0004,Tehsil - Jaunpur 0004,014000,14 NEPALI,62,31,31,38,15,23,24,16,8
C0116,09,64,0004,Tehsil - Jaunpur 0004,014009, 1 NEPALI,62,31,31,38,15,23,24,16,8
C0116,09,64,0004,Tehsil - Jaunpur 0004,015000,15 ORIYA,5,2,3,5,2,3,0,0,0
C0116,09,64,0004,Tehsil - Jaunpur 0004,015031, 1 ORIYA,5,2,3,5,2,3,0,0,0
C0116,09,64,0004,Tehsil - Jaunpur 0004,016000,16 PUNJABI,367,196,171,40,20,20,327,176,151
C0116,09,64,0004,Tehsil - Jaunpur 0004,016018, 1 PUNJABI,315,170,145,0,0,0,315,170,145
C0116,09,64,0004,Tehsil - Jaunpur 0004,016999,16 Others,52,26,26,40,20,20,12,6,6
C0116,09,64,0004,Tehsil - Jaunpur 0004,020000,20 TAMIL,31,17,14,25,15,10,6,2,4
C0116,09,64,0004,Tehsil - Jaunpur 0004,020020, 1 TAMIL,31,17,14,25,15,10,6,2,4
C0116,09,64,0004,Tehsil - Jaunpur 0004,022000,22 URDU,52270,26823,25447,16560,8406,8154,35710,18417,17293
C0116,09,64,0004,Tehsil - Jaunpur 0004,022014, 1 URDU,52270,26823,25447,16560,8406,8154,35710,18417,17293
C0116,09,64,0004,Tehsil - Jaunpur 0004,028000,28 ARABIC/ARBI,10,6,4,10,6,4,0,0,0
C0116,09,64,0004,Tehsil - Jaunpur 0004,028001, 1 ARABIC/ARBI,10,6,4,10,6,4,0,0,0
C0116,09,64,0004,Tehsil - Jaunpur 0004,040000,40 ENGLISH,170,80,90,168,80,88,2,0,2
C0116,09,64,0004,Tehsil - Jaunpur 0004,040001, 1 ENGLISH,170,80,90,168,80,88,2,0,2
C0116,09,64,0004,Tehsil - Jaunpur 0004,044000,44 GONDI,80,44,36,80,44,36,0,0,0
C0116,09,64,0004,Tehsil - Jaunpur 0004,044017, 1 MURIA,80,44,36,80,44,36,0,0,0
C0116,09,64,0004,Tehsil - Jaunpur 0004,072000,72 KURUKH/ORAON,26,16,10,26,16,10,0,0,0
C0116,09,64,0004,Tehsil - Jaunpur 0004,072009, 1 KURUKH/ORAON,26,16,10,26,16,10,0,0,0
C0116,09,64,0004,Tehsil - Jaunpur 0004,123000,123 OTHERS,132,66,66,124,65,59,8,1,7
C0116,09,64,0005,Tehsil - Mariahu 0005,002000,2 BENGALI,23,12,11,18,9,9,5,3,2
C0116,09,64,0005,Tehsil - Mariahu 0005,002004, 1 BENGALI,23,12,11,18,9,9,5,3,2
C0116,09,64,0005,Tehsil - Mariahu 0005,006000,6 HINDI,723879,356110,367769,702433,344842,357591,21446,11268,10178
C0116,09,64,0005,Tehsil - Mariahu 0005,006008, 1 AWADHI,7662,3674,3988,7662,3674,3988,0,0,0
C0116,09,64,0005,Tehsil - Mariahu 0005,006045, 2 BHOJPURI,6936,3423,3513,6936,3423,3513,0,0,0
C0116,09,64,0005,Tehsil - Mariahu 0005,006060, 3 BUNDELI/BUNDELKHANDI,20,9,11,20,9,11,0,0,0
C0116,09,64,0005,Tehsil - Mariahu 0005,006072, 4 CHHATTISGARHI,71,31,40,71,31,40,0,0,0
C0116,09,64,0005,Tehsil - Mariahu 0005,006095, 5 GARHWALI,36,21,15,36,21,15,0,0,0
C0116,09,64,0005,Tehsil - Mariahu 0005,006118, 6 HINDI,709053,348910,360143,687607,337642,349965,21446,11268,10178
C0116,09,64,0005,Tehsil - Mariahu 0005,006127, 7 JAUNSARI,101,42,59,101,42,59,0,0,0
C0116,09,64,0005,Tehsil - Mariahu 0005,010000,10 MAITHILI,10,10,0,10,10,0,0,0,0
C0116,09,64,0005,Tehsil - Mariahu 0005,010006, 1 MAITHILI,10,10,0,10,10,0,0,0,0
C0116,09,64,0005,Tehsil - Mariahu 0005,011000,11 MALAYALAM,12,9,3,7,6,1,5,3,2
C0116,09,64,0005,Tehsil - Mariahu 0005,011013, 1 MALAYALAM,12,9,3,7,6,1,5,3,2
C0116,09,64,0005,Tehsil - Mariahu 0005,013000,13 MARATHI,4,2,2,3,1,2,1,1,0
C0116,09,64,0005,Tehsil - Mariahu 0005,013048, 1 MARATHI,4,2,2,3,1,2,1,1,0
C0116,09,64,0005,Tehsil - Mariahu 0005,014000,14 NEPALI,18,8,10,18,8,10,0,0,0
C0116,09,64,0005,Tehsil - Mariahu 0005,014009, 1 NEPALI,18,8,10,18,8,10,0,0,0
C0116,09,64,0005,Tehsil - Mariahu 0005,016000,16 PUNJABI,34,18,16,0,0,0,34,18,16
C0116,09,64,0005,Tehsil - Mariahu 0005,016018, 1 PUNJABI,34,18,16,0,0,0,34,18,16
C0116,09,64,0005,Tehsil - Mariahu 0005,017000,17 SANSKRIT,1,1,0,1,1,0,0,0,0
C0116,09,64,0005,Tehsil - Mariahu 0005,017002, 1 SANSKRIT,1,1,0,1,1,0,0,0,0
C0116,09,64,0005,Tehsil - Mariahu 0005,019000,19 SINDHI,1,1,0,1,1,0,0,0,0
C0116,09,64,0005,Tehsil - Mariahu 0005,019013, 1 SINDHI,1,1,0,1,1,0,0,0,0
C0116,09,64,0005,Tehsil - Mariahu 0005,020000,20 TAMIL,24,11,13,24,11,13,0,0,0
C0116,09,64,0005,Tehsil - Mariahu 0005,020020, 1 TAMIL,24,11,13,24,11,13,0,0,0
C0116,09,64,0005,Tehsil - Mariahu 0005,021000,21 TELUGU,19,8,11,18,8,10,1,0,1
C0116,09,64,0005,Tehsil - Mariahu 0005,021035, 1 TELUGU,19,8,11,18,8,10,1,0,1
C0116,09,64,0005,Tehsil - Mariahu 0005,022000,22 URDU,9480,4876,4604,4597,2347,2250,4883,2529,2354
C0116,09,64,0005,Tehsil - Mariahu 0005,022014, 1 URDU,9480,4876,4604,4597,2347,2250,4883,2529,2354
C0116,09,64,0005,Tehsil - Mariahu 0005,028000,28 ARABIC/ARBI,9,2,7,9,2,7,0,0,0
C0116,09,64,0005,Tehsil - Mariahu 0005,028001, 1 ARABIC/ARBI,9,2,7,9,2,7,0,0,0
C0116,09,64,0005,Tehsil - Mariahu 0005,040000,40 ENGLISH,1,0,1,1,0,1,0,0,0
C0116,09,64,0005,Tehsil - Mariahu 0005,040001, 1 ENGLISH,1,0,1,1,0,1,0,0,0
C0116,09,64,0005,Tehsil - Mariahu 0005,072000,72 KURUKH/ORAON,49,22,27,49,22,27,0,0,0
C0116,09,64,0005,Tehsil - Mariahu 0005,072009, 1 KURUKH/ORAON,49,22,27,49,22,27,0,0,0
C0116,09,64,0005,Tehsil - Mariahu 0005,123000,123 OTHERS,6,3,3,6,3,3,0,0,0
C0116,09,64,0006,Tehsil - Kerakat 0006,002000,2 BENGALI,35,24,11,31,21,10,4,3,1
C0116,09,64,0006,Tehsil - Kerakat 0006,002004, 1 BENGALI,35,24,11,31,21,10,4,3,1
C0116,09,64,0006,Tehsil - Kerakat 0006,005000,5 GUJARATI,3,2,1,3,2,1,0,0,0
C0116,09,64,0006,Tehsil - Kerakat 0006,005011, 1 GUJARATI,3,2,1,3,2,1,0,0,0
C0116,09,64,0006,Tehsil - Kerakat 0006,006000,6 HINDI,578478,281708,296770,568073,276281,291792,10405,5427,4978
C0116,09,64,0006,Tehsil - Kerakat 0006,006008, 1 AWADHI,911,408,503,911,408,503,0,0,0
C0116,09,64,0006,Tehsil - Kerakat 0006,006045, 2 BHOJPURI,52856,24932,27924,52855,24931,27924,1,1,0
C0116,09,64,0006,Tehsil - Kerakat 0006,006059, 3 BRAJBHASHA,8,4,4,8,4,4,0,0,0
C0116,09,64,0006,Tehsil - Kerakat 0006,006060, 4 BUNDELI/BUNDELKHANDI,24,14,10,23,13,10,1,1,0
C0116,09,64,0006,Tehsil - Kerakat 0006,006072, 5 CHHATTISGARHI,10,3,7,10,3,7,0,0,0
C0116,09,64,0006,Tehsil - Kerakat 0006,006095, 6 GARHWALI,384,200,184,384,200,184,0,0,0
C0116,09,64,0006,Tehsil - Kerakat 0006,006118, 7 HINDI,524201,256104,268097,513798,250679,263119,10403,5425,4978
C0116,09,64,0006,Tehsil - Kerakat 0006,006251, 8 SADAN/SADRI,4,1,3,4,1,3,0,0,0
C0116,09,64,0006,Tehsil - Kerakat 0006,006999,6 Others,80,42,38,80,42,38,0,0,0
C0116,09,64,0006,Tehsil - Kerakat 0006,008000,8 KASHMIRI,9,6,3,5,2,3,4,4,0
C0116,09,64,0006,Tehsil - Kerakat 0006,008002, 1 KASHMIRI,9,6,3,5,2,3,4,4,0
C0116,09,64,0006,Tehsil - Kerakat 0006,011000,11 MALAYALAM,3,1,2,3,1,2,0,0,0
C0116,09,64,0006,Tehsil - Kerakat 0006,011013, 1 MALAYALAM,3,1,2,3,1,2,0,0,0
C0116,09,64,0006,Tehsil - Kerakat 0006,013000,13 MARATHI,1,1,0,1,1,0,0,0,0
C0116,09,64,0006,Tehsil - Kerakat 0006,013999,13 Others,1,1,0,1,1,0,0,0,0
C0116,09,64,0006,Tehsil - Kerakat 0006,014000,14 NEPALI,24,11,13,21,10,11,3,1,2
C0116,09,64,0006,Tehsil - Kerakat 0006,014009, 1 NEPALI,24,11,13,21,10,11,3,1,2
C0116,09,64,0006,Tehsil - Kerakat 0006,015000,15 ORIYA,109,60,49,109,60,49,0,0,0
C0116,09,64,0006,Tehsil - Kerakat 0006,015031, 1 ORIYA,109,60,49,109,60,49,0,0,0
C0116,09,64,0006,Tehsil - Kerakat 0006,022000,22 URDU,4992,2502,2490,2920,1473,1447,2072,1029,1043
C0116,09,64,0006,Tehsil - Kerakat 0006,022014, 1 URDU,4992,2502,2490,2920,1473,1447,2072,1029,1043
C0116,09,64,0006,Tehsil - Kerakat 0006,040000,40 ENGLISH,1,1,0,1,1,0,0,0,0
C0116,09,64,0006,Tehsil - Kerakat 0006,040001, 1 ENGLISH,1,1,0,1,1,0,0,0,0
C0116,09,64,0006,Tehsil - Kerakat 0006,090000,90 MUNDA,40,18,22,40,18,22,0,0,0
C0116,09,64,0006,Tehsil - Kerakat 0006,090006, 1 MUNDA,7,1,6,7,1,6,0,0,0
C0116,09,64,0006,Tehsil - Kerakat 0006,090999,90 Others,33,17,16,33,17,16,0,0,0
C0116,09,64,0006,Tehsil - Kerakat 0006,091000,91 MUNDARI,13,3,10,13,3,10,0,0,0
C0116,09,64,0006,Tehsil - Kerakat 0006,091004, 1 MUNDARI,13,3,10,13,3,10,0,0,0
C0116,09,64,0006,Tehsil - Kerakat 0006,123000,123 OTHERS,8,6,2,8,6,2,0,0,0
C0116,09,65,0000,District - Ghazipur  65,001000,1 ASSAMESE,4,0,4,4,0,4,0,0,0
C0116,09,65,0000,District - Ghazipur  65,001002, 1 ASSAMESE,4,0,4,4,0,4,0,0,0
C0116,09,65,0000,District - Ghazipur  65,002000,2 BENGALI,279,133,146,141,69,72,138,64,74
C0116,09,65,0000,District - Ghazipur  65,002004, 1 BENGALI,279,133,146,141,69,72,138,64,74
C0116,09,65,0000,District - Ghazipur  65,005000,5 GUJARATI,42,15,27,31,10,21,11,5,6
C0116,09,65,0000,District - Ghazipur  65,005011, 1 GUJARATI,11,5,6,0,0,0,11,5,6
C0116,09,65,0000,District - Ghazipur  65,005999,5 Others,31,10,21,31,10,21,0,0,0
C0116,09,65,0000,District - Ghazipur  65,006000,6 HINDI,2914209,1474270,1439939,2724683,1374926,1349757,189526,99344,90182
C0116,09,65,0000,District - Ghazipur  65,006008, 1 AWADHI,191,88,103,187,86,101,4,2,2
C0116,09,65,0000,District - Ghazipur  65,006045, 2 BHOJPURI,1665356,841465,823891,1620136,817921,802215,45220,23544,21676
C0116,09,65,0000,District - Ghazipur  65,006060, 3 BUNDELI/BUNDELKHANDI,38,23,15,27,16,11,11,7,4
C0116,09,65,0000,District - Ghazipur  65,006095, 4 GARHWALI,2356,1348,1008,2257,1296,961,99,52,47
C0116,09,65,0000,District - Ghazipur  65,006117, 5 HARYANVI,8,4,4,8,4,4,0,0,0
C0116,09,65,0000,District - Ghazipur  65,006118, 6 HINDI,1245947,631184,614763,1101847,555493,546354,144100,75691,68409
C0116,09,65,0000,District - Ghazipur  65,006127, 7 JAUNSARI,7,4,3,6,3,3,1,1,0
C0116,09,65,0000,District - Ghazipur  65,006148, 8 KHARI BOLI,73,40,33,1,1,0,72,39,33
C0116,09,65,0000,District - Ghazipur  65,006162, 9 KUMAUNI,8,3,5,4,1,3,4,2,2
C0116,09,65,0000,District - Ghazipur  65,006192, 10 MARWARI,12,5,7,0,0,0,12,5,7
C0116,09,65,0000,District - Ghazipur  65,006204, 11 NAGPURIA,17,9,8,17,9,8,0,0,0
C0116,09,65,0000,District - Ghazipur  65,006242, 12 RAJASTHANI,7,3,4,6,2,4,1,1,0
C0116,09,65,0000,District - Ghazipur  65,006251, 13 SADAN/SADRI,51,19,32,51,19,32,0,0,0
C0116,09,65,0000,District - Ghazipur  65,006999,6 Others,138,75,63,136,75,61,2,0,2
C0116,09,65,0000,District - Ghazipur  65,009000,9 KONKANI,54,29,25,54,29,25,0,0,0
C0116,09,65,0000,District - Ghazipur  65,009010, 1 KONKANI,54,29,25,54,29,25,0,0,0
C0116,09,65,0000,District - Ghazipur  65,010000,10 MAITHILI,22,13,9,14,8,6,8,5,3
C0116,09,65,0000,District - Ghazipur  65,010006, 1 MAITHILI,22,13,9,14,8,6,8,5,3
C0116,09,65,0000,District - Ghazipur  65,011000,11 MALAYALAM,4,1,3,0,0,0,4,1,3
C0116,09,65,0000,District - Ghazipur  65,011013, 1 MALAYALAM,4,1,3,0,0,0,4,1,3
C0116,09,65,0000,District - Ghazipur  65,013000,13 MARATHI,128,72,56,94,49,45,34,23,11
C0116,09,65,0000,District - Ghazipur  65,013048, 1 MARATHI,35,23,12,1,0,1,34,23,11
C0116,09,65,0000,District - Ghazipur  65,013999,13 Others,93,49,44,93,49,44,0,0,0
C0116,09,65,0000,District - Ghazipur  65,014000,14 NEPALI,10239,5119,5120,8734,4328,4406,1505,791,714
C0116,09,65,0000,District - Ghazipur  65,014009, 1 NEPALI,10239,5119,5120,8734,4328,4406,1505,791,714
C0116,09,65,0000,District - Ghazipur  65,015000,15 ORIYA,23,16,7,17,13,4,6,3,3
C0116,09,65,0000,District - Ghazipur  65,015031, 1 ORIYA,23,16,7,17,13,4,6,3,3
C0116,09,65,0000,District - Ghazipur  65,016000,16 PUNJABI,416,222,194,192,100,92,224,122,102
C0116,09,65,0000,District - Ghazipur  65,016018, 1 PUNJABI,402,216,186,186,98,88,216,118,98
C0116,09,65,0000,District - Ghazipur  65,016999,16 Others,14,6,8,6,2,4,8,4,4
C0116,09,65,0000,District - Ghazipur  65,017000,17 SANSKRIT,20,7,13,19,6,13,1,1,0
C0116,09,65,0000,District - Ghazipur  65,017002, 1 SANSKRIT,20,7,13,19,6,13,1,1,0
C0116,09,65,0000,District - Ghazipur  65,018000,18 SANTALI,79,36,43,76,36,40,3,0,3
C0116,09,65,0000,District - Ghazipur  65,018013, 1 SANTALI,79,36,43,76,36,40,3,0,3
C0116,09,65,0000,District - Ghazipur  65,019000,19 SINDHI,2,2,0,1,1,0,1,1,0
C0116,09,65,0000,District - Ghazipur  65,019013, 1 SINDHI,2,2,0,1,1,0,1,1,0
C0116,09,65,0000,District - Ghazipur  65,020000,20 TAMIL,337,180,157,301,162,139,36,18,18
C0116,09,65,0000,District - Ghazipur  65,020020, 1 TAMIL,337,180,157,301,162,139,36,18,18
C0116,09,65,0000,District - Ghazipur  65,021000,21 TELUGU,1,1,0,1,1,0,0,0,0
C0116,09,65,0000,District - Ghazipur  65,021999,21 Others,1,1,0,1,1,0,0,0,0
C0116,09,65,0000,District - Ghazipur  65,022000,22 URDU,110522,56406,54116,68773,34700,34073,41749,21706,20043
C0116,09,65,0000,District - Ghazipur  65,022014, 1 URDU,110522,56406,54116,68773,34700,34073,41749,21706,20043
C0116,09,65,0000,District - Ghazipur  65,028000,28 ARABIC/ARBI,177,91,86,64,33,31,113,58,55
C0116,09,65,0000,District - Ghazipur  65,028001, 1 ARABIC/ARBI,177,91,86,64,33,31,113,58,55
C0116,09,65,0000,District - Ghazipur  65,040000,40 ENGLISH,204,105,99,194,100,94,10,5,5
C0116,09,65,0000,District - Ghazipur  65,040001, 1 ENGLISH,204,105,99,194,100,94,10,5,5
C0116,09,65,0000,District - Ghazipur  65,041000,41 GADABA,16,7,9,16,7,9,0,0,0
C0116,09,65,0000,District - Ghazipur  65,041999,41 Others,16,7,9,16,7,9,0,0,0
C0116,09,65,0000,District - Ghazipur  65,054000,54 KHARIA,37,18,19,37,18,19,0,0,0
C0116,09,65,0000,District - Ghazipur  65,054999,54 Others,37,18,19,37,18,19,0,0,0
C0116,09,65,0000,District - Ghazipur  65,062000,62 KODA/KORA,33,18,15,33,18,15,0,0,0
C0116,09,65,0000,District - Ghazipur  65,062999,62 Others,33,18,15,33,18,15,0,0,0
C0116,09,65,0000,District - Ghazipur  65,072000,72 KURUKH/ORAON,145,68,77,145,68,77,0,0,0
C0116,09,65,0000,District - Ghazipur  65,072009, 1 KURUKH/ORAON,145,68,77,145,68,77,0,0,0
C0116,09,65,0000,District - Ghazipur  65,090000,90 MUNDA,3,1,2,3,1,2,0,0,0
C0116,09,65,0000,District - Ghazipur  65,090003, 1 KOL,3,1,2,3,1,2,0,0,0
C0116,09,65,0000,District - Ghazipur  65,091000,91 MUNDARI,78,32,46,78,32,46,0,0,0
C0116,09,65,0000,District - Ghazipur  65,091004, 1 MUNDARI,78,32,46,78,32,46,0,0,0
C0116,09,65,0000,District - Ghazipur  65,123000,123 OTHERS,508,279,229,507,279,228,1,0,1
C0116,09,65,0001,Tehsil - Jakhanian ** 0001,002000,2 BENGALI,92,47,45,92,47,45,0,0,0
C0116,09,65,0001,Tehsil - Jakhanian ** 0001,002004, 1 BENGALI,92,47,45,92,47,45,0,0,0
C0116,09,65,0001,Tehsil - Jakhanian ** 0001,006000,6 HINDI,456388,225339,231049,447084,220547,226537,9304,4792,4512
C0116,09,65,0001,Tehsil - Jakhanian ** 0001,006008, 1 AWADHI,172,79,93,172,79,93,0,0,0
C0116,09,65,0001,Tehsil - Jakhanian ** 0001,006045, 2 BHOJPURI,206338,101145,105193,206173,101065,105108,165,80,85
C0116,09,65,0001,Tehsil - Jakhanian ** 0001,006060, 3 BUNDELI/BUNDELKHANDI,8,5,3,8,5,3,0,0,0
C0116,09,65,0001,Tehsil - Jakhanian ** 0001,006095, 4 GARHWALI,461,264,197,460,264,196,1,0,1
C0116,09,65,0001,Tehsil - Jakhanian ** 0001,006118, 5 HINDI,249408,123846,125562,240270,119134,121136,9138,4712,4426
C0116,09,65,0001,Tehsil - Jakhanian ** 0001,006162, 6 KUMAUNI,1,0,1,1,0,1,0,0,0
C0116,09,65,0001,Tehsil - Jakhanian ** 0001,009000,9 KONKANI,54,29,25,54,29,25,0,0,0
C0116,09,65,0001,Tehsil - Jakhanian ** 0001,009010, 1 KONKANI,54,29,25,54,29,25,0,0,0
C0116,09,65,0001,Tehsil - Jakhanian ** 0001,010000,10 MAITHILI,5,3,2,5,3,2,0,0,0
C0116,09,65,0001,Tehsil - Jakhanian ** 0001,010006, 1 MAITHILI,5,3,2,5,3,2,0,0,0
C0116,09,65,0001,Tehsil - Jakhanian ** 0001,013000,13 MARATHI,5,1,4,5,1,4,0,0,0
C0116,09,65,0001,Tehsil - Jakhanian ** 0001,013999,13 Others,5,1,4,5,1,4,0,0,0
C0116,09,65,0001,Tehsil - Jakhanian ** 0001,014000,14 NEPALI,2254,1117,1137,2039,1008,1031,215,109,106
C0116,09,65,0001,Tehsil - Jakhanian ** 0001,014009, 1 NEPALI,2254,1117,1137,2039,1008,1031,215,109,106
C0116,09,65,0001,Tehsil - Jakhanian ** 0001,015000,15 ORIYA,17,13,4,17,13,4,0,0,0
C0116,09,65,0001,Tehsil - Jakhanian ** 0001,015031, 1 ORIYA,17,13,4,17,13,4,0,0,0
C0116,09,65,0001,Tehsil - Jakhanian ** 0001,016000,16 PUNJABI,11,4,7,11,4,7,0,0,0
C0116,09,65,0001,Tehsil - Jakhanian ** 0001,016018, 1 PUNJABI,11,4,7,11,4,7,0,0,0
C0116,09,65,0001,Tehsil - Jakhanian ** 0001,017000,17 SANSKRIT,1,1,0,0,0,0,1,1,0
C0116,09,65,0001,Tehsil - Jakhanian ** 0001,017002, 1 SANSKRIT,1,1,0,0,0,0,1,1,0
C0116,09,65,0001,Tehsil - Jakhanian ** 0001,020000,20 TAMIL,33,18,15,5,4,1,28,14,14
C0116,09,65,0001,Tehsil - Jakhanian ** 0001,020020, 1 TAMIL,33,18,15,5,4,1,28,14,14
C0116,09,65,0001,Tehsil - Jakhanian ** 0001,022000,22 URDU,5296,2716,2580,4508,2319,2189,788,397,391
C0116,09,65,0001,Tehsil - Jakhanian ** 0001,022014, 1 URDU,5296,2716,2580,4508,2319,2189,788,397,391
C0116,09,65,0001,Tehsil - Jakhanian ** 0001,028000,28 ARABIC/ARBI,36,19,17,36,19,17,0,0,0
C0116,09,65,0001,Tehsil - Jakhanian ** 0001,028001, 1 ARABIC/ARBI,36,19,17,36,19,17,0,0,0
C0116,09,65,0001,Tehsil - Jakhanian ** 0001,040000,40 ENGLISH,4,3,1,4,3,1,0,0,0
C0116,09,65,0001,Tehsil - Jakhanian ** 0001,040001, 1 ENGLISH,4,3,1,4,3,1,0,0,0
C0116,09,65,0001,Tehsil - Jakhanian ** 0001,072000,72 KURUKH/ORAON,52,26,26,52,26,26,0,0,0
C0116,09,65,0001,Tehsil - Jakhanian ** 0001,072009, 1 KURUKH/ORAON,52,26,26,52,26,26,0,0,0
C0116,09,65,0001,Tehsil - Jakhanian ** 0001,123000,123 OTHERS,61,31,30,61,31,30,0,0,0
C0116,09,65,0002,Tehsil - Saidpur 0002,002000,2 BENGALI,24,13,11,16,9,7,8,4,4
C0116,09,65,0002,Tehsil - Saidpur 0002,002004, 1 BENGALI,24,13,11,16,9,7,8,4,4
C0116,09,65,0002,Tehsil - Saidpur 0002,005000,5 GUJARATI,31,10,21,31,10,21,0,0,0
C0116,09,65,0002,Tehsil - Saidpur 0002,005999,5 Others,31,10,21,31,10,21,0,0,0
C0116,09,65,0002,Tehsil - Saidpur 0002,006000,6 HINDI,517518,259214,258304,496175,247910,248265,21343,11304,10039
C0116,09,65,0002,Tehsil - Saidpur 0002,006045, 1 BHOJPURI,189346,95021,94325,188496,94580,93916,850,441,409
C0116,09,65,0002,Tehsil - Saidpur 0002,006060, 2 BUNDELI/BUNDELKHANDI,8,4,4,8,4,4,0,0,0
C0116,09,65,0002,Tehsil - Saidpur 0002,006095, 3 GARHWALI,475,260,215,459,250,209,16,10,6
C0116,09,65,0002,Tehsil - Saidpur 0002,006118, 4 HINDI,327673,163921,163752,307196,153068,154128,20477,10853,9624
C0116,09,65,0002,Tehsil - Saidpur 0002,006242, 5 RAJASTHANI,6,2,4,6,2,4,0,0,0
C0116,09,65,0002,Tehsil - Saidpur 0002,006999,6 Others,10,6,4,10,6,4,0,0,0
C0116,09,65,0002,Tehsil - Saidpur 0002,013000,13 MARATHI,39,21,18,39,21,18,0,0,0
C0116,09,65,0002,Tehsil - Saidpur 0002,013999,13 Others,39,21,18,39,21,18,0,0,0
C0116,09,65,0002,Tehsil - Saidpur 0002,014000,14 NEPALI,2071,981,1090,1967,928,1039,104,53,51
C0116,09,65,0002,Tehsil - Saidpur 0002,014009, 1 NEPALI,2071,981,1090,1967,928,1039,104,53,51
C0116,09,65,0002,Tehsil - Saidpur 0002,016000,16 PUNJABI,29,11,18,28,11,17,1,0,1
C0116,09,65,0002,Tehsil - Saidpur 0002,016018, 1 PUNJABI,29,11,18,28,11,17,1,0,1
C0116,09,65,0002,Tehsil - Saidpur 0002,018000,18 SANTALI,21,9,12,21,9,12,0,0,0
C0116,09,65,0002,Tehsil - Saidpur 0002,018013, 1 SANTALI,21,9,12,21,9,12,0,0,0
C0116,09,65,0002,Tehsil - Saidpur 0002,019000,19 SINDHI,1,1,0,1,1,0,0,0,0
C0116,09,65,0002,Tehsil - Saidpur 0002,019013, 1 SINDHI,1,1,0,1,1,0,0,0,0
C0116,09,65,0002,Tehsil - Saidpur 0002,020000,20 TAMIL,135,78,57,135,78,57,0,0,0
C0116,09,65,0002,Tehsil - Saidpur 0002,020020, 1 TAMIL,135,78,57,135,78,57,0,0,0
C0116,09,65,0002,Tehsil - Saidpur 0002,022000,22 URDU,3645,1825,1820,3533,1771,1762,112,54,58
C0116,09,65,0002,Tehsil - Saidpur 0002,022014, 1 URDU,3645,1825,1820,3533,1771,1762,112,54,58
C0116,09,65,0002,Tehsil - Saidpur 0002,040000,40 ENGLISH,8,4,4,8,4,4,0,0,0
C0116,09,65,0002,Tehsil - Saidpur 0002,040001, 1 ENGLISH,8,4,4,8,4,4,0,0,0
C0116,09,65,0002,Tehsil - Saidpur 0002,041000,41 GADABA,16,7,9,16,7,9,0,0,0
C0116,09,65,0002,Tehsil - Saidpur 0002,041999,41 Others,16,7,9,16,7,9,0,0,0
C0116,09,65,0002,Tehsil - Saidpur 0002,054000,54 KHARIA,37,18,19,37,18,19,0,0,0
C0116,09,65,0002,Tehsil - Saidpur 0002,054999,54 Others,37,18,19,37,18,19,0,0,0
C0116,09,65,0002,Tehsil - Saidpur 0002,062000,62 KODA/KORA,33,18,15,33,18,15,0,0,0
C0116,09,65,0002,Tehsil - Saidpur 0002,062999,62 Others,33,18,15,33,18,15,0,0,0
C0116,09,65,0002,Tehsil - Saidpur 0002,072000,72 KURUKH/ORAON,45,26,19,45,26,19,0,0,0
C0116,09,65,0002,Tehsil - Saidpur 0002,072009, 1 KURUKH/ORAON,45,26,19,45,26,19,0,0,0
C0116,09,65,0002,Tehsil - Saidpur 0002,091000,91 MUNDARI,78,32,46,78,32,46,0,0,0
C0116,09,65,0002,Tehsil - Saidpur 0002,091004, 1 MUNDARI,78,32,46,78,32,46,0,0,0
C0116,09,65,0002,Tehsil - Saidpur 0002,123000,123 OTHERS,11,6,5,11,6,5,0,0,0
C0116,09,65,0003,Tehsil - Ghazipur 0003,002000,2 BENGALI,135,60,75,16,5,11,119,55,64
C0116,09,65,0003,Tehsil - Ghazipur 0003,002004, 1 BENGALI,135,60,75,16,5,11,119,55,64
C0116,09,65,0003,Tehsil - Ghazipur 0003,005000,5 GUJARATI,11,5,6,0,0,0,11,5,6
C0116,09,65,0003,Tehsil - Ghazipur 0003,005011, 1 GUJARATI,11,5,6,0,0,0,11,5,6
C0116,09,65,0003,Tehsil - Ghazipur 0003,006000,6 HINDI,673034,343493,329541,579843,294367,285476,93191,49126,44065
C0116,09,65,0003,Tehsil - Ghazipur 0003,006045, 1 BHOJPURI,518222,262988,255234,500279,253594,246685,17943,9394,8549
C0116,09,65,0003,Tehsil - Ghazipur 0003,006060, 2 BUNDELI/BUNDELKHANDI,14,10,4,3,3,0,11,7,4
C0116,09,65,0003,Tehsil - Ghazipur 0003,006095, 3 GARHWALI,428,261,167,372,231,141,56,30,26
C0116,09,65,0003,Tehsil - Ghazipur 0003,006118, 4 HINDI,154116,80108,74008,79023,40458,38565,75093,39650,35443
C0116,09,65,0003,Tehsil - Ghazipur 0003,006127, 5 JAUNSARI,1,0,1,1,0,1,0,0,0
C0116,09,65,0003,Tehsil - Ghazipur 0003,006148, 6 KHARI BOLI,72,39,33,0,0,0,72,39,33
C0116,09,65,0003,Tehsil - Ghazipur 0003,006162, 7 KUMAUNI,2,0,2,1,0,1,1,0,1
C0116,09,65,0003,Tehsil - Ghazipur 0003,006192, 8 MARWARI,12,5,7,0,0,0,12,5,7
C0116,09,65,0003,Tehsil - Ghazipur 0003,006242, 9 RAJASTHANI,1,1,0,0,0,0,1,1,0
C0116,09,65,0003,Tehsil - Ghazipur 0003,006251, 10 SADAN/SADRI,38,12,26,38,12,26,0,0,0
C0116,09,65,0003,Tehsil - Ghazipur 0003,006999,6 Others,128,69,59,126,69,57,2,0,2
C0116,09,65,0003,Tehsil - Ghazipur 0003,010000,10 MAITHILI,9,5,4,9,5,4,0,0,0
C0116,09,65,0003,Tehsil - Ghazipur 0003,010006, 1 MAITHILI,9,5,4,9,5,4,0,0,0
C0116,09,65,0003,Tehsil - Ghazipur 0003,011000,11 MALAYALAM,4,1,3,0,0,0,4,1,3
C0116,09,65,0003,Tehsil - Ghazipur 0003,011013, 1 MALAYALAM,4,1,3,0,0,0,4,1,3
C0116,09,65,0003,Tehsil - Ghazipur 0003,013000,13 MARATHI,45,29,16,12,7,5,33,22,11
C0116,09,65,0003,Tehsil - Ghazipur 0003,013048, 1 MARATHI,33,22,11,0,0,0,33,22,11
C0116,09,65,0003,Tehsil - Ghazipur 0003,013999,13 Others,12,7,5,12,7,5,0,0,0
C0116,09,65,0003,Tehsil - Ghazipur 0003,014000,14 NEPALI,1129,593,536,418,219,199,711,374,337
C0116,09,65,0003,Tehsil - Ghazipur 0003,014009, 1 NEPALI,1129,593,536,418,219,199,711,374,337
C0116,09,65,0003,Tehsil - Ghazipur 0003,015000,15 ORIYA,6,3,3,0,0,0,6,3,3
C0116,09,65,0003,Tehsil - Ghazipur 0003,015031, 1 ORIYA,6,3,3,0,0,0,6,3,3
C0116,09,65,0003,Tehsil - Ghazipur 0003,016000,16 PUNJABI,176,105,71,103,60,43,73,45,28
C0116,09,65,0003,Tehsil - Ghazipur 0003,016018, 1 PUNJABI,176,105,71,103,60,43,73,45,28
C0116,09,65,0003,Tehsil - Ghazipur 0003,017000,17 SANSKRIT,9,6,3,9,6,3,0,0,0
C0116,09,65,0003,Tehsil - Ghazipur 0003,017002, 1 SANSKRIT,9,6,3,9,6,3,0,0,0
C0116,09,65,0003,Tehsil - Ghazipur 0003,018000,18 SANTALI,50,22,28,50,22,28,0,0,0
C0116,09,65,0003,Tehsil - Ghazipur 0003,018013, 1 SANTALI,50,22,28,50,22,28,0,0,0
C0116,09,65,0003,Tehsil - Ghazipur 0003,019000,19 SINDHI,1,1,0,0,0,0,1,1,0
C0116,09,65,0003,Tehsil - Ghazipur 0003,019013, 1 SINDHI,1,1,0,0,0,0,1,1,0
C0116,09,65,0003,Tehsil - Ghazipur 0003,020000,20 TAMIL,95,45,50,87,41,46,8,4,4
C0116,09,65,0003,Tehsil - Ghazipur 0003,020020, 1 TAMIL,95,45,50,87,41,46,8,4,4
C0116,09,65,0003,Tehsil - Ghazipur 0003,022000,22 URDU,26610,13774,12836,6372,3264,3108,20238,10510,9728
C0116,09,65,0003,Tehsil - Ghazipur 0003,022014, 1 URDU,26610,13774,12836,6372,3264,3108,20238,10510,9728
C0116,09,65,0003,Tehsil - Ghazipur 0003,028000,28 ARABIC/ARBI,19,10,9,19,10,9,0,0,0
C0116,09,65,0003,Tehsil - Ghazipur 0003,028001, 1 ARABIC/ARBI,19,10,9,19,10,9,0,0,0
C0116,09,65,0003,Tehsil - Ghazipur 0003,040000,40 ENGLISH,63,30,33,56,27,29,7,3,4
C0116,09,65,0003,Tehsil - Ghazipur 0003,040001, 1 ENGLISH,63,30,33,56,27,29,7,3,4
C0116,09,65,0003,Tehsil - Ghazipur 0003,123000,123 OTHERS,26,18,8,25,18,7,1,0,1
C0116,09,65,0004,Tehsil - Mohammadabad 0004,001000,1 ASSAMESE,2,0,2,2,0,2,0,0,0
C0116,09,65,0004,Tehsil - Mohammadabad 0004,001002, 1 ASSAMESE,2,0,2,2,0,2,0,0,0
C0116,09,65,0004,Tehsil - Mohammadabad 0004,002000,2 BENGALI,11,7,4,11,7,4,0,0,0
C0116,09,65,0004,Tehsil - Mohammadabad 0004,002004, 1 BENGALI,11,7,4,11,7,4,0,0,0
C0116,09,65,0004,Tehsil - Mohammadabad 0004,006000,6 HINDI,719701,365840,353861,690739,350682,340057,28962,15158,13804
C0116,09,65,0004,Tehsil - Mohammadabad 0004,006008, 1 AWADHI,15,7,8,15,7,8,0,0,0
C0116,09,65,0004,Tehsil - Mohammadabad 0004,006045, 2 BHOJPURI,467171,236918,230253,450107,228018,222089,17064,8900,8164
C0116,09,65,0004,Tehsil - Mohammadabad 0004,006060, 3 BUNDELI/BUNDELKHANDI,7,4,3,7,4,3,0,0,0
C0116,09,65,0004,Tehsil - Mohammadabad 0004,006095, 4 GARHWALI,512,307,205,503,302,201,9,5,4
C0116,09,65,0004,Tehsil - Mohammadabad 0004,006118, 5 HINDI,251990,128600,123390,240104,122349,117755,11886,6251,5635
C0116,09,65,0004,Tehsil - Mohammadabad 0004,006127, 6 JAUNSARI,3,2,1,3,2,1,0,0,0
C0116,09,65,0004,Tehsil - Mohammadabad 0004,006162, 7 KUMAUNI,3,2,1,0,0,0,3,2,1
C0116,09,65,0004,Tehsil - Mohammadabad 0004,013000,13 MARATHI,1,1,0,0,0,0,1,1,0
C0116,09,65,0004,Tehsil - Mohammadabad 0004,013048, 1 MARATHI,1,1,0,0,0,0,1,1,0
C0116,09,65,0004,Tehsil - Mohammadabad 0004,014000,14 NEPALI,2028,1000,1028,1873,923,950,155,77,78
C0116,09,65,0004,Tehsil - Mohammadabad 0004,014009, 1 NEPALI,2028,1000,1028,1873,923,950,155,77,78
C0116,09,65,0004,Tehsil - Mohammadabad 0004,016000,16 PUNJABI,84,41,43,26,9,17,58,32,26
C0116,09,65,0004,Tehsil - Mohammadabad 0004,016018, 1 PUNJABI,78,39,39,20,7,13,58,32,26
C0116,09,65,0004,Tehsil - Mohammadabad 0004,016999,16 Others,6,2,4,6,2,4,0,0,0
C0116,09,65,0004,Tehsil - Mohammadabad 0004,017000,17 SANSKRIT,1,0,1,1,0,1,0,0,0
C0116,09,65,0004,Tehsil - Mohammadabad 0004,017002, 1 SANSKRIT,1,0,1,1,0,1,0,0,0
C0116,09,65,0004,Tehsil - Mohammadabad 0004,020000,20 TAMIL,65,31,34,65,31,34,0,0,0
C0116,09,65,0004,Tehsil - Mohammadabad 0004,020020, 1 TAMIL,65,31,34,65,31,34,0,0,0
C0116,09,65,0004,Tehsil - Mohammadabad 0004,022000,22 URDU,37063,19036,18027,19766,10036,9730,17297,9000,8297
C0116,09,65,0004,Tehsil - Mohammadabad 0004,022014, 1 URDU,37063,19036,18027,19766,10036,9730,17297,9000,8297
C0116,09,65,0004,Tehsil - Mohammadabad 0004,028000,28 ARABIC/ARBI,1,0,1,1,0,1,0,0,0
C0116,09,65,0004,Tehsil - Mohammadabad 0004,028001, 1 ARABIC/ARBI,1,0,1,1,0,1,0,0,0
C0116,09,65,0004,Tehsil - Mohammadabad 0004,040000,40 ENGLISH,23,12,11,20,10,10,3,2,1
C0116,09,65,0004,Tehsil - Mohammadabad 0004,040001, 1 ENGLISH,23,12,11,20,10,10,3,2,1
C0116,09,65,0004,Tehsil - Mohammadabad 0004,072000,72 KURUKH/ORAON,6,2,4,6,2,4,0,0,0
C0116,09,65,0004,Tehsil - Mohammadabad 0004,072009, 1 KURUKH/ORAON,6,2,4,6,2,4,0,0,0
C0116,09,65,0004,Tehsil - Mohammadabad 0004,090000,90 MUNDA,3,1,2,3,1,2,0,0,0
C0116,09,65,0004,Tehsil - Mohammadabad 0004,090003, 1 KOL,3,1,2,3,1,2,0,0,0
C0116,09,65,0004,Tehsil - Mohammadabad 0004,123000,123 OTHERS,172,95,77,172,95,77,0,0,0
C0116,09,65,0005,Tehsil - Zamania 0005,001000,1 ASSAMESE,2,0,2,2,0,2,0,0,0
C0116,09,65,0005,Tehsil - Zamania 0005,001002, 1 ASSAMESE,2,0,2,2,0,2,0,0,0
C0116,09,65,0005,Tehsil - Zamania 0005,002000,2 BENGALI,17,6,11,6,1,5,11,5,6
C0116,09,65,0005,Tehsil - Zamania 0005,002004, 1 BENGALI,17,6,11,6,1,5,11,5,6
C0116,09,65,0005,Tehsil - Zamania 0005,006000,6 HINDI,547568,280384,267184,510842,261420,249422,36726,18964,17762
C0116,09,65,0005,Tehsil - Zamania 0005,006008, 1 AWADHI,4,2,2,0,0,0,4,2,2
C0116,09,65,0005,Tehsil - Zamania 0005,006045, 2 BHOJPURI,284279,145393,138886,275081,140664,134417,9198,4729,4469
C0116,09,65,0005,Tehsil - Zamania 0005,006060, 3 BUNDELI/BUNDELKHANDI,1,0,1,1,0,1,0,0,0
C0116,09,65,0005,Tehsil - Zamania 0005,006095, 4 GARHWALI,480,256,224,463,249,214,17,7,10
C0116,09,65,0005,Tehsil - Zamania 0005,006117, 5 HARYANVI,8,4,4,8,4,4,0,0,0
C0116,09,65,0005,Tehsil - Zamania 0005,006118, 6 HINDI,262760,134709,128051,235254,120484,114770,27506,14225,13281
C0116,09,65,0005,Tehsil - Zamania 0005,006127, 7 JAUNSARI,3,2,1,2,1,1,1,1,0
C0116,09,65,0005,Tehsil - Zamania 0005,006148, 8 KHARI BOLI,1,1,0,1,1,0,0,0,0
C0116,09,65,0005,Tehsil - Zamania 0005,006162, 9 KUMAUNI,2,1,1,2,1,1,0,0,0
C0116,09,65,0005,Tehsil - Zamania 0005,006204, 10 NAGPURIA,17,9,8,17,9,8,0,0,0
C0116,09,65,0005,Tehsil - Zamania 0005,006251, 11 SADAN/SADRI,13,7,6,13,7,6,0,0,0
C0116,09,65,0005,Tehsil - Zamania 0005,010000,10 MAITHILI,8,5,3,0,0,0,8,5,3
C0116,09,65,0005,Tehsil - Zamania 0005,010006, 1 MAITHILI,8,5,3,0,0,0,8,5,3
C0116,09,65,0005,Tehsil - Zamania 0005,013000,13 MARATHI,38,20,18,38,20,18,0,0,0
C0116,09,65,0005,Tehsil - Zamania 0005,013048, 1 MARATHI,1,0,1,1,0,1,0,0,0
C0116,09,65,0005,Tehsil - Zamania 0005,013999,13 Others,37,20,17,37,20,17,0,0,0
C0116,09,65,0005,Tehsil - Zamania 0005,014000,14 NEPALI,2757,1428,1329,2437,1250,1187,320,178,142
C0116,09,65,0005,Tehsil - Zamania 0005,014009, 1 NEPALI,2757,1428,1329,2437,1250,1187,320,178,142
C0116,09,65,0005,Tehsil - Zamania 0005,016000,16 PUNJABI,116,61,55,24,16,8,92,45,47
C0116,09,65,0005,Tehsil - Zamania 0005,016018, 1 PUNJABI,108,57,51,24,16,8,84,41,43
C0116,09,65,0005,Tehsil - Zamania 0005,016999,16 Others,8,4,4,0,0,0,8,4,4
C0116,09,65,0005,Tehsil - Zamania 0005,017000,17 SANSKRIT,9,0,9,9,0,9,0,0,0
C0116,09,65,0005,Tehsil - Zamania 0005,017002, 1 SANSKRIT,9,0,9,9,0,9,0,0,0
C0116,09,65,0005,Tehsil - Zamania 0005,018000,18 SANTALI,8,5,3,5,5,0,3,0,3
C0116,09,65,0005,Tehsil - Zamania 0005,018013, 1 SANTALI,8,5,3,5,5,0,3,0,3
C0116,09,65,0005,Tehsil - Zamania 0005,020000,20 TAMIL,9,8,1,9,8,1,0,0,0
C0116,09,65,0005,Tehsil - Zamania 0005,020020, 1 TAMIL,9,8,1,9,8,1,0,0,0
C0116,09,65,0005,Tehsil - Zamania 0005,021000,21 TELUGU,1,1,0,1,1,0,0,0,0
C0116,09,65,0005,Tehsil - Zamania 0005,021999,21 Others,1,1,0,1,1,0,0,0,0
C0116,09,65,0005,Tehsil - Zamania 0005,022000,22 URDU,37908,19055,18853,34594,17310,17284,3314,1745,1569
C0116,09,65,0005,Tehsil - Zamania 0005,022014, 1 URDU,37908,19055,18853,34594,17310,17284,3314,1745,1569
C0116,09,65,0005,Tehsil - Zamania 0005,028000,28 ARABIC/ARBI,121,62,59,8,4,4,113,58,55
C0116,09,65,0005,Tehsil - Zamania 0005,028001, 1 ARABIC/ARBI,121,62,59,8,4,4,113,58,55
C0116,09,65,0005,Tehsil - Zamania 0005,040000,40 ENGLISH,106,56,50,106,56,50,0,0,0
C0116,09,65,0005,Tehsil - Zamania 0005,040001, 1 ENGLISH,106,56,50,106,56,50,0,0,0
C0116,09,65,0005,Tehsil - Zamania 0005,072000,72 KURUKH/ORAON,42,14,28,42,14,28,0,0,0
C0116,09,65,0005,Tehsil - Zamania 0005,072009, 1 KURUKH/ORAON,42,14,28,42,14,28,0,0,0
C0116,09,65,0005,Tehsil - Zamania 0005,123000,123 OTHERS,238,129,109,238,129,109,0,0,0
C0116,09,66,0000,District - Chandauli *  66,002000,2 BENGALI,1240,626,614,160,95,65,1080,531,549
C0116,09,66,0000,District - Chandauli *  66,002004, 1 BENGALI,1240,626,614,160,95,65,1080,531,549
C0116,09,66,0000,District - Chandauli *  66,005000,5 GUJARATI,20,8,12,5,0,5,15,8,7
C0116,09,66,0000,District - Chandauli *  66,005011, 1 GUJARATI,20,8,12,5,0,5,15,8,7
C0116,09,66,0000,District - Chandauli *  66,006000,6 HINDI,1604064,834607,769457,1442217,748711,693506,161847,85896,75951
C0116,09,66,0000,District - Chandauli *  66,006008, 1 AWADHI,2,0,2,2,0,2,0,0,0
C0116,09,66,0000,District - Chandauli *  66,006045, 2 BHOJPURI,164615,85986,78629,149527,77857,71670,15088,8129,6959
C0116,09,66,0000,District - Chandauli *  66,006060, 3 BUNDELI/BUNDELKHANDI,137,65,72,24,10,14,113,55,58
C0116,09,66,0000,District - Chandauli *  66,006095, 4 GARHWALI,622,377,245,518,319,199,104,58,46
C0116,09,66,0000,District - Chandauli *  66,006118, 5 HINDI,1437886,747718,690168,1291437,670112,621325,146449,77606,68843
C0116,09,66,0000,District - Chandauli *  66,006127, 6 JAUNSARI,4,2,2,4,2,2,0,0,0
C0116,09,66,0000,District - Chandauli *  66,006148, 7 KHARI BOLI,628,367,261,626,366,260,2,1,1
C0116,09,66,0000,District - Chandauli *  66,006162, 8 KUMAUNI,4,2,2,0,0,0,4,2,2
C0116,09,66,0000,District - Chandauli *  66,006179, 9 MAGADHI/MAGAHI,34,19,15,25,14,11,9,5,4
C0116,09,66,0000,District - Chandauli *  66,006192, 10 MARWARI,8,3,5,0,0,0,8,3,5
C0116,09,66,0000,District - Chandauli *  66,006251, 11 SADAN/SADRI,28,16,12,28,16,12,0,0,0
C0116,09,66,0000,District - Chandauli *  66,006999,6 Others,96,52,44,26,15,11,70,37,33
C0116,09,66,0000,District - Chandauli *  66,007000,7 KANNADA,42,19,23,0,0,0,42,19,23
C0116,09,66,0000,District - Chandauli *  66,007013, 1 KANNADA,42,19,23,0,0,0,42,19,23
C0116,09,66,0000,District - Chandauli *  66,009000,9 KONKANI,2,1,1,2,1,1,0,0,0
C0116,09,66,0000,District - Chandauli *  66,009010, 1 KONKANI,2,1,1,2,1,1,0,0,0
C0116,09,66,0000,District - Chandauli *  66,010000,10 MAITHILI,37,17,20,4,2,2,33,15,18
C0116,09,66,0000,District - Chandauli *  66,010006, 1 MAITHILI,27,14,13,4,2,2,23,12,11
C0116,09,66,0000,District - Chandauli *  66,010999,10 Others,10,3,7,0,0,0,10,3,7
C0116,09,66,0000,District - Chandauli *  66,011000,11 MALAYALAM,44,17,27,14,3,11,30,14,16
C0116,09,66,0000,District - Chandauli *  66,011013, 1 MALAYALAM,44,17,27,14,3,11,30,14,16
C0116,09,66,0000,District - Chandauli *  66,013000,13 MARATHI,74,37,37,18,11,7,56,26,30
C0116,09,66,0000,District - Chandauli *  66,013048, 1 MARATHI,69,33,36,18,11,7,51,22,29
C0116,09,66,0000,District - Chandauli *  66,013999,13 Others,5,4,1,0,0,0,5,4,1
C0116,09,66,0000,District - Chandauli *  66,014000,14 NEPALI,440,213,227,380,182,198,60,31,29
C0116,09,66,0000,District - Chandauli *  66,014009, 1 NEPALI,440,213,227,380,182,198,60,31,29
C0116,09,66,0000,District - Chandauli *  66,015000,15 ORIYA,29,16,13,20,11,9,9,5,4
C0116,09,66,0000,District - Chandauli *  66,015031, 1 ORIYA,29,16,13,20,11,9,9,5,4
C0116,09,66,0000,District - Chandauli *  66,016000,16 PUNJABI,1108,560,548,285,143,142,823,417,406
C0116,09,66,0000,District - Chandauli *  66,016001, 1 BAGRI,51,30,21,51,30,21,0,0,0
C0116,09,66,0000,District - Chandauli *  66,016018, 2 PUNJABI,1021,513,508,219,106,113,802,407,395
C0116,09,66,0000,District - Chandauli *  66,016999,16 Others,36,17,19,15,7,8,21,10,11
C0116,09,66,0000,District - Chandauli *  66,017000,17 SANSKRIT,7,4,3,1,1,0,6,3,3
C0116,09,66,0000,District - Chandauli *  66,017002, 1 SANSKRIT,7,4,3,1,1,0,6,3,3
C0116,09,66,0000,District - Chandauli *  66,018000,18 SANTALI,23,12,11,0,0,0,23,12,11
C0116,09,66,0000,District - Chandauli *  66,018013, 1 SANTALI,23,12,11,0,0,0,23,12,11
C0116,09,66,0000,District - Chandauli *  66,019000,19 SINDHI,23,13,10,14,9,5,9,4,5
C0116,09,66,0000,District - Chandauli *  66,019013, 1 SINDHI,22,12,10,14,9,5,8,3,5
C0116,09,66,0000,District - Chandauli *  66,019999,19 Others,1,1,0,0,0,0,1,1,0
C0116,09,66,0000,District - Chandauli *  66,020000,20 TAMIL,132,70,62,109,59,50,23,11,12
C0116,09,66,0000,District - Chandauli *  66,020020, 1 TAMIL,132,70,62,109,59,50,23,11,12
C0116,09,66,0000,District - Chandauli *  66,021000,21 TELUGU,6,6,0,2,2,0,4,4,0
C0116,09,66,0000,District - Chandauli *  66,021035, 1 TELUGU,6,6,0,2,2,0,4,4,0
C0116,09,66,0000,District - Chandauli *  66,022000,22 URDU,35266,18508,16758,25872,13567,12305,9394,4941,4453
C0116,09,66,0000,District - Chandauli *  66,022014, 1 URDU,35266,18508,16758,25872,13567,12305,9394,4941,4453
C0116,09,66,0000,District - Chandauli *  66,028000,28 ARABIC/ARBI,413,236,177,411,235,176,2,1,1
C0116,09,66,0000,District - Chandauli *  66,028001, 1 ARABIC/ARBI,413,236,177,411,235,176,2,1,1
C0116,09,66,0000,District - Chandauli *  66,040000,40 ENGLISH,23,16,7,1,1,0,22,15,7
C0116,09,66,0000,District - Chandauli *  66,040001, 1 ENGLISH,23,16,7,1,1,0,22,15,7
C0116,09,66,0000,District - Chandauli *  66,054000,54 KHARIA,1,1,0,1,1,0,0,0,0
C0116,09,66,0000,District - Chandauli *  66,054004, 1 KHARIA,1,1,0,1,1,0,0,0,0
C0116,09,66,0000,District - Chandauli *  66,072000,72 KURUKH/ORAON,152,81,71,151,80,71,1,1,0
C0116,09,66,0000,District - Chandauli *  66,072009, 1 KURUKH/ORAON,152,81,71,151,80,71,1,1,0
C0116,09,66,0000,District - Chandauli *  66,082000,82 LUSHAI/MIZO,3,2,1,0,0,0,3,2,1
C0116,09,66,0000,District - Chandauli *  66,082003, 1 LUSHAI/MIZO,3,2,1,0,0,0,3,2,1
C0116,09,66,0000,District - Chandauli *  66,090000,90 MUNDA,21,14,7,0,0,0,21,14,7
C0116,09,66,0000,District - Chandauli *  66,090006, 1 MUNDA,21,14,7,0,0,0,21,14,7
C0116,09,66,0000,District - Chandauli *  66,091000,91 MUNDARI,7,3,4,0,0,0,7,3,4
C0116,09,66,0000,District - Chandauli *  66,091004, 1 MUNDARI,7,3,4,0,0,0,7,3,4
C0116,09,66,0000,District - Chandauli *  66,123000,123 OTHERS,74,36,38,26,13,13,48,23,25
C0116,09,66,0001,Tehsil - Sakaldiha 0001,002000,2 BENGALI,12,5,7,12,5,7,0,0,0
C0116,09,66,0001,Tehsil - Sakaldiha 0001,002004, 1 BENGALI,12,5,7,12,5,7,0,0,0
C0116,09,66,0001,Tehsil - Sakaldiha 0001,005000,5 GUJARATI,2,0,2,2,0,2,0,0,0
C0116,09,66,0001,Tehsil - Sakaldiha 0001,005011, 1 GUJARATI,2,0,2,2,0,2,0,0,0
C0116,09,66,0001,Tehsil - Sakaldiha 0001,006000,6 HINDI,579942,298728,281214,579942,298728,281214,0,0,0
C0116,09,66,0001,Tehsil - Sakaldiha 0001,006008, 1 AWADHI,1,0,1,1,0,1,0,0,0
C0116,09,66,0001,Tehsil - Sakaldiha 0001,006045, 2 BHOJPURI,15756,8172,7584,15756,8172,7584,0,0,0
C0116,09,66,0001,Tehsil - Sakaldiha 0001,006060, 3 BUNDELI/BUNDELKHANDI,11,4,7,11,4,7,0,0,0
C0116,09,66,0001,Tehsil - Sakaldiha 0001,006095, 4 GARHWALI,96,51,45,96,51,45,0,0,0
C0116,09,66,0001,Tehsil - Sakaldiha 0001,006118, 5 HINDI,564006,290463,273543,564006,290463,273543,0,0,0
C0116,09,66,0001,Tehsil - Sakaldiha 0001,006127, 6 JAUNSARI,3,1,2,3,1,2,0,0,0
C0116,09,66,0001,Tehsil - Sakaldiha 0001,006148, 7 KHARI BOLI,18,8,10,18,8,10,0,0,0
C0116,09,66,0001,Tehsil - Sakaldiha 0001,006179, 8 MAGADHI/MAGAHI,25,14,11,25,14,11,0,0,0
C0116,09,66,0001,Tehsil - Sakaldiha 0001,006999,6 Others,26,15,11,26,15,11,0,0,0
C0116,09,66,0001,Tehsil - Sakaldiha 0001,014000,14 NEPALI,93,57,36,93,57,36,0,0,0
C0116,09,66,0001,Tehsil - Sakaldiha 0001,014009, 1 NEPALI,93,57,36,93,57,36,0,0,0
C0116,09,66,0001,Tehsil - Sakaldiha 0001,015000,15 ORIYA,4,2,2,4,2,2,0,0,0
C0116,09,66,0001,Tehsil - Sakaldiha 0001,015031, 1 ORIYA,4,2,2,4,2,2,0,0,0
C0116,09,66,0001,Tehsil - Sakaldiha 0001,016000,16 PUNJABI,197,94,103,197,94,103,0,0,0
C0116,09,66,0001,Tehsil - Sakaldiha 0001,016018, 1 PUNJABI,186,88,98,186,88,98,0,0,0
C0116,09,66,0001,Tehsil - Sakaldiha 0001,016999,16 Others,11,6,5,11,6,5,0,0,0
C0116,09,66,0001,Tehsil - Sakaldiha 0001,017000,17 SANSKRIT,1,1,0,1,1,0,0,0,0
C0116,09,66,0001,Tehsil - Sakaldiha 0001,017002, 1 SANSKRIT,1,1,0,1,1,0,0,0,0
C0116,09,66,0001,Tehsil - Sakaldiha 0001,020000,20 TAMIL,2,2,0,2,2,0,0,0,0
C0116,09,66,0001,Tehsil - Sakaldiha 0001,020020, 1 TAMIL,2,2,0,2,2,0,0,0,0
C0116,09,66,0001,Tehsil - Sakaldiha 0001,022000,22 URDU,6000,3070,2930,6000,3070,2930,0,0,0
C0116,09,66,0001,Tehsil - Sakaldiha 0001,022014, 1 URDU,6000,3070,2930,6000,3070,2930,0,0,0
C0116,09,66,0001,Tehsil - Sakaldiha 0001,054000,54 KHARIA,1,1,0,1,1,0,0,0,0
C0116,09,66,0001,Tehsil - Sakaldiha 0001,054004, 1 KHARIA,1,1,0,1,1,0,0,0,0
C0116,09,66,0001,Tehsil - Sakaldiha 0001,072000,72 KURUKH/ORAON,29,20,9,29,20,9,0,0,0
C0116,09,66,0001,Tehsil - Sakaldiha 0001,072009, 1 KURUKH/ORAON,29,20,9,29,20,9,0,0,0
C0116,09,66,0001,Tehsil - Sakaldiha 0001,123000,123 OTHERS,23,11,12,23,11,12,0,0,0
C0116,09,66,0002,Tehsil - Chandauli 0002,002000,2 BENGALI,1166,579,587,91,52,39,1075,527,548
C0116,09,66,0002,Tehsil - Chandauli 0002,002004, 1 BENGALI,1166,579,587,91,52,39,1075,527,548
C0116,09,66,0002,Tehsil - Chandauli 0002,005000,5 GUJARATI,18,8,10,3,0,3,15,8,7
C0116,09,66,0002,Tehsil - Chandauli 0002,005011, 1 GUJARATI,18,8,10,3,0,3,15,8,7
C0116,09,66,0002,Tehsil - Chandauli 0002,006000,6 HINDI,674469,353838,320631,525778,274777,251001,148691,79061,69630
C0116,09,66,0002,Tehsil - Chandauli 0002,006008, 1 AWADHI,1,0,1,1,0,1,0,0,0
C0116,09,66,0002,Tehsil - Chandauli 0002,006045, 2 BHOJPURI,142912,74784,68128,127824,66655,61169,15088,8129,6959
C0116,09,66,0002,Tehsil - Chandauli 0002,006060, 3 BUNDELI/BUNDELKHANDI,118,56,62,6,2,4,112,54,58
C0116,09,66,0002,Tehsil - Chandauli 0002,006095, 4 GARHWALI,485,298,187,381,240,141,104,58,46
C0116,09,66,0002,Tehsil - Chandauli 0002,006118, 5 HINDI,530224,278278,251946,396930,207506,189424,133294,70772,62522
C0116,09,66,0002,Tehsil - Chandauli 0002,006148, 6 KHARI BOLI,610,359,251,608,358,250,2,1,1
C0116,09,66,0002,Tehsil - Chandauli 0002,006162, 7 KUMAUNI,4,2,2,0,0,0,4,2,2
C0116,09,66,0002,Tehsil - Chandauli 0002,006179, 8 MAGADHI/MAGAHI,9,5,4,0,0,0,9,5,4
C0116,09,66,0002,Tehsil - Chandauli 0002,006192, 9 MARWARI,8,3,5,0,0,0,8,3,5
C0116,09,66,0002,Tehsil - Chandauli 0002,006251, 10 SADAN/SADRI,28,16,12,28,16,12,0,0,0
C0116,09,66,0002,Tehsil - Chandauli 0002,006999,6 Others,70,37,33,0,0,0,70,37,33
C0116,09,66,0002,Tehsil - Chandauli 0002,007000,7 KANNADA,42,19,23,0,0,0,42,19,23
C0116,09,66,0002,Tehsil - Chandauli 0002,007013, 1 KANNADA,42,19,23,0,0,0,42,19,23
C0116,09,66,0002,Tehsil - Chandauli 0002,010000,10 MAITHILI,37,17,20,4,2,2,33,15,18
C0116,09,66,0002,Tehsil - Chandauli 0002,010006, 1 MAITHILI,27,14,13,4,2,2,23,12,11
C0116,09,66,0002,Tehsil - Chandauli 0002,010999,10 Others,10,3,7,0,0,0,10,3,7
C0116,09,66,0002,Tehsil - Chandauli 0002,011000,11 MALAYALAM,43,17,26,13,3,10,30,14,16
C0116,09,66,0002,Tehsil - Chandauli 0002,011013, 1 MALAYALAM,43,17,26,13,3,10,30,14,16
C0116,09,66,0002,Tehsil - Chandauli 0002,013000,13 MARATHI,73,36,37,17,10,7,56,26,30
C0116,09,66,0002,Tehsil - Chandauli 0002,013048, 1 MARATHI,68,32,36,17,10,7,51,22,29
C0116,09,66,0002,Tehsil - Chandauli 0002,013999,13 Others,5,4,1,0,0,0,5,4,1
C0116,09,66,0002,Tehsil - Chandauli 0002,014000,14 NEPALI,232,109,123,172,78,94,60,31,29
C0116,09,66,0002,Tehsil - Chandauli 0002,014009, 1 NEPALI,232,109,123,172,78,94,60,31,29
C0116,09,66,0002,Tehsil - Chandauli 0002,015000,15 ORIYA,24,13,11,15,8,7,9,5,4
C0116,09,66,0002,Tehsil - Chandauli 0002,015031, 1 ORIYA,24,13,11,15,8,7,9,5,4
C0116,09,66,0002,Tehsil - Chandauli 0002,016000,16 PUNJABI,911,466,445,88,49,39,823,417,406
C0116,09,66,0002,Tehsil - Chandauli 0002,016001, 1 BAGRI,51,30,21,51,30,21,0,0,0
C0116,09,66,0002,Tehsil - Chandauli 0002,016018, 2 PUNJABI,835,425,410,33,18,15,802,407,395
C0116,09,66,0002,Tehsil - Chandauli 0002,016999,16 Others,25,11,14,4,1,3,21,10,11
C0116,09,66,0002,Tehsil - Chandauli 0002,017000,17 SANSKRIT,6,3,3,0,0,0,6,3,3
C0116,09,66,0002,Tehsil - Chandauli 0002,017002, 1 SANSKRIT,6,3,3,0,0,0,6,3,3
C0116,09,66,0002,Tehsil - Chandauli 0002,018000,18 SANTALI,23,12,11,0,0,0,23,12,11
C0116,09,66,0002,Tehsil - Chandauli 0002,018013, 1 SANTALI,23,12,11,0,0,0,23,12,11
C0116,09,66,0002,Tehsil - Chandauli 0002,019000,19 SINDHI,23,13,10,14,9,5,9,4,5
C0116,09,66,0002,Tehsil - Chandauli 0002,019013, 1 SINDHI,22,12,10,14,9,5,8,3,5
C0116,09,66,0002,Tehsil - Chandauli 0002,019999,19 Others,1,1,0,0,0,0,1,1,0
C0116,09,66,0002,Tehsil - Chandauli 0002,020000,20 TAMIL,130,68,62,107,57,50,23,11,12
C0116,09,66,0002,Tehsil - Chandauli 0002,020020, 1 TAMIL,130,68,62,107,57,50,23,11,12
C0116,09,66,0002,Tehsil - Chandauli 0002,021000,21 TELUGU,4,4,0,0,0,0,4,4,0
C0116,09,66,0002,Tehsil - Chandauli 0002,021035, 1 TELUGU,4,4,0,0,0,0,4,4,0
C0116,09,66,0002,Tehsil - Chandauli 0002,022000,22 URDU,25316,13297,12019,16459,8638,7821,8857,4659,4198
C0116,09,66,0002,Tehsil - Chandauli 0002,022014, 1 URDU,25316,13297,12019,16459,8638,7821,8857,4659,4198
C0116,09,66,0002,Tehsil - Chandauli 0002,028000,28 ARABIC/ARBI,413,236,177,411,235,176,2,1,1
C0116,09,66,0002,Tehsil - Chandauli 0002,028001, 1 ARABIC/ARBI,413,236,177,411,235,176,2,1,1
C0116,09,66,0002,Tehsil - Chandauli 0002,040000,40 ENGLISH,23,16,7,1,1,0,22,15,7
C0116,09,66,0002,Tehsil - Chandauli 0002,040001, 1 ENGLISH,23,16,7,1,1,0,22,15,7
C0116,09,66,0002,Tehsil - Chandauli 0002,072000,72 KURUKH/ORAON,87,47,40,86,46,40,1,1,0
C0116,09,66,0002,Tehsil - Chandauli 0002,072009, 1 KURUKH/ORAON,87,47,40,86,46,40,1,1,0
C0116,09,66,0002,Tehsil - Chandauli 0002,082000,82 LUSHAI/MIZO,3,2,1,0,0,0,3,2,1
C0116,09,66,0002,Tehsil - Chandauli 0002,082003, 1 LUSHAI/MIZO,3,2,1,0,0,0,3,2,1
C0116,09,66,0002,Tehsil - Chandauli 0002,090000,90 MUNDA,21,14,7,0,0,0,21,14,7
C0116,09,66,0002,Tehsil - Chandauli 0002,090006, 1 MUNDA,21,14,7,0,0,0,21,14,7
C0116,09,66,0002,Tehsil - Chandauli 0002,091000,91 MUNDARI,7,3,4,0,0,0,7,3,4
C0116,09,66,0002,Tehsil - Chandauli 0002,091004, 1 MUNDARI,7,3,4,0,0,0,7,3,4
C0116,09,66,0002,Tehsil - Chandauli 0002,123000,123 OTHERS,51,25,26,3,2,1,48,23,25
C0116,09,66,0003,Tehsil - Chakia 0003,002000,2 BENGALI,62,42,20,57,38,19,5,4,1
C0116,09,66,0003,Tehsil - Chakia 0003,002004, 1 BENGALI,62,42,20,57,38,19,5,4,1
C0116,09,66,0003,Tehsil - Chakia 0003,006000,6 HINDI,349653,182041,167612,336497,175206,161291,13156,6835,6321
C0116,09,66,0003,Tehsil - Chakia 0003,006045, 1 BHOJPURI,5947,3030,2917,5947,3030,2917,0,0,0
C0116,09,66,0003,Tehsil - Chakia 0003,006060, 2 BUNDELI/BUNDELKHANDI,8,5,3,7,4,3,1,1,0
C0116,09,66,0003,Tehsil - Chakia 0003,006095, 3 GARHWALI,41,28,13,41,28,13,0,0,0
C0116,09,66,0003,Tehsil - Chakia 0003,006118, 4 HINDI,343656,178977,164679,330501,172143,158358,13155,6834,6321
C0116,09,66,0003,Tehsil - Chakia 0003,006127, 5 JAUNSARI,1,1,0,1,1,0,0,0,0
C0116,09,66,0003,Tehsil - Chakia 0003,009000,9 KONKANI,2,1,1,2,1,1,0,0,0
C0116,09,66,0003,Tehsil - Chakia 0003,009010, 1 KONKANI,2,1,1,2,1,1,0,0,0
C0116,09,66,0003,Tehsil - Chakia 0003,011000,11 MALAYALAM,1,0,1,1,0,1,0,0,0
C0116,09,66,0003,Tehsil - Chakia 0003,011013, 1 MALAYALAM,1,0,1,1,0,1,0,0,0
C0116,09,66,0003,Tehsil - Chakia 0003,013000,13 MARATHI,1,1,0,1,1,0,0,0,0
C0116,09,66,0003,Tehsil - Chakia 0003,013048, 1 MARATHI,1,1,0,1,1,0,0,0,0
C0116,09,66,0003,Tehsil - Chakia 0003,014000,14 NEPALI,115,47,68,115,47,68,0,0,0
C0116,09,66,0003,Tehsil - Chakia 0003,014009, 1 NEPALI,115,47,68,115,47,68,0,0,0
C0116,09,66,0003,Tehsil - Chakia 0003,015000,15 ORIYA,1,1,0,1,1,0,0,0,0
C0116,09,66,0003,Tehsil - Chakia 0003,015031, 1 ORIYA,1,1,0,1,1,0,0,0,0
C0116,09,66,0003,Tehsil - Chakia 0003,021000,21 TELUGU,2,2,0,2,2,0,0,0,0
C0116,09,66,0003,Tehsil - Chakia 0003,021035, 1 TELUGU,2,2,0,2,2,0,0,0,0
C0116,09,66,0003,Tehsil - Chakia 0003,022000,22 URDU,3950,2141,1809,3413,1859,1554,537,282,255
C0116,09,66,0003,Tehsil - Chakia 0003,022014, 1 URDU,3950,2141,1809,3413,1859,1554,537,282,255
C0116,09,66,0003,Tehsil - Chakia 0003,072000,72 KURUKH/ORAON,36,14,22,36,14,22,0,0,0
C0116,09,66,0003,Tehsil - Chakia 0003,072009, 1 KURUKH/ORAON,36,14,22,36,14,22,0,0,0
C0116,09,67,0000,District - Varanasi  67,001000,1 ASSAMESE,37,26,11,7,7,0,30,19,11
C0116,09,67,0000,District - Varanasi  67,001002, 1 ASSAMESE,37,26,11,7,7,0,30,19,11
C0116,09,67,0000,District - Varanasi  67,002000,2 BENGALI,11485,5732,5753,513,259,254,10972,5473,5499
C0116,09,67,0000,District - Varanasi  67,002004, 1 BENGALI,11485,5732,5753,513,259,254,10972,5473,5499
C0116,09,67,0000,District - Varanasi  67,003000,3 BODO,2,0,2,2,0,2,0,0,0
C0116,09,67,0000,District - Varanasi  67,003001, 1 BODO,2,0,2,2,0,2,0,0,0
C0116,09,67,0000,District - Varanasi  67,004000,4 DOGRI,60,58,2,0,0,0,60,58,2
C0116,09,67,0000,District - Varanasi  67,004001, 1 DOGRI,60,58,2,0,0,0,60,58,2
C0116,09,67,0000,District - Varanasi  67,005000,5 GUJARATI,1604,818,786,40,19,21,1564,799,765
C0116,09,67,0000,District - Varanasi  67,005011, 1 GUJARATI,1595,811,784,40,19,21,1555,792,763
C0116,09,67,0000,District - Varanasi  67,005012, 2 GUJRAO/GUJRAU,1,1,0,0,0,0,1,1,0
C0116,09,67,0000,District - Varanasi  67,005999,5 Others,8,6,2,0,0,0,8,6,2
C0116,09,67,0000,District - Varanasi  67,006000,6 HINDI,2891755,1518360,1373395,1871752,972588,899164,1020003,545772,474231
C0116,09,67,0000,District - Varanasi  67,006008, 1 AWADHI,6484,3397,3087,6439,3369,3070,45,28,17
C0116,09,67,0000,District - Varanasi  67,006045, 2 BHOJPURI,307885,160721,147164,285390,148301,137089,22495,12420,10075
C0116,09,67,0000,District - Varanasi  67,006059, 3 BRAJBHASHA,1,1,0,1,1,0,0,0,0
C0116,09,67,0000,District - Varanasi  67,006060, 4 BUNDELI/BUNDELKHANDI,1114,591,523,106,57,49,1008,534,474
C0116,09,67,0000,District - Varanasi  67,006072, 5 CHHATTISGARHI,195,103,92,181,94,87,14,9,5
C0116,09,67,0000,District - Varanasi  67,006095, 6 GARHWALI,1790,1050,740,1486,871,615,304,179,125
C0116,09,67,0000,District - Varanasi  67,006117, 7 HARYANVI,11,7,4,2,1,1,9,6,3
C0116,09,67,0000,District - Varanasi  67,006118, 8 HINDI,2573249,1351945,1221304,1577758,819678,758080,995491,532267,463224
C0116,09,67,0000,District - Varanasi  67,006127, 9 JAUNSARI,8,5,3,0,0,0,8,5,3
C0116,09,67,0000,District - Varanasi  67,006138, 10 KANGRI,5,3,2,0,0,0,5,3,2
C0116,09,67,0000,District - Varanasi  67,006148, 11 KHARI BOLI,85,51,34,67,37,30,18,14,4
C0116,09,67,0000,District - Varanasi  67,006162, 12 KUMAUNI,22,10,12,3,2,1,19,8,11
C0116,09,67,0000,District - Varanasi  67,006192, 13 MARWARI,351,178,173,0,0,0,351,178,173
C0116,09,67,0000,District - Varanasi  67,006213, 14 PAHARI,10,4,6,5,3,2,5,1,4
C0116,09,67,0000,District - Varanasi  67,006242, 15 RAJASTHANI,146,79,67,0,0,0,146,79,67
C0116,09,67,0000,District - Varanasi  67,006251, 16 SADAN/SADRI,10,3,7,0,0,0,10,3,7
C0116,09,67,0000,District - Varanasi  67,006999,6 Others,389,212,177,314,174,140,75,38,37
C0116,09,67,0000,District - Varanasi  67,007000,7 KANNADA,172,98,74,7,5,2,165,93,72
C0116,09,67,0000,District - Varanasi  67,007002, 1 BADAGA,12,0,12,0,0,0,12,0,12
C0116,09,67,0000,District - Varanasi  67,007013, 2 KANNADA,147,90,57,7,5,2,140,85,55
C0116,09,67,0000,District - Varanasi  67,007999,7 Others,13,8,5,0,0,0,13,8,5
C0116,09,67,0000,District - Varanasi  67,008000,8 KASHMIRI,23,14,9,1,1,0,22,13,9
C0116,09,67,0000,District - Varanasi  67,008002, 1 KASHMIRI,23,14,9,1,1,0,22,13,9
C0116,09,67,0000,District - Varanasi  67,009000,9 KONKANI,3,2,1,0,0,0,3,2,1
C0116,09,67,0000,District - Varanasi  67,009010, 1 KONKANI,3,2,1,0,0,0,3,2,1
C0116,09,67,0000,District - Varanasi  67,010000,10 MAITHILI,263,133,130,16,9,7,247,124,123
C0116,09,67,0000,District - Varanasi  67,010006, 1 MAITHILI,263,133,130,16,9,7,247,124,123
C0116,09,67,0000,District - Varanasi  67,011000,11 MALAYALAM,357,168,189,55,47,8,302,121,181
C0116,09,67,0000,District - Varanasi  67,011013, 1 MALAYALAM,350,165,185,54,46,8,296,119,177
C0116,09,67,0000,District - Varanasi  67,011999,11 Others,7,3,4,1,1,0,6,2,4
C0116,09,67,0000,District - Varanasi  67,012000,12 MANIPURI,27,23,4,24,21,3,3,2,1
C0116,09,67,0000,District - Varanasi  67,012002, 1 MANIPURI,27,23,4,24,21,3,3,2,1
C0116,09,67,0000,District - Varanasi  67,013000,13 MARATHI,999,527,472,114,59,55,885,468,417
C0116,09,67,0000,District - Varanasi  67,013048, 1 MARATHI,963,509,454,89,49,40,874,460,414
C0116,09,67,0000,District - Varanasi  67,013999,13 Others,36,18,18,25,10,15,11,8,3
C0116,09,67,0000,District - Varanasi  67,014000,14 NEPALI,4076,2767,1309,345,201,144,3731,2566,1165
C0116,09,67,0000,District - Varanasi  67,014009, 1 NEPALI,4076,2767,1309,345,201,144,3731,2566,1165
C0116,09,67,0000,District - Varanasi  67,015000,15 ORIYA,202,125,77,67,40,27,135,85,50
C0116,09,67,0000,District - Varanasi  67,015031, 1 ORIYA,202,125,77,67,40,27,135,85,50
C0116,09,67,0000,District - Varanasi  67,016000,16 PUNJABI,1923,1020,903,106,56,50,1817,964,853
C0116,09,67,0000,District - Varanasi  67,016018, 1 PUNJABI,1908,1016,892,92,53,39,1816,963,853
C0116,09,67,0000,District - Varanasi  67,016999,16 Others,15,4,11,14,3,11,1,1,0
C0116,09,67,0000,District - Varanasi  67,017000,17 SANSKRIT,334,216,118,0,0,0,334,216,118
C0116,09,67,0000,District - Varanasi  67,017002, 1 SANSKRIT,334,216,118,0,0,0,334,216,118
C0116,09,67,0000,District - Varanasi  67,018000,18 SANTALI,18,7,11,0,0,0,18,7,11
C0116,09,67,0000,District - Varanasi  67,018013, 1 SANTALI,18,7,11,0,0,0,18,7,11
C0116,09,67,0000,District - Varanasi  67,019000,19 SINDHI,2210,1136,1074,7,4,3,2203,1132,1071
C0116,09,67,0000,District - Varanasi  67,019013, 1 SINDHI,2210,1136,1074,7,4,3,2203,1132,1071
C0116,09,67,0000,District - Varanasi  67,020000,20 TAMIL,571,327,244,44,40,4,527,287,240
C0116,09,67,0000,District - Varanasi  67,020020, 1 TAMIL,570,327,243,44,40,4,526,287,239
C0116,09,67,0000,District - Varanasi  67,020999,20 Others,1,0,1,0,0,0,1,0,1
C0116,09,67,0000,District - Varanasi  67,021000,21 TELUGU,429,263,166,17,9,8,412,254,158
C0116,09,67,0000,District - Varanasi  67,021035, 1 TELUGU,429,263,166,17,9,8,412,254,158
C0116,09,67,0000,District - Varanasi  67,022000,22 URDU,221016,116759,104257,4743,2572,2171,216273,114187,102086
C0116,09,67,0000,District - Varanasi  67,022014, 1 URDU,221015,116759,104256,4743,2572,2171,216272,114187,102085
C0116,09,67,0000,District - Varanasi  67,022999,22 Others,1,0,1,0,0,0,1,0,1
C0116,09,67,0000,District - Varanasi  67,028000,28 ARABIC/ARBI,65,34,31,24,12,12,41,22,19
C0116,09,67,0000,District - Varanasi  67,028001, 1 ARABIC/ARBI,65,34,31,24,12,12,41,22,19
C0116,09,67,0000,District - Varanasi  67,030000,30 BHILI/BHILODI,2,1,1,0,0,0,2,1,1
C0116,09,67,0000,District - Varanasi  67,030013, 1 DHODIA,1,1,0,0,0,0,1,1,0
C0116,09,67,0000,District - Varanasi  67,030999,30 Others,1,0,1,0,0,0,1,0,1
C0116,09,67,0000,District - Varanasi  67,040000,40 ENGLISH,460,239,221,15,11,4,445,228,217
C0116,09,67,0000,District - Varanasi  67,040001, 1 ENGLISH,460,239,221,15,11,4,445,228,217
C0116,09,67,0000,District - Varanasi  67,044000,44 GONDI,25,16,9,8,5,3,17,11,6
C0116,09,67,0000,District - Varanasi  67,044006, 1 GONDI,8,6,2,0,0,0,8,6,2
C0116,09,67,0000,District - Varanasi  67,044999,44 Others,17,10,7,8,5,3,9,5,4
C0116,09,67,0000,District - Varanasi  67,062000,62 KODA/KORA,1,0,1,0,0,0,1,0,1
C0116,09,67,0000,District - Varanasi  67,062999,62 Others,1,0,1,0,0,0,1,0,1
C0116,09,67,0000,District - Varanasi  67,068000,68 KORWA,1,1,0,0,0,0,1,1,0
C0116,09,67,0000,District - Varanasi  67,068999,68 Others,1,1,0,0,0,0,1,1,0
C0116,09,67,0000,District - Varanasi  67,071000,71 KUKI,2,1,1,2,1,1,0,0,0
C0116,09,67,0000,District - Varanasi  67,071007, 1 KUKI,2,1,1,2,1,1,0,0,0
C0116,09,67,0000,District - Varanasi  67,072000,72 KURUKH/ORAON,119,54,65,109,48,61,10,6,4
C0116,09,67,0000,District - Varanasi  67,072009, 1 KURUKH/ORAON,118,53,65,109,48,61,9,5,4
C0116,09,67,0000,District - Varanasi  67,072999,72 Others,1,1,0,0,0,0,1,1,0
C0116,09,67,0000,District - Varanasi  67,090000,90 MUNDA,8,7,1,1,0,1,7,7,0
C0116,09,67,0000,District - Varanasi  67,090006, 1 MUNDA,1,0,1,1,0,1,0,0,0
C0116,09,67,0000,District - Varanasi  67,090999,90 Others,7,7,0,0,0,0,7,7,0
C0116,09,67,0000,District - Varanasi  67,091000,91 MUNDARI,1,0,1,0,0,0,1,0,1
C0116,09,67,0000,District - Varanasi  67,091004, 1 MUNDARI,1,0,1,0,0,0,1,0,1
C0116,09,67,0000,District - Varanasi  67,093000,93 NISSI/DAFLA,1,1,0,0,0,0,1,1,0
C0116,09,67,0000,District - Varanasi  67,093002, 1 BANGNI,1,1,0,0,0,0,1,1,0
C0116,09,67,0000,District - Varanasi  67,114000,114 TIBETAN,22,11,11,0,0,0,22,11,11
C0116,09,67,0000,District - Varanasi  67,114008, 1 TIBETAN,22,11,11,0,0,0,22,11,11
C0116,09,67,0000,District - Varanasi  67,116000,116 TULU,1,1,0,0,0,0,1,1,0
C0116,09,67,0000,District - Varanasi  67,116999,116 Others,1,1,0,0,0,0,1,1,0
C0116,09,67,0000,District - Varanasi  67,123000,123 OTHERS,397,242,155,81,41,40,316,201,115
C0116,09,67,0001,Tehsil - Pindra ** 0001,002000,2 BENGALI,153,75,78,153,75,78,0,0,0
C0116,09,67,0001,Tehsil - Pindra ** 0001,002004, 1 BENGALI,153,75,78,153,75,78,0,0,0
C0116,09,67,0001,Tehsil - Pindra ** 0001,005000,5 GUJARATI,21,9,12,21,9,12,0,0,0
C0116,09,67,0001,Tehsil - Pindra ** 0001,005011, 1 GUJARATI,21,9,12,21,9,12,0,0,0
C0116,09,67,0001,Tehsil - Pindra ** 0001,006000,6 HINDI,803306,410554,392752,792775,404977,387798,10531,5577,4954
C0116,09,67,0001,Tehsil - Pindra ** 0001,006008, 1 AWADHI,6409,3356,3053,6409,3356,3053,0,0,0
C0116,09,67,0001,Tehsil - Pindra ** 0001,006045, 2 BHOJPURI,109177,55930,53247,109177,55930,53247,0,0,0
C0116,09,67,0001,Tehsil - Pindra ** 0001,006060, 3 BUNDELI/BUNDELKHANDI,22,12,10,22,12,10,0,0,0
C0116,09,67,0001,Tehsil - Pindra ** 0001,006072, 4 CHHATTISGARHI,57,31,26,57,31,26,0,0,0
C0116,09,67,0001,Tehsil - Pindra ** 0001,006095, 5 GARHWALI,498,294,204,498,294,204,0,0,0
C0116,09,67,0001,Tehsil - Pindra ** 0001,006117, 6 HARYANVI,2,1,1,2,1,1,0,0,0
C0116,09,67,0001,Tehsil - Pindra ** 0001,006118, 7 HINDI,686985,350843,336142,676454,345266,331188,10531,5577,4954
C0116,09,67,0001,Tehsil - Pindra ** 0001,006148, 8 KHARI BOLI,10,6,4,10,6,4,0,0,0
C0116,09,67,0001,Tehsil - Pindra ** 0001,006162, 9 KUMAUNI,1,0,1,1,0,1,0,0,0
C0116,09,67,0001,Tehsil - Pindra ** 0001,006999,6 Others,145,81,64,145,81,64,0,0,0
C0116,09,67,0001,Tehsil - Pindra ** 0001,007000,7 KANNADA,3,1,2,3,1,2,0,0,0
C0116,09,67,0001,Tehsil - Pindra ** 0001,007013, 1 KANNADA,3,1,2,3,1,2,0,0,0
C0116,09,67,0001,Tehsil - Pindra ** 0001,010000,10 MAITHILI,16,9,7,16,9,7,0,0,0
C0116,09,67,0001,Tehsil - Pindra ** 0001,010006, 1 MAITHILI,16,9,7,16,9,7,0,0,0
C0116,09,67,0001,Tehsil - Pindra ** 0001,011000,11 MALAYALAM,2,2,0,2,2,0,0,0,0
C0116,09,67,0001,Tehsil - Pindra ** 0001,011013, 1 MALAYALAM,2,2,0,2,2,0,0,0,0
C0116,09,67,0001,Tehsil - Pindra ** 0001,013000,13 MARATHI,55,23,32,55,23,32,0,0,0
C0116,09,67,0001,Tehsil - Pindra ** 0001,013048, 1 MARATHI,40,16,24,40,16,24,0,0,0
C0116,09,67,0001,Tehsil - Pindra ** 0001,013999,13 Others,15,7,8,15,7,8,0,0,0
C0116,09,67,0001,Tehsil - Pindra ** 0001,014000,14 NEPALI,90,53,37,89,52,37,1,1,0
C0116,09,67,0001,Tehsil - Pindra ** 0001,014009, 1 NEPALI,90,53,37,89,52,37,1,1,0
C0116,09,67,0001,Tehsil - Pindra ** 0001,015000,15 ORIYA,51,25,26,51,25,26,0,0,0
C0116,09,67,0001,Tehsil - Pindra ** 0001,015031, 1 ORIYA,51,25,26,51,25,26,0,0,0
C0116,09,67,0001,Tehsil - Pindra ** 0001,016000,16 PUNJABI,28,11,17,28,11,17,0,0,0
C0116,09,67,0001,Tehsil - Pindra ** 0001,016018, 1 PUNJABI,14,8,6,14,8,6,0,0,0
C0116,09,67,0001,Tehsil - Pindra ** 0001,016999,16 Others,14,3,11,14,3,11,0,0,0
C0116,09,67,0001,Tehsil - Pindra ** 0001,020000,20 TAMIL,2,2,0,2,2,0,0,0,0
C0116,09,67,0001,Tehsil - Pindra ** 0001,020020, 1 TAMIL,2,2,0,2,2,0,0,0,0
C0116,09,67,0001,Tehsil - Pindra ** 0001,021000,21 TELUGU,1,1,0,1,1,0,0,0,0
C0116,09,67,0001,Tehsil - Pindra ** 0001,021035, 1 TELUGU,1,1,0,1,1,0,0,0,0
C0116,09,67,0001,Tehsil - Pindra ** 0001,022000,22 URDU,697,383,314,697,383,314,0,0,0
C0116,09,67,0001,Tehsil - Pindra ** 0001,022014, 1 URDU,697,383,314,697,383,314,0,0,0
C0116,09,67,0001,Tehsil - Pindra ** 0001,028000,28 ARABIC/ARBI,15,8,7,15,8,7,0,0,0
C0116,09,67,0001,Tehsil - Pindra ** 0001,028001, 1 ARABIC/ARBI,15,8,7,15,8,7,0,0,0
C0116,09,67,0001,Tehsil - Pindra ** 0001,040000,40 ENGLISH,5,5,0,5,5,0,0,0,0
C0116,09,67,0001,Tehsil - Pindra ** 0001,040001, 1 ENGLISH,5,5,0,5,5,0,0,0,0
C0116,09,67,0001,Tehsil - Pindra ** 0001,072000,72 KURUKH/ORAON,1,1,0,1,1,0,0,0,0
C0116,09,67,0001,Tehsil - Pindra ** 0001,072009, 1 KURUKH/ORAON,1,1,0,1,1,0,0,0,0
C0116,09,67,0001,Tehsil - Pindra ** 0001,123000,123 OTHERS,35,14,21,35,14,21,0,0,0
C0116,09,67,0002,Tehsil - Varanasi 0002,001000,1 ASSAMESE,37,26,11,7,7,0,30,19,11
C0116,09,67,0002,Tehsil - Varanasi 0002,001002, 1 ASSAMESE,37,26,11,7,7,0,30,19,11
C0116,09,67,0002,Tehsil - Varanasi 0002,002000,2 BENGALI,11332,5657,5675,360,184,176,10972,5473,5499
C0116,09,67,0002,Tehsil - Varanasi 0002,002004, 1 BENGALI,11332,5657,5675,360,184,176,10972,5473,5499
C0116,09,67,0002,Tehsil - Varanasi 0002,003000,3 BODO,2,0,2,2,0,2,0,0,0
C0116,09,67,0002,Tehsil - Varanasi 0002,003001, 1 BODO,2,0,2,2,0,2,0,0,0
C0116,09,67,0002,Tehsil - Varanasi 0002,004000,4 DOGRI,60,58,2,0,0,0,60,58,2
C0116,09,67,0002,Tehsil - Varanasi 0002,004001, 1 DOGRI,60,58,2,0,0,0,60,58,2
C0116,09,67,0002,Tehsil - Varanasi 0002,005000,5 GUJARATI,1583,809,774,19,10,9,1564,799,765
C0116,09,67,0002,Tehsil - Varanasi 0002,005011, 1 GUJARATI,1574,802,772,19,10,9,1555,792,763
C0116,09,67,0002,Tehsil - Varanasi 0002,005012, 2 GUJRAO/GUJRAU,1,1,0,0,0,0,1,1,0
C0116,09,67,0002,Tehsil - Varanasi 0002,005999,5 Others,8,6,2,0,0,0,8,6,2
C0116,09,67,0002,Tehsil - Varanasi 0002,006000,6 HINDI,2088449,1107806,980643,1078977,567611,511366,1009472,540195,469277
C0116,09,67,0002,Tehsil - Varanasi 0002,006008, 1 AWADHI,75,41,34,30,13,17,45,28,17
C0116,09,67,0002,Tehsil - Varanasi 0002,006045, 2 BHOJPURI,198708,104791,93917,176213,92371,83842,22495,12420,10075
C0116,09,67,0002,Tehsil - Varanasi 0002,006059, 3 BRAJBHASHA,1,1,0,1,1,0,0,0,0
C0116,09,67,0002,Tehsil - Varanasi 0002,006060, 4 BUNDELI/BUNDELKHANDI,1092,579,513,84,45,39,1008,534,474
C0116,09,67,0002,Tehsil - Varanasi 0002,006072, 5 CHHATTISGARHI,138,72,66,124,63,61,14,9,5
C0116,09,67,0002,Tehsil - Varanasi 0002,006095, 6 GARHWALI,1292,756,536,988,577,411,304,179,125
C0116,09,67,0002,Tehsil - Varanasi 0002,006117, 7 HARYANVI,9,6,3,0,0,0,9,6,3
C0116,09,67,0002,Tehsil - Varanasi 0002,006118, 8 HINDI,1886264,1001102,885162,901304,474412,426892,984960,526690,458270
C0116,09,67,0002,Tehsil - Varanasi 0002,006127, 9 JAUNSARI,8,5,3,0,0,0,8,5,3
C0116,09,67,0002,Tehsil - Varanasi 0002,006138, 10 KANGRI,5,3,2,0,0,0,5,3,2
C0116,09,67,0002,Tehsil - Varanasi 0002,006148, 11 KHARI BOLI,75,45,30,57,31,26,18,14,4
C0116,09,67,0002,Tehsil - Varanasi 0002,006162, 12 KUMAUNI,21,10,11,2,2,0,19,8,11
C0116,09,67,0002,Tehsil - Varanasi 0002,006192, 13 MARWARI,351,178,173,0,0,0,351,178,173
C0116,09,67,0002,Tehsil - Varanasi 0002,006213, 14 PAHARI,10,4,6,5,3,2,5,1,4
C0116,09,67,0002,Tehsil - Varanasi 0002,006242, 15 RAJASTHANI,146,79,67,0,0,0,146,79,67
C0116,09,67,0002,Tehsil - Varanasi 0002,006251, 16 SADAN/SADRI,10,3,7,0,0,0,10,3,7
C0116,09,67,0002,Tehsil - Varanasi 0002,006999,6 Others,244,131,113,169,93,76,75,38,37
C0116,09,67,0002,Tehsil - Varanasi 0002,007000,7 KANNADA,169,97,72,4,4,0,165,93,72
C0116,09,67,0002,Tehsil - Varanasi 0002,007002, 1 BADAGA,12,0,12,0,0,0,12,0,12
C0116,09,67,0002,Tehsil - Varanasi 0002,007013, 2 KANNADA,144,89,55,4,4,0,140,85,55
C0116,09,67,0002,Tehsil - Varanasi 0002,007999,7 Others,13,8,5,0,0,0,13,8,5
C0116,09,67,0002,Tehsil - Varanasi 0002,008000,8 KASHMIRI,23,14,9,1,1,0,22,13,9
C0116,09,67,0002,Tehsil - Varanasi 0002,008002, 1 KASHMIRI,23,14,9,1,1,0,22,13,9
C0116,09,67,0002,Tehsil - Varanasi 0002,009000,9 KONKANI,3,2,1,0,0,0,3,2,1
C0116,09,67,0002,Tehsil - Varanasi 0002,009010, 1 KONKANI,3,2,1,0,0,0,3,2,1
C0116,09,67,0002,Tehsil - Varanasi 0002,010000,10 MAITHILI,247,124,123,0,0,0,247,124,123
C0116,09,67,0002,Tehsil - Varanasi 0002,010006, 1 MAITHILI,247,124,123,0,0,0,247,124,123
C0116,09,67,0002,Tehsil - Varanasi 0002,011000,11 MALAYALAM,355,166,189,53,45,8,302,121,181
C0116,09,67,0002,Tehsil - Varanasi 0002,011013, 1 MALAYALAM,348,163,185,52,44,8,296,119,177
C0116,09,67,0002,Tehsil - Varanasi 0002,011999,11 Others,7,3,4,1,1,0,6,2,4
C0116,09,67,0002,Tehsil - Varanasi 0002,012000,12 MANIPURI,27,23,4,24,21,3,3,2,1
C0116,09,67,0002,Tehsil - Varanasi 0002,012002, 1 MANIPURI,27,23,4,24,21,3,3,2,1
C0116,09,67,0002,Tehsil - Varanasi 0002,013000,13 MARATHI,944,504,440,59,36,23,885,468,417
C0116,09,67,0002,Tehsil - Varanasi 0002,013048, 1 MARATHI,923,493,430,49,33,16,874,460,414
C0116,09,67,0002,Tehsil - Varanasi 0002,013999,13 Others,21,11,10,10,3,7,11,8,3
C0116,09,67,0002,Tehsil - Varanasi 0002,014000,14 NEPALI,3986,2714,1272,256,149,107,3730,2565,1165
C0116,09,67,0002,Tehsil - Varanasi 0002,014009, 1 NEPALI,3986,2714,1272,256,149,107,3730,2565,1165
C0116,09,67,0002,Tehsil - Varanasi 0002,015000,15 ORIYA,151,100,51,16,15,1,135,85,50
C0116,09,67,0002,Tehsil - Varanasi 0002,015031, 1 ORIYA,151,100,51,16,15,1,135,85,50
C0116,09,67,0002,Tehsil - Varanasi 0002,016000,16 PUNJABI,1895,1009,886,78,45,33,1817,964,853
C0116,09,67,0002,Tehsil - Varanasi 0002,016018, 1 PUNJABI,1894,1008,886,78,45,33,1816,963,853
C0116,09,67,0002,Tehsil - Varanasi 0002,016999,16 Others,1,1,0,0,0,0,1,1,0
C0116,09,67,0002,Tehsil - Varanasi 0002,017000,17 SANSKRIT,334,216,118,0,0,0,334,216,118
C0116,09,67,0002,Tehsil - Varanasi 0002,017002, 1 SANSKRIT,334,216,118,0,0,0,334,216,118
C0116,09,67,0002,Tehsil - Varanasi 0002,018000,18 SANTALI,18,7,11,0,0,0,18,7,11
C0116,09,67,0002,Tehsil - Varanasi 0002,018013, 1 SANTALI,18,7,11,0,0,0,18,7,11
C0116,09,67,0002,Tehsil - Varanasi 0002,019000,19 SINDHI,2210,1136,1074,7,4,3,2203,1132,1071
C0116,09,67,0002,Tehsil - Varanasi 0002,019013, 1 SINDHI,2210,1136,1074,7,4,3,2203,1132,1071
C0116,09,67,0002,Tehsil - Varanasi 0002,020000,20 TAMIL,569,325,244,42,38,4,527,287,240
C0116,09,67,0002,Tehsil - Varanasi 0002,020020, 1 TAMIL,568,325,243,42,38,4,526,287,239
C0116,09,67,0002,Tehsil - Varanasi 0002,020999,20 Others,1,0,1,0,0,0,1,0,1
C0116,09,67,0002,Tehsil - Varanasi 0002,021000,21 TELUGU,428,262,166,16,8,8,412,254,158
C0116,09,67,0002,Tehsil - Varanasi 0002,021035, 1 TELUGU,428,262,166,16,8,8,412,254,158
C0116,09,67,0002,Tehsil - Varanasi 0002,022000,22 URDU,220319,116376,103943,4046,2189,1857,216273,114187,102086
C0116,09,67,0002,Tehsil - Varanasi 0002,022014, 1 URDU,220318,116376,103942,4046,2189,1857,216272,114187,102085
C0116,09,67,0002,Tehsil - Varanasi 0002,022999,22 Others,1,0,1,0,0,0,1,0,1
C0116,09,67,0002,Tehsil - Varanasi 0002,028000,28 ARABIC/ARBI,50,26,24,9,4,5,41,22,19
C0116,09,67,0002,Tehsil - Varanasi 0002,028001, 1 ARABIC/ARBI,50,26,24,9,4,5,41,22,19
C0116,09,67,0002,Tehsil - Varanasi 0002,030000,30 BHILI/BHILODI,2,1,1,0,0,0,2,1,1
C0116,09,67,0002,Tehsil - Varanasi 0002,030013, 1 DHODIA,1,1,0,0,0,0,1,1,0
C0116,09,67,0002,Tehsil - Varanasi 0002,030999,30 Others,1,0,1,0,0,0,1,0,1
C0116,09,67,0002,Tehsil - Varanasi 0002,040000,40 ENGLISH,455,234,221,10,6,4,445,228,217
C0116,09,67,0002,Tehsil - Varanasi 0002,040001, 1 ENGLISH,455,234,221,10,6,4,445,228,217
C0116,09,67,0002,Tehsil - Varanasi 0002,044000,44 GONDI,25,16,9,8,5,3,17,11,6
C0116,09,67,0002,Tehsil - Varanasi 0002,044006, 1 GONDI,8,6,2,0,0,0,8,6,2
C0116,09,67,0002,Tehsil - Varanasi 0002,044999,44 Others,17,10,7,8,5,3,9,5,4
C0116,09,67,0002,Tehsil - Varanasi 0002,062000,62 KODA/KORA,1,0,1,0,0,0,1,0,1
C0116,09,67,0002,Tehsil - Varanasi 0002,062999,62 Others,1,0,1,0,0,0,1,0,1
C0116,09,67,0002,Tehsil - Varanasi 0002,068000,68 KORWA,1,1,0,0,0,0,1,1,0
C0116,09,67,0002,Tehsil - Varanasi 0002,068999,68 Others,1,1,0,0,0,0,1,1,0
C0116,09,67,0002,Tehsil - Varanasi 0002,071000,71 KUKI,2,1,1,2,1,1,0,0,0
C0116,09,67,0002,Tehsil - Varanasi 0002,071007, 1 KUKI,2,1,1,2,1,1,0,0,0
C0116,09,67,0002,Tehsil - Varanasi 0002,072000,72 KURUKH/ORAON,118,53,65,108,47,61,10,6,4
C0116,09,67,0002,Tehsil - Varanasi 0002,072009, 1 KURUKH/ORAON,117,52,65,108,47,61,9,5,4
C0116,09,67,0002,Tehsil - Varanasi 0002,072999,72 Others,1,1,0,0,0,0,1,1,0
C0116,09,67,0002,Tehsil - Varanasi 0002,090000,90 MUNDA,8,7,1,1,0,1,7,7,0
C0116,09,67,0002,Tehsil - Varanasi 0002,090006, 1 MUNDA,1,0,1,1,0,1,0,0,0
C0116,09,67,0002,Tehsil - Varanasi 0002,090999,90 Others,7,7,0,0,0,0,7,7,0
C0116,09,67,0002,Tehsil - Varanasi 0002,091000,91 MUNDARI,1,0,1,0,0,0,1,0,1
C0116,09,67,0002,Tehsil - Varanasi 0002,091004, 1 MUNDARI,1,0,1,0,0,0,1,0,1
C0116,09,67,0002,Tehsil - Varanasi 0002,093000,93 NISSI/DAFLA,1,1,0,0,0,0,1,1,0
C0116,09,67,0002,Tehsil - Varanasi 0002,093002, 1 BANGNI,1,1,0,0,0,0,1,1,0
C0116,09,67,0002,Tehsil - Varanasi 0002,114000,114 TIBETAN,22,11,11,0,0,0,22,11,11
C0116,09,67,0002,Tehsil - Varanasi 0002,114008, 1 TIBETAN,22,11,11,0,0,0,22,11,11
C0116,09,67,0002,Tehsil - Varanasi 0002,116000,116 TULU,1,1,0,0,0,0,1,1,0
C0116,09,67,0002,Tehsil - Varanasi 0002,116999,116 Others,1,1,0,0,0,0,1,1,0
C0116,09,67,0002,Tehsil - Varanasi 0002,123000,123 OTHERS,362,228,134,46,27,19,316,201,115
C0116,09,68,0000,District - Sant Ravidas Nagar Bhadohi *  68,002000,2 BENGALI,142,98,44,103,70,33,39,28,11
C0116,09,68,0000,District - Sant Ravidas Nagar Bhadohi *  68,002004, 1 BENGALI,142,98,44,103,70,33,39,28,11
C0116,09,68,0000,District - Sant Ravidas Nagar Bhadohi *  68,006000,6 HINDI,1312910,684356,628554,1174552,610682,563870,138358,73674,64684
C0116,09,68,0000,District - Sant Ravidas Nagar Bhadohi *  68,006008, 1 AWADHI,3413,1771,1642,3411,1770,1641,2,1,1
C0116,09,68,0000,District - Sant Ravidas Nagar Bhadohi *  68,006045, 2 BHOJPURI,23794,12416,11378,13304,6778,6526,10490,5638,4852
C0116,09,68,0000,District - Sant Ravidas Nagar Bhadohi *  68,006060, 3 BUNDELI/BUNDELKHANDI,43,30,13,30,21,9,13,9,4
C0116,09,68,0000,District - Sant Ravidas Nagar Bhadohi *  68,006072, 4 CHHATTISGARHI,218,109,109,218,109,109,0,0,0
C0116,09,68,0000,District - Sant Ravidas Nagar Bhadohi *  68,006095, 5 GARHWALI,169,106,63,104,63,41,65,43,22
C0116,09,68,0000,District - Sant Ravidas Nagar Bhadohi *  68,006118, 6 HINDI,1285208,669887,615321,1157421,601904,555517,127787,67983,59804
C0116,09,68,0000,District - Sant Ravidas Nagar Bhadohi *  68,006127, 7 JAUNSARI,1,0,1,0,0,0,1,0,1
C0116,09,68,0000,District - Sant Ravidas Nagar Bhadohi *  68,006162, 8 KUMAUNI,1,0,1,1,0,1,0,0,0
C0116,09,68,0000,District - Sant Ravidas Nagar Bhadohi *  68,006192, 9 MARWARI,4,2,2,4,2,2,0,0,0
C0116,09,68,0000,District - Sant Ravidas Nagar Bhadohi *  68,006213, 10 PAHARI,1,1,0,1,1,0,0,0,0
C0116,09,68,0000,District - Sant Ravidas Nagar Bhadohi *  68,006251, 11 SADAN/SADRI,53,30,23,53,30,23,0,0,0
C0116,09,68,0000,District - Sant Ravidas Nagar Bhadohi *  68,006999,6 Others,5,4,1,5,4,1,0,0,0
C0116,09,68,0000,District - Sant Ravidas Nagar Bhadohi *  68,007000,7 KANNADA,3,2,1,0,0,0,3,2,1
C0116,09,68,0000,District - Sant Ravidas Nagar Bhadohi *  68,007013, 1 KANNADA,3,2,1,0,0,0,3,2,1
C0116,09,68,0000,District - Sant Ravidas Nagar Bhadohi *  68,008000,8 KASHMIRI,6,2,4,6,2,4,0,0,0
C0116,09,68,0000,District - Sant Ravidas Nagar Bhadohi *  68,008002, 1 KASHMIRI,6,2,4,6,2,4,0,0,0
C0116,09,68,0000,District - Sant Ravidas Nagar Bhadohi *  68,010000,10 MAITHILI,57,50,7,57,50,7,0,0,0
C0116,09,68,0000,District - Sant Ravidas Nagar Bhadohi *  68,010006, 1 MAITHILI,57,50,7,57,50,7,0,0,0
C0116,09,68,0000,District - Sant Ravidas Nagar Bhadohi *  68,011000,11 MALAYALAM,117,52,65,108,48,60,9,4,5
C0116,09,68,0000,District - Sant Ravidas Nagar Bhadohi *  68,011013, 1 MALAYALAM,116,52,64,107,48,59,9,4,5
C0116,09,68,0000,District - Sant Ravidas Nagar Bhadohi *  68,011999,11 Others,1,0,1,1,0,1,0,0,0
C0116,09,68,0000,District - Sant Ravidas Nagar Bhadohi *  68,014000,14 NEPALI,147,83,64,116,69,47,31,14,17
C0116,09,68,0000,District - Sant Ravidas Nagar Bhadohi *  68,014009, 1 NEPALI,135,75,60,104,61,43,31,14,17
C0116,09,68,0000,District - Sant Ravidas Nagar Bhadohi *  68,014999,14 Others,12,8,4,12,8,4,0,0,0
C0116,09,68,0000,District - Sant Ravidas Nagar Bhadohi *  68,015000,15 ORIYA,15,9,6,3,2,1,12,7,5
C0116,09,68,0000,District - Sant Ravidas Nagar Bhadohi *  68,015031, 1 ORIYA,14,8,6,2,1,1,12,7,5
C0116,09,68,0000,District - Sant Ravidas Nagar Bhadohi *  68,015999,15 Others,1,1,0,1,1,0,0,0,0
C0116,09,68,0000,District - Sant Ravidas Nagar Bhadohi *  68,016000,16 PUNJABI,46,26,20,29,17,12,17,9,8
C0116,09,68,0000,District - Sant Ravidas Nagar Bhadohi *  68,016018, 1 PUNJABI,38,22,16,21,13,8,17,9,8
C0116,09,68,0000,District - Sant Ravidas Nagar Bhadohi *  68,016999,16 Others,8,4,4,8,4,4,0,0,0
C0116,09,68,0000,District - Sant Ravidas Nagar Bhadohi *  68,017000,17 SANSKRIT,2,2,0,2,2,0,0,0,0
C0116,09,68,0000,District - Sant Ravidas Nagar Bhadohi *  68,017002, 1 SANSKRIT,2,2,0,2,2,0,0,0,0
C0116,09,68,0000,District - Sant Ravidas Nagar Bhadohi *  68,019000,19 SINDHI,19,6,13,19,6,13,0,0,0
C0116,09,68,0000,District - Sant Ravidas Nagar Bhadohi *  68,019013, 1 SINDHI,19,6,13,19,6,13,0,0,0
C0116,09,68,0000,District - Sant Ravidas Nagar Bhadohi *  68,022000,22 URDU,40049,21189,18860,5059,2706,2353,34990,18483,16507
C0116,09,68,0000,District - Sant Ravidas Nagar Bhadohi *  68,022014, 1 URDU,40049,21189,18860,5059,2706,2353,34990,18483,16507
C0116,09,68,0000,District - Sant Ravidas Nagar Bhadohi *  68,028000,28 ARABIC/ARBI,25,19,6,0,0,0,25,19,6
C0116,09,68,0000,District - Sant Ravidas Nagar Bhadohi *  68,028001, 1 ARABIC/ARBI,25,19,6,0,0,0,25,19,6
C0116,09,68,0000,District - Sant Ravidas Nagar Bhadohi *  68,040000,40 ENGLISH,89,48,41,89,48,41,0,0,0
C0116,09,68,0000,District - Sant Ravidas Nagar Bhadohi *  68,040001, 1 ENGLISH,89,48,41,89,48,41,0,0,0
C0116,09,68,0000,District - Sant Ravidas Nagar Bhadohi *  68,072000,72 KURUKH/ORAON,17,17,0,17,17,0,0,0,0
C0116,09,68,0000,District - Sant Ravidas Nagar Bhadohi *  68,072009, 1 KURUKH/ORAON,17,17,0,17,17,0,0,0,0
C0116,09,68,0000,District - Sant Ravidas Nagar Bhadohi *  68,110000,110 TAMANG,27,19,8,27,19,8,0,0,0
C0116,09,68,0000,District - Sant Ravidas Nagar Bhadohi *  68,110001, 1 TAMANG,27,19,8,27,19,8,0,0,0
C0116,09,68,0000,District - Sant Ravidas Nagar Bhadohi *  68,123000,123 OTHERS,34,19,15,33,18,15,1,1,0
C0116,09,68,0001,Tehsil - Bhadohi 0001,002000,2 BENGALI,74,55,19,60,42,18,14,13,1
C0116,09,68,0001,Tehsil - Bhadohi 0001,002004, 1 BENGALI,74,55,19,60,42,18,14,13,1
C0116,09,68,0001,Tehsil - Bhadohi 0001,006000,6 HINDI,535327,277225,258102,457222,235523,221699,78105,41702,36403
C0116,09,68,0001,Tehsil - Bhadohi 0001,006008, 1 AWADHI,1828,912,916,1828,912,916,0,0,0
C0116,09,68,0001,Tehsil - Bhadohi 0001,006045, 2 BHOJPURI,5042,2464,2578,5030,2460,2570,12,4,8
C0116,09,68,0001,Tehsil - Bhadohi 0001,006060, 3 BUNDELI/BUNDELKHANDI,16,12,4,14,10,4,2,2,0
C0116,09,68,0001,Tehsil - Bhadohi 0001,006072, 4 CHHATTISGARHI,122,56,66,122,56,66,0,0,0
C0116,09,68,0001,Tehsil - Bhadohi 0001,006095, 5 GARHWALI,24,19,5,24,19,5,0,0,0
C0116,09,68,0001,Tehsil - Bhadohi 0001,006118, 6 HINDI,528236,273729,254507,450146,232033,218113,78090,41696,36394
C0116,09,68,0001,Tehsil - Bhadohi 0001,006127, 7 JAUNSARI,1,0,1,0,0,0,1,0,1
C0116,09,68,0001,Tehsil - Bhadohi 0001,006192, 8 MARWARI,4,2,2,4,2,2,0,0,0
C0116,09,68,0001,Tehsil - Bhadohi 0001,006213, 9 PAHARI,1,1,0,1,1,0,0,0,0
C0116,09,68,0001,Tehsil - Bhadohi 0001,006251, 10 SADAN/SADRI,53,30,23,53,30,23,0,0,0
C0116,09,68,0001,Tehsil - Bhadohi 0001,008000,8 KASHMIRI,6,2,4,6,2,4,0,0,0
C0116,09,68,0001,Tehsil - Bhadohi 0001,008002, 1 KASHMIRI,6,2,4,6,2,4,0,0,0
C0116,09,68,0001,Tehsil - Bhadohi 0001,010000,10 MAITHILI,57,50,7,57,50,7,0,0,0
C0116,09,68,0001,Tehsil - Bhadohi 0001,010006, 1 MAITHILI,57,50,7,57,50,7,0,0,0
C0116,09,68,0001,Tehsil - Bhadohi 0001,011000,11 MALAYALAM,80,39,41,80,39,41,0,0,0
C0116,09,68,0001,Tehsil - Bhadohi 0001,011013, 1 MALAYALAM,80,39,41,80,39,41,0,0,0
C0116,09,68,0001,Tehsil - Bhadohi 0001,014000,14 NEPALI,112,72,40,94,61,33,18,11,7
C0116,09,68,0001,Tehsil - Bhadohi 0001,014009, 1 NEPALI,100,64,36,82,53,29,18,11,7
C0116,09,68,0001,Tehsil - Bhadohi 0001,014999,14 Others,12,8,4,12,8,4,0,0,0
C0116,09,68,0001,Tehsil - Bhadohi 0001,015000,15 ORIYA,11,6,5,1,1,0,10,5,5
C0116,09,68,0001,Tehsil - Bhadohi 0001,015031, 1 ORIYA,10,5,5,0,0,0,10,5,5
C0116,09,68,0001,Tehsil - Bhadohi 0001,015999,15 Others,1,1,0,1,1,0,0,0,0
C0116,09,68,0001,Tehsil - Bhadohi 0001,016000,16 PUNJABI,32,17,15,21,12,9,11,5,6
C0116,09,68,0001,Tehsil - Bhadohi 0001,016018, 1 PUNJABI,25,13,12,14,8,6,11,5,6
C0116,09,68,0001,Tehsil - Bhadohi 0001,016999,16 Others,7,4,3,7,4,3,0,0,0
C0116,09,68,0001,Tehsil - Bhadohi 0001,019000,19 SINDHI,19,6,13,19,6,13,0,0,0
C0116,09,68,0001,Tehsil - Bhadohi 0001,019013, 1 SINDHI,19,6,13,19,6,13,0,0,0
C0116,09,68,0001,Tehsil - Bhadohi 0001,022000,22 URDU,27056,14327,12729,1381,762,619,25675,13565,12110
C0116,09,68,0001,Tehsil - Bhadohi 0001,022014, 1 URDU,27056,14327,12729,1381,762,619,25675,13565,12110
C0116,09,68,0001,Tehsil - Bhadohi 0001,040000,40 ENGLISH,2,1,1,2,1,1,0,0,0
C0116,09,68,0001,Tehsil - Bhadohi 0001,040001, 1 ENGLISH,2,1,1,2,1,1,0,0,0
C0116,09,68,0001,Tehsil - Bhadohi 0001,072000,72 KURUKH/ORAON,17,17,0,17,17,0,0,0,0
C0116,09,68,0001,Tehsil - Bhadohi 0001,072009, 1 KURUKH/ORAON,17,17,0,17,17,0,0,0,0
C0116,09,68,0001,Tehsil - Bhadohi 0001,110000,110 TAMANG,27,19,8,27,19,8,0,0,0
C0116,09,68,0001,Tehsil - Bhadohi 0001,110001, 1 TAMANG,27,19,8,27,19,8,0,0,0
C0116,09,68,0001,Tehsil - Bhadohi 0001,123000,123 OTHERS,23,15,8,23,15,8,0,0,0
C0116,09,68,0002,Tehsil - Gyanpur 0002,002000,2 BENGALI,68,43,25,43,28,15,25,15,10
C0116,09,68,0002,Tehsil - Gyanpur 0002,002004, 1 BENGALI,68,43,25,43,28,15,25,15,10
C0116,09,68,0002,Tehsil - Gyanpur 0002,006000,6 HINDI,777583,407131,370452,717330,375159,342171,60253,31972,28281
C0116,09,68,0002,Tehsil - Gyanpur 0002,006008, 1 AWADHI,1585,859,726,1583,858,725,2,1,1
C0116,09,68,0002,Tehsil - Gyanpur 0002,006045, 2 BHOJPURI,18752,9952,8800,8274,4318,3956,10478,5634,4844
C0116,09,68,0002,Tehsil - Gyanpur 0002,006060, 3 BUNDELI/BUNDELKHANDI,27,18,9,16,11,5,11,7,4
C0116,09,68,0002,Tehsil - Gyanpur 0002,006072, 4 CHHATTISGARHI,96,53,43,96,53,43,0,0,0
C0116,09,68,0002,Tehsil - Gyanpur 0002,006095, 5 GARHWALI,145,87,58,80,44,36,65,43,22
C0116,09,68,0002,Tehsil - Gyanpur 0002,006118, 6 HINDI,756972,396158,360814,707275,369871,337404,49697,26287,23410
C0116,09,68,0002,Tehsil - Gyanpur 0002,006162, 7 KUMAUNI,1,0,1,1,0,1,0,0,0
C0116,09,68,0002,Tehsil - Gyanpur 0002,006999,6 Others,5,4,1,5,4,1,0,0,0
C0116,09,68,0002,Tehsil - Gyanpur 0002,007000,7 KANNADA,3,2,1,0,0,0,3,2,1
C0116,09,68,0002,Tehsil - Gyanpur 0002,007013, 1 KANNADA,3,2,1,0,0,0,3,2,1
C0116,09,68,0002,Tehsil - Gyanpur 0002,011000,11 MALAYALAM,37,13,24,28,9,19,9,4,5
C0116,09,68,0002,Tehsil - Gyanpur 0002,011013, 1 MALAYALAM,36,13,23,27,9,18,9,4,5
C0116,09,68,0002,Tehsil - Gyanpur 0002,011999,11 Others,1,0,1,1,0,1,0,0,0
C0116,09,68,0002,Tehsil - Gyanpur 0002,014000,14 NEPALI,35,11,24,22,8,14,13,3,10
C0116,09,68,0002,Tehsil - Gyanpur 0002,014009, 1 NEPALI,35,11,24,22,8,14,13,3,10
C0116,09,68,0002,Tehsil - Gyanpur 0002,015000,15 ORIYA,4,3,1,2,1,1,2,2,0
C0116,09,68,0002,Tehsil - Gyanpur 0002,015031, 1 ORIYA,4,3,1,2,1,1,2,2,0
C0116,09,68,0002,Tehsil - Gyanpur 0002,016000,16 PUNJABI,14,9,5,8,5,3,6,4,2
C0116,09,68,0002,Tehsil - Gyanpur 0002,016018, 1 PUNJABI,13,9,4,7,5,2,6,4,2
C0116,09,68,0002,Tehsil - Gyanpur 0002,016999,16 Others,1,0,1,1,0,1,0,0,0
C0116,09,68,0002,Tehsil - Gyanpur 0002,017000,17 SANSKRIT,2,2,0,2,2,0,0,0,0
C0116,09,68,0002,Tehsil - Gyanpur 0002,017002, 1 SANSKRIT,2,2,0,2,2,0,0,0,0
C0116,09,68,0002,Tehsil - Gyanpur 0002,022000,22 URDU,12993,6862,6131,3678,1944,1734,9315,4918,4397
C0116,09,68,0002,Tehsil - Gyanpur 0002,022014, 1 URDU,12993,6862,6131,3678,1944,1734,9315,4918,4397
C0116,09,68,0002,Tehsil - Gyanpur 0002,028000,28 ARABIC/ARBI,25,19,6,0,0,0,25,19,6
C0116,09,68,0002,Tehsil - Gyanpur 0002,028001, 1 ARABIC/ARBI,25,19,6,0,0,0,25,19,6
C0116,09,68,0002,Tehsil - Gyanpur 0002,040000,40 ENGLISH,87,47,40,87,47,40,0,0,0
C0116,09,68,0002,Tehsil - Gyanpur 0002,040001, 1 ENGLISH,87,47,40,87,47,40,0,0,0
C0116,09,68,0002,Tehsil - Gyanpur 0002,123000,123 OTHERS,11,4,7,10,3,7,1,1,0
C0116,09,69,0000,District - Mirzapur  69,002000,2 BENGALI,284,144,140,47,24,23,237,120,117
C0116,09,69,0000,District - Mirzapur  69,002004, 1 BENGALI,284,144,140,47,24,23,237,120,117
C0116,09,69,0000,District - Mirzapur  69,005000,5 GUJARATI,14,5,9,5,3,2,9,2,7
C0116,09,69,0000,District - Mirzapur  69,005011, 1 GUJARATI,9,2,7,0,0,0,9,2,7
C0116,09,69,0000,District - Mirzapur  69,005999,5 Others,5,3,2,5,3,2,0,0,0
C0116,09,69,0000,District - Mirzapur  69,006000,6 HINDI,2076063,1094196,981867,1807060,950677,856383,269003,143519,125484
C0116,09,69,0000,District - Mirzapur  69,006008, 1 AWADHI,613,348,265,572,326,246,41,22,19
C0116,09,69,0000,District - Mirzapur  69,006016, 2 BAGHELI/BAGHEL KHANDI,12,1,11,12,1,11,0,0,0
C0116,09,69,0000,District - Mirzapur  69,006045, 3 BHOJPURI,349063,182296,166767,331018,172842,158176,18045,9454,8591
C0116,09,69,0000,District - Mirzapur  69,006060, 4 BUNDELI/BUNDELKHANDI,55,32,23,24,14,10,31,18,13
C0116,09,69,0000,District - Mirzapur  69,006072, 5 CHHATTISGARHI,412,212,200,412,212,200,0,0,0
C0116,09,69,0000,District - Mirzapur  69,006095, 6 GARHWALI,801,474,327,710,424,286,91,50,41
C0116,09,69,0000,District - Mirzapur  69,006118, 7 HINDI,1724576,910558,814018,1473945,776667,697278,250631,133891,116740
C0116,09,69,0000,District - Mirzapur  69,006127, 8 JAUNSARI,14,9,5,12,8,4,2,1,1
C0116,09,69,0000,District - Mirzapur  69,006148, 9 KHARI BOLI,146,75,71,0,0,0,146,75,71
C0116,09,69,0000,District - Mirzapur  69,006162, 10 KUMAUNI,1,1,0,0,0,0,1,1,0
C0116,09,69,0000,District - Mirzapur  69,006192, 11 MARWARI,5,1,4,0,0,0,5,1,4
C0116,09,69,0000,District - Mirzapur  69,006204, 12 NAGPURIA,11,4,7,11,4,7,0,0,0
C0116,09,69,0000,District - Mirzapur  69,006242, 13 RAJASTHANI,1,1,0,1,1,0,0,0,0
C0116,09,69,0000,District - Mirzapur  69,006251, 14 SADAN/SADRI,53,29,24,53,29,24,0,0,0
C0116,09,69,0000,District - Mirzapur  69,006999,6 Others,300,155,145,290,149,141,10,6,4
C0116,09,69,0000,District - Mirzapur  69,007000,7 KANNADA,5,4,1,2,2,0,3,2,1
C0116,09,69,0000,District - Mirzapur  69,007013, 1 KANNADA,3,2,1,0,0,0,3,2,1
C0116,09,69,0000,District - Mirzapur  69,007999,7 Others,2,2,0,2,2,0,0,0,0
C0116,09,69,0000,District - Mirzapur  69,011000,11 MALAYALAM,33,12,21,2,0,2,31,12,19
C0116,09,69,0000,District - Mirzapur  69,011013, 1 MALAYALAM,33,12,21,2,0,2,31,12,19
C0116,09,69,0000,District - Mirzapur  69,012000,12 MANIPURI,1,1,0,1,1,0,0,0,0
C0116,09,69,0000,District - Mirzapur  69,012002, 1 MANIPURI,1,1,0,1,1,0,0,0,0
C0116,09,69,0000,District - Mirzapur  69,013000,13 MARATHI,64,40,24,15,10,5,49,30,19
C0116,09,69,0000,District - Mirzapur  69,013048, 1 MARATHI,64,40,24,15,10,5,49,30,19
C0116,09,69,0000,District - Mirzapur  69,014000,14 NEPALI,7530,4082,3448,6286,3414,2872,1244,668,576
C0116,09,69,0000,District - Mirzapur  69,014009, 1 NEPALI,7530,4082,3448,6286,3414,2872,1244,668,576
C0116,09,69,0000,District - Mirzapur  69,015000,15 ORIYA,23,15,8,19,11,8,4,4,0
C0116,09,69,0000,District - Mirzapur  69,015031, 1 ORIYA,23,15,8,19,11,8,4,4,0
C0116,09,69,0000,District - Mirzapur  69,016000,16 PUNJABI,619,326,293,129,66,63,490,260,230
C0116,09,69,0000,District - Mirzapur  69,016018, 1 PUNJABI,508,269,239,18,9,9,490,260,230
C0116,09,69,0000,District - Mirzapur  69,016999,16 Others,111,57,54,111,57,54,0,0,0
C0116,09,69,0000,District - Mirzapur  69,019000,19 SINDHI,11,4,7,0,0,0,11,4,7
C0116,09,69,0000,District - Mirzapur  69,019013, 1 SINDHI,11,4,7,0,0,0,11,4,7
C0116,09,69,0000,District - Mirzapur  69,020000,20 TAMIL,16,13,3,15,13,2,1,0,1
C0116,09,69,0000,District - Mirzapur  69,020020, 1 TAMIL,16,13,3,15,13,2,1,0,1
C0116,09,69,0000,District - Mirzapur  69,021000,21 TELUGU,22,16,6,9,9,0,13,7,6
C0116,09,69,0000,District - Mirzapur  69,021035, 1 TELUGU,22,16,6,9,9,0,13,7,6
C0116,09,69,0000,District - Mirzapur  69,022000,22 URDU,31072,16245,14827,15712,8212,7500,15360,8033,7327
C0116,09,69,0000,District - Mirzapur  69,022014, 1 URDU,31072,16245,14827,15712,8212,7500,15360,8033,7327
C0116,09,69,0000,District - Mirzapur  69,028000,28 ARABIC/ARBI,49,23,26,32,18,14,17,5,12
C0116,09,69,0000,District - Mirzapur  69,028001, 1 ARABIC/ARBI,49,23,26,32,18,14,17,5,12
C0116,09,69,0000,District - Mirzapur  69,040000,40 ENGLISH,22,13,9,13,7,6,9,6,3
C0116,09,69,0000,District - Mirzapur  69,040001, 1 ENGLISH,22,13,9,13,7,6,9,6,3
C0116,09,69,0000,District - Mirzapur  69,044000,44 GONDI,1,0,1,1,0,1,0,0,0
C0116,09,69,0000,District - Mirzapur  69,044999,44 Others,1,0,1,1,0,1,0,0,0
C0116,09,69,0000,District - Mirzapur  69,072000,72 KURUKH/ORAON,34,15,19,34,15,19,0,0,0
C0116,09,69,0000,District - Mirzapur  69,072009, 1 KURUKH/ORAON,34,15,19,34,15,19,0,0,0
C0116,09,69,0000,District - Mirzapur  69,082000,82 LUSHAI/MIZO,4,2,2,0,0,0,4,2,2
C0116,09,69,0000,District - Mirzapur  69,082003, 1 LUSHAI/MIZO,4,2,2,0,0,0,4,2,2
C0116,09,69,0000,District - Mirzapur  69,087000,87 MISHMI,1,0,1,1,0,1,0,0,0
C0116,09,69,0000,District - Mirzapur  69,087999,87 Others,1,0,1,1,0,1,0,0,0
C0116,09,69,0000,District - Mirzapur  69,090000,90 MUNDA,3,0,3,3,0,3,0,0,0
C0116,09,69,0000,District - Mirzapur  69,090003, 1 KOL,1,0,1,1,0,1,0,0,0
C0116,09,69,0000,District - Mirzapur  69,090006, 2 MUNDA,2,0,2,2,0,2,0,0,0
C0116,09,69,0000,District - Mirzapur  69,112000,112 TANGSA,1,0,1,1,0,1,0,0,0
C0116,09,69,0000,District - Mirzapur  69,112017, 1 TANGSA,1,0,1,1,0,1,0,0,0
C0116,09,69,0000,District - Mirzapur  69,123000,123 OTHERS,170,93,77,149,78,71,21,15,6
C0116,09,69,0001,Tehsil - Mirzapur 0001,002000,2 BENGALI,150,78,72,16,5,11,134,73,61
C0116,09,69,0001,Tehsil - Mirzapur 0001,002004, 1 BENGALI,150,78,72,16,5,11,134,73,61
C0116,09,69,0001,Tehsil - Mirzapur 0001,005000,5 GUJARATI,9,2,7,0,0,0,9,2,7
C0116,09,69,0001,Tehsil - Mirzapur 0001,005011, 1 GUJARATI,9,2,7,0,0,0,9,2,7
C0116,09,69,0001,Tehsil - Mirzapur 0001,006000,6 HINDI,953811,505920,447891,743264,393137,350127,210547,112783,97764
C0116,09,69,0001,Tehsil - Mirzapur 0001,006008, 1 AWADHI,16,9,7,0,0,0,16,9,7
C0116,09,69,0001,Tehsil - Mirzapur 0001,006045, 2 BHOJPURI,4213,2330,1883,3065,1696,1369,1148,634,514
C0116,09,69,0001,Tehsil - Mirzapur 0001,006060, 3 BUNDELI/BUNDELKHANDI,32,16,16,12,5,7,20,11,9
C0116,09,69,0001,Tehsil - Mirzapur 0001,006072, 4 CHHATTISGARHI,157,80,77,157,80,77,0,0,0
C0116,09,69,0001,Tehsil - Mirzapur 0001,006095, 5 GARHWALI,26,14,12,18,10,8,8,4,4
C0116,09,69,0001,Tehsil - Mirzapur 0001,006118, 6 HINDI,949330,503449,445881,739994,391335,348659,209336,112114,97222
C0116,09,69,0001,Tehsil - Mirzapur 0001,006127, 7 JAUNSARI,13,8,5,11,7,4,2,1,1
C0116,09,69,0001,Tehsil - Mirzapur 0001,006148, 8 KHARI BOLI,11,8,3,0,0,0,11,8,3
C0116,09,69,0001,Tehsil - Mirzapur 0001,006192, 9 MARWARI,5,1,4,0,0,0,5,1,4
C0116,09,69,0001,Tehsil - Mirzapur 0001,006242, 10 RAJASTHANI,1,1,0,1,1,0,0,0,0
C0116,09,69,0001,Tehsil - Mirzapur 0001,006999,6 Others,7,4,3,6,3,3,1,1,0
C0116,09,69,0001,Tehsil - Mirzapur 0001,007000,7 KANNADA,2,1,1,0,0,0,2,1,1
C0116,09,69,0001,Tehsil - Mirzapur 0001,007013, 1 KANNADA,2,1,1,0,0,0,2,1,1
C0116,09,69,0001,Tehsil - Mirzapur 0001,011000,11 MALAYALAM,25,11,14,1,0,1,24,11,13
C0116,09,69,0001,Tehsil - Mirzapur 0001,011013, 1 MALAYALAM,25,11,14,1,0,1,24,11,13
C0116,09,69,0001,Tehsil - Mirzapur 0001,013000,13 MARATHI,37,24,13,0,0,0,37,24,13
C0116,09,69,0001,Tehsil - Mirzapur 0001,013048, 1 MARATHI,37,24,13,0,0,0,37,24,13
C0116,09,69,0001,Tehsil - Mirzapur 0001,014000,14 NEPALI,4305,2351,1954,3289,1807,1482,1016,544,472
C0116,09,69,0001,Tehsil - Mirzapur 0001,014009, 1 NEPALI,4305,2351,1954,3289,1807,1482,1016,544,472
C0116,09,69,0001,Tehsil - Mirzapur 0001,015000,15 ORIYA,18,10,8,17,9,8,1,1,0
C0116,09,69,0001,Tehsil - Mirzapur 0001,015031, 1 ORIYA,18,10,8,17,9,8,1,1,0
C0116,09,69,0001,Tehsil - Mirzapur 0001,016000,16 PUNJABI,425,230,195,0,0,0,425,230,195
C0116,09,69,0001,Tehsil - Mirzapur 0001,016018, 1 PUNJABI,425,230,195,0,0,0,425,230,195
C0116,09,69,0001,Tehsil - Mirzapur 0001,019000,19 SINDHI,11,4,7,0,0,0,11,4,7
C0116,09,69,0001,Tehsil - Mirzapur 0001,019013, 1 SINDHI,11,4,7,0,0,0,11,4,7
C0116,09,69,0001,Tehsil - Mirzapur 0001,020000,20 TAMIL,1,0,1,0,0,0,1,0,1
C0116,09,69,0001,Tehsil - Mirzapur 0001,020020, 1 TAMIL,1,0,1,0,0,0,1,0,1
C0116,09,69,0001,Tehsil - Mirzapur 0001,021000,21 TELUGU,3,1,2,0,0,0,3,1,2
C0116,09,69,0001,Tehsil - Mirzapur 0001,021035, 1 TELUGU,3,1,2,0,0,0,3,1,2
C0116,09,69,0001,Tehsil - Mirzapur 0001,022000,22 URDU,20774,10826,9948,7562,3920,3642,13212,6906,6306
C0116,09,69,0001,Tehsil - Mirzapur 0001,022014, 1 URDU,20774,10826,9948,7562,3920,3642,13212,6906,6306
C0116,09,69,0001,Tehsil - Mirzapur 0001,028000,28 ARABIC/ARBI,7,1,6,0,0,0,7,1,6
C0116,09,69,0001,Tehsil - Mirzapur 0001,028001, 1 ARABIC/ARBI,7,1,6,0,0,0,7,1,6
C0116,09,69,0001,Tehsil - Mirzapur 0001,040000,40 ENGLISH,9,5,4,5,2,3,4,3,1
C0116,09,69,0001,Tehsil - Mirzapur 0001,040001, 1 ENGLISH,9,5,4,5,2,3,4,3,1
C0116,09,69,0001,Tehsil - Mirzapur 0001,044000,44 GONDI,1,0,1,1,0,1,0,0,0
C0116,09,69,0001,Tehsil - Mirzapur 0001,044999,44 Others,1,0,1,1,0,1,0,0,0
C0116,09,69,0001,Tehsil - Mirzapur 0001,082000,82 LUSHAI/MIZO,4,2,2,0,0,0,4,2,2
C0116,09,69,0001,Tehsil - Mirzapur 0001,082003, 1 LUSHAI/MIZO,4,2,2,0,0,0,4,2,2
C0116,09,69,0001,Tehsil - Mirzapur 0001,123000,123 OTHERS,38,21,17,23,10,13,15,11,4
C0116,09,69,0002,Tehsil - Lalganj 0002,002000,2 BENGALI,1,0,1,1,0,1,0,0,0
C0116,09,69,0002,Tehsil - Lalganj 0002,002004, 1 BENGALI,1,0,1,1,0,1,0,0,0
C0116,09,69,0002,Tehsil - Lalganj 0002,006000,6 HINDI,284608,150342,134266,284608,150342,134266,0,0,0
C0116,09,69,0002,Tehsil - Lalganj 0002,006008, 1 AWADHI,572,326,246,572,326,246,0,0,0
C0116,09,69,0002,Tehsil - Lalganj 0002,006016, 2 BAGHELI/BAGHEL KHANDI,12,1,11,12,1,11,0,0,0
C0116,09,69,0002,Tehsil - Lalganj 0002,006045, 3 BHOJPURI,64,31,33,64,31,33,0,0,0
C0116,09,69,0002,Tehsil - Lalganj 0002,006095, 4 GARHWALI,2,1,1,2,1,1,0,0,0
C0116,09,69,0002,Tehsil - Lalganj 0002,006118, 5 HINDI,283949,149978,133971,283949,149978,133971,0,0,0
C0116,09,69,0002,Tehsil - Lalganj 0002,006127, 6 JAUNSARI,1,1,0,1,1,0,0,0,0
C0116,09,69,0002,Tehsil - Lalganj 0002,006999,6 Others,8,4,4,8,4,4,0,0,0
C0116,09,69,0002,Tehsil - Lalganj 0002,013000,13 MARATHI,9,5,4,9,5,4,0,0,0
C0116,09,69,0002,Tehsil - Lalganj 0002,013048, 1 MARATHI,9,5,4,9,5,4,0,0,0
C0116,09,69,0002,Tehsil - Lalganj 0002,014000,14 NEPALI,1036,564,472,1036,564,472,0,0,0
C0116,09,69,0002,Tehsil - Lalganj 0002,014009, 1 NEPALI,1036,564,472,1036,564,472,0,0,0
C0116,09,69,0002,Tehsil - Lalganj 0002,022000,22 URDU,2324,1241,1083,2324,1241,1083,0,0,0
C0116,09,69,0002,Tehsil - Lalganj 0002,022014, 1 URDU,2324,1241,1083,2324,1241,1083,0,0,0
C0116,09,69,0002,Tehsil - Lalganj 0002,123000,123 OTHERS,5,2,3,5,2,3,0,0,0
C0116,09,69,0003,Tehsil - Marihan 0003,002000,2 BENGALI,2,2,0,2,2,0,0,0,0
C0116,09,69,0003,Tehsil - Marihan 0003,002004, 1 BENGALI,2,2,0,2,2,0,0,0,0
C0116,09,69,0003,Tehsil - Marihan 0003,006000,6 HINDI,188179,98458,89721,188179,98458,89721,0,0,0
C0116,09,69,0003,Tehsil - Marihan 0003,006045, 1 BHOJPURI,7171,3803,3368,7171,3803,3368,0,0,0
C0116,09,69,0003,Tehsil - Marihan 0003,006060, 2 BUNDELI/BUNDELKHANDI,2,1,1,2,1,1,0,0,0
C0116,09,69,0003,Tehsil - Marihan 0003,006095, 3 GARHWALI,24,12,12,24,12,12,0,0,0
C0116,09,69,0003,Tehsil - Marihan 0003,006118, 4 HINDI,180981,94642,86339,180981,94642,86339,0,0,0
C0116,09,69,0003,Tehsil - Marihan 0003,006999,6 Others,1,0,1,1,0,1,0,0,0
C0116,09,69,0003,Tehsil - Marihan 0003,011000,11 MALAYALAM,1,0,1,1,0,1,0,0,0
C0116,09,69,0003,Tehsil - Marihan 0003,011013, 1 MALAYALAM,1,0,1,1,0,1,0,0,0
C0116,09,69,0003,Tehsil - Marihan 0003,014000,14 NEPALI,740,372,368,740,372,368,0,0,0
C0116,09,69,0003,Tehsil - Marihan 0003,014009, 1 NEPALI,740,372,368,740,372,368,0,0,0
C0116,09,69,0003,Tehsil - Marihan 0003,016000,16 PUNJABI,1,1,0,1,1,0,0,0,0
C0116,09,69,0003,Tehsil - Marihan 0003,016018, 1 PUNJABI,1,1,0,1,1,0,0,0,0
C0116,09,69,0003,Tehsil - Marihan 0003,020000,20 TAMIL,2,1,1,2,1,1,0,0,0
C0116,09,69,0003,Tehsil - Marihan 0003,020020, 1 TAMIL,2,1,1,2,1,1,0,0,0
C0116,09,69,0003,Tehsil - Marihan 0003,022000,22 URDU,1017,518,499,1017,518,499,0,0,0
C0116,09,69,0003,Tehsil - Marihan 0003,022014, 1 URDU,1017,518,499,1017,518,499,0,0,0
C0116,09,69,0003,Tehsil - Marihan 0003,028000,28 ARABIC/ARBI,4,4,0,4,4,0,0,0,0
C0116,09,69,0003,Tehsil - Marihan 0003,028001, 1 ARABIC/ARBI,4,4,0,4,4,0,0,0,0
C0116,09,69,0003,Tehsil - Marihan 0003,087000,87 MISHMI,1,0,1,1,0,1,0,0,0
C0116,09,69,0003,Tehsil - Marihan 0003,087999,87 Others,1,0,1,1,0,1,0,0,0
C0116,09,69,0003,Tehsil - Marihan 0003,090000,90 MUNDA,1,0,1,1,0,1,0,0,0
C0116,09,69,0003,Tehsil - Marihan 0003,090003, 1 KOL,1,0,1,1,0,1,0,0,0
C0116,09,69,0003,Tehsil - Marihan 0003,112000,112 TANGSA,1,0,1,1,0,1,0,0,0
C0116,09,69,0003,Tehsil - Marihan 0003,112017, 1 TANGSA,1,0,1,1,0,1,0,0,0
C0116,09,69,0003,Tehsil - Marihan 0003,123000,123 OTHERS,1,0,1,1,0,1,0,0,0
C0116,09,69,0004,Tehsil - Chunar 0004,002000,2 BENGALI,131,64,67,28,17,11,103,47,56
C0116,09,69,0004,Tehsil - Chunar 0004,002004, 1 BENGALI,131,64,67,28,17,11,103,47,56
C0116,09,69,0004,Tehsil - Chunar 0004,005000,5 GUJARATI,5,3,2,5,3,2,0,0,0
C0116,09,69,0004,Tehsil - Chunar 0004,005999,5 Others,5,3,2,5,3,2,0,0,0
C0116,09,69,0004,Tehsil - Chunar 0004,006000,6 HINDI,649465,339476,309989,591009,308740,282269,58456,30736,27720
C0116,09,69,0004,Tehsil - Chunar 0004,006008, 1 AWADHI,25,13,12,0,0,0,25,13,12
C0116,09,69,0004,Tehsil - Chunar 0004,006045, 2 BHOJPURI,337615,176132,161483,320718,167312,153406,16897,8820,8077
C0116,09,69,0004,Tehsil - Chunar 0004,006060, 3 BUNDELI/BUNDELKHANDI,21,15,6,10,8,2,11,7,4
C0116,09,69,0004,Tehsil - Chunar 0004,006072, 4 CHHATTISGARHI,255,132,123,255,132,123,0,0,0
C0116,09,69,0004,Tehsil - Chunar 0004,006095, 5 GARHWALI,749,447,302,666,401,265,83,46,37
C0116,09,69,0004,Tehsil - Chunar 0004,006118, 6 HINDI,310316,162489,147827,269021,140712,128309,41295,21777,19518
C0116,09,69,0004,Tehsil - Chunar 0004,006148, 7 KHARI BOLI,135,67,68,0,0,0,135,67,68
C0116,09,69,0004,Tehsil - Chunar 0004,006162, 8 KUMAUNI,1,1,0,0,0,0,1,1,0
C0116,09,69,0004,Tehsil - Chunar 0004,006204, 9 NAGPURIA,11,4,7,11,4,7,0,0,0
C0116,09,69,0004,Tehsil - Chunar 0004,006251, 10 SADAN/SADRI,53,29,24,53,29,24,0,0,0
C0116,09,69,0004,Tehsil - Chunar 0004,006999,6 Others,284,147,137,275,142,133,9,5,4
C0116,09,69,0004,Tehsil - Chunar 0004,007000,7 KANNADA,3,3,0,2,2,0,1,1,0
C0116,09,69,0004,Tehsil - Chunar 0004,007013, 1 KANNADA,1,1,0,0,0,0,1,1,0
C0116,09,69,0004,Tehsil - Chunar 0004,007999,7 Others,2,2,0,2,2,0,0,0,0
C0116,09,69,0004,Tehsil - Chunar 0004,011000,11 MALAYALAM,7,1,6,0,0,0,7,1,6
C0116,09,69,0004,Tehsil - Chunar 0004,011013, 1 MALAYALAM,7,1,6,0,0,0,7,1,6
C0116,09,69,0004,Tehsil - Chunar 0004,012000,12 MANIPURI,1,1,0,1,1,0,0,0,0
C0116,09,69,0004,Tehsil - Chunar 0004,012002, 1 MANIPURI,1,1,0,1,1,0,0,0,0
C0116,09,69,0004,Tehsil - Chunar 0004,013000,13 MARATHI,18,11,7,6,5,1,12,6,6
C0116,09,69,0004,Tehsil - Chunar 0004,013048, 1 MARATHI,18,11,7,6,5,1,12,6,6
C0116,09,69,0004,Tehsil - Chunar 0004,014000,14 NEPALI,1449,795,654,1221,671,550,228,124,104
C0116,09,69,0004,Tehsil - Chunar 0004,014009, 1 NEPALI,1449,795,654,1221,671,550,228,124,104
C0116,09,69,0004,Tehsil - Chunar 0004,015000,15 ORIYA,5,5,0,2,2,0,3,3,0
C0116,09,69,0004,Tehsil - Chunar 0004,015031, 1 ORIYA,5,5,0,2,2,0,3,3,0
C0116,09,69,0004,Tehsil - Chunar 0004,016000,16 PUNJABI,193,95,98,128,65,63,65,30,35
C0116,09,69,0004,Tehsil - Chunar 0004,016018, 1 PUNJABI,82,38,44,17,8,9,65,30,35
C0116,09,69,0004,Tehsil - Chunar 0004,016999,16 Others,111,57,54,111,57,54,0,0,0
C0116,09,69,0004,Tehsil - Chunar 0004,020000,20 TAMIL,13,12,1,13,12,1,0,0,0
C0116,09,69,0004,Tehsil - Chunar 0004,020020, 1 TAMIL,13,12,1,13,12,1,0,0,0
C0116,09,69,0004,Tehsil - Chunar 0004,021000,21 TELUGU,19,15,4,9,9,0,10,6,4
C0116,09,69,0004,Tehsil - Chunar 0004,021035, 1 TELUGU,19,15,4,9,9,0,10,6,4
C0116,09,69,0004,Tehsil - Chunar 0004,022000,22 URDU,6957,3660,3297,4809,2533,2276,2148,1127,1021
C0116,09,69,0004,Tehsil - Chunar 0004,022014, 1 URDU,6957,3660,3297,4809,2533,2276,2148,1127,1021
C0116,09,69,0004,Tehsil - Chunar 0004,028000,28 ARABIC/ARBI,38,18,20,28,14,14,10,4,6
C0116,09,69,0004,Tehsil - Chunar 0004,028001, 1 ARABIC/ARBI,38,18,20,28,14,14,10,4,6
C0116,09,69,0004,Tehsil - Chunar 0004,040000,40 ENGLISH,13,8,5,8,5,3,5,3,2
C0116,09,69,0004,Tehsil - Chunar 0004,040001, 1 ENGLISH,13,8,5,8,5,3,5,3,2
C0116,09,69,0004,Tehsil - Chunar 0004,072000,72 KURUKH/ORAON,34,15,19,34,15,19,0,0,0
C0116,09,69,0004,Tehsil - Chunar 0004,072009, 1 KURUKH/ORAON,34,15,19,34,15,19,0,0,0
C0116,09,69,0004,Tehsil - Chunar 0004,090000,90 MUNDA,2,0,2,2,0,2,0,0,0
C0116,09,69,0004,Tehsil - Chunar 0004,090006, 1 MUNDA,2,0,2,2,0,2,0,0,0
C0116,09,69,0004,Tehsil - Chunar 0004,123000,123 OTHERS,126,70,56,120,66,54,6,4,2
C0116,09,70,0000,District - Sonbhadra  70,001000,1 ASSAMESE,59,42,17,0,0,0,59,42,17
C0116,09,70,0000,District - Sonbhadra  70,001002, 1 ASSAMESE,59,42,17,0,0,0,59,42,17
C0116,09,70,0000,District - Sonbhadra  70,002000,2 BENGALI,2781,1446,1335,263,159,104,2518,1287,1231
C0116,09,70,0000,District - Sonbhadra  70,002004, 1 BENGALI,2776,1444,1332,263,159,104,2513,1285,1228
C0116,09,70,0000,District - Sonbhadra  70,002023, 2 RAJBANGSI,1,0,1,0,0,0,1,0,1
C0116,09,70,0000,District - Sonbhadra  70,002999,2 Others,4,2,2,0,0,0,4,2,2
C0116,09,70,0000,District - Sonbhadra  70,003000,3 BODO,8,3,5,0,0,0,8,3,5
C0116,09,70,0000,District - Sonbhadra  70,003001, 1 BODO,8,3,5,0,0,0,8,3,5
C0116,09,70,0000,District - Sonbhadra  70,004000,4 DOGRI,8,4,4,0,0,0,8,4,4
C0116,09,70,0000,District - Sonbhadra  70,004001, 1 DOGRI,8,4,4,0,0,0,8,4,4
C0116,09,70,0000,District - Sonbhadra  70,005000,5 GUJARATI,69,39,30,15,9,6,54,30,24
C0116,09,70,0000,District - Sonbhadra  70,005011, 1 GUJARATI,63,36,27,15,9,6,48,27,21
C0116,09,70,0000,District - Sonbhadra  70,005999,5 Others,6,3,3,0,0,0,6,3,3
C0116,09,70,0000,District - Sonbhadra  70,006000,6 HINDI,1441840,759232,682608,1180458,615966,564492,261382,143266,118116
C0116,09,70,0000,District - Sonbhadra  70,006008, 1 AWADHI,4079,2136,1943,3606,1875,1731,473,261,212
C0116,09,70,0000,District - Sonbhadra  70,006016, 2 BAGHELI/BAGHEL KHANDI,125,64,61,0,0,0,125,64,61
C0116,09,70,0000,District - Sonbhadra  70,006045, 3 BHOJPURI,309621,161802,147819,288940,150313,138627,20681,11489,9192
C0116,09,70,0000,District - Sonbhadra  70,006059, 4 BRAJBHASHA,42,19,23,5,2,3,37,17,20
C0116,09,70,0000,District - Sonbhadra  70,006060, 5 BUNDELI/BUNDELKHANDI,478,262,216,75,41,34,403,221,182
C0116,09,70,0000,District - Sonbhadra  70,006072, 6 CHHATTISGARHI,316,160,156,2,1,1,314,159,155
C0116,09,70,0000,District - Sonbhadra  70,006095, 7 GARHWALI,1293,746,547,833,488,345,460,258,202
C0116,09,70,0000,District - Sonbhadra  70,006117, 8 HARYANVI,275,146,129,9,6,3,266,140,126
C0116,09,70,0000,District - Sonbhadra  70,006118, 9 HINDI,1120130,590959,529171,885565,462529,423036,234565,128430,106135
C0116,09,70,0000,District - Sonbhadra  70,006127, 10 JAUNSARI,23,12,11,19,8,11,4,4,0
C0116,09,70,0000,District - Sonbhadra  70,006148, 11 KHARI BOLI,2575,1408,1167,61,36,25,2514,1372,1142
C0116,09,70,0000,District - Sonbhadra  70,006153, 12 KHORTHA/KHOTTA,4,3,1,0,0,0,4,3,1
C0116,09,70,0000,District - Sonbhadra  70,006162, 13 KUMAUNI,111,49,62,1,0,1,110,49,61
C0116,09,70,0000,District - Sonbhadra  70,006179, 14 MAGADHI/MAGAHI,188,101,87,12,8,4,176,93,83
C0116,09,70,0000,District - Sonbhadra  70,006192, 15 MARWARI,373,213,160,28,12,16,345,201,144
C0116,09,70,0000,District - Sonbhadra  70,006195, 16 MEWARI,26,14,12,0,0,0,26,14,12
C0116,09,70,0000,District - Sonbhadra  70,006204, 17 NAGPURIA,5,3,2,0,0,0,5,3,2
C0116,09,70,0000,District - Sonbhadra  70,006213, 18 PAHARI,32,22,10,4,4,0,28,18,10
C0116,09,70,0000,District - Sonbhadra  70,006242, 19 RAJASTHANI,746,420,326,2,0,2,744,420,324
C0116,09,70,0000,District - Sonbhadra  70,006251, 20 SADAN/SADRI,20,7,13,0,0,0,20,7,13
C0116,09,70,0000,District - Sonbhadra  70,006999,6 Others,1378,686,692,1296,643,653,82,43,39
C0116,09,70,0000,District - Sonbhadra  70,007000,7 KANNADA,33,19,14,0,0,0,33,19,14
C0116,09,70,0000,District - Sonbhadra  70,007013, 1 KANNADA,33,19,14,0,0,0,33,19,14
C0116,09,70,0000,District - Sonbhadra  70,008000,8 KASHMIRI,13,9,4,0,0,0,13,9,4
C0116,09,70,0000,District - Sonbhadra  70,008002, 1 KASHMIRI,13,9,4,0,0,0,13,9,4
C0116,09,70,0000,District - Sonbhadra  70,009000,9 KONKANI,33,18,15,23,13,10,10,5,5
C0116,09,70,0000,District - Sonbhadra  70,009010, 1 KONKANI,32,17,15,23,13,10,9,4,5
C0116,09,70,0000,District - Sonbhadra  70,009999,9 Others,1,1,0,0,0,0,1,1,0
C0116,09,70,0000,District - Sonbhadra  70,010000,10 MAITHILI,779,438,341,35,22,13,744,416,328
C0116,09,70,0000,District - Sonbhadra  70,010006, 1 MAITHILI,779,438,341,35,22,13,744,416,328
C0116,09,70,0000,District - Sonbhadra  70,011000,11 MALAYALAM,1211,636,575,57,27,30,1154,609,545
C0116,09,70,0000,District - Sonbhadra  70,011013, 1 MALAYALAM,1208,636,572,57,27,30,1151,609,542
C0116,09,70,0000,District - Sonbhadra  70,011999,11 Others,3,0,3,0,0,0,3,0,3
C0116,09,70,0000,District - Sonbhadra  70,012000,12 MANIPURI,2,1,1,0,0,0,2,1,1
C0116,09,70,0000,District - Sonbhadra  70,012002, 1 MANIPURI,2,1,1,0,0,0,2,1,1
C0116,09,70,0000,District - Sonbhadra  70,013000,13 MARATHI,213,106,107,9,6,3,204,100,104
C0116,09,70,0000,District - Sonbhadra  70,013048, 1 MARATHI,213,106,107,9,6,3,204,100,104
C0116,09,70,0000,District - Sonbhadra  70,014000,14 NEPALI,2347,1276,1071,1420,760,660,927,516,411
C0116,09,70,0000,District - Sonbhadra  70,014009, 1 NEPALI,2346,1275,1071,1420,760,660,926,515,411
C0116,09,70,0000,District - Sonbhadra  70,014999,14 Others,1,1,0,0,0,0,1,1,0
C0116,09,70,0000,District - Sonbhadra  70,015000,15 ORIYA,659,392,267,217,124,93,442,268,174
C0116,09,70,0000,District - Sonbhadra  70,015031, 1 ORIYA,659,392,267,217,124,93,442,268,174
C0116,09,70,0000,District - Sonbhadra  70,016000,16 PUNJABI,1347,739,608,117,62,55,1230,677,553
C0116,09,70,0000,District - Sonbhadra  70,016001, 1 BAGRI,5,3,2,0,0,0,5,3,2
C0116,09,70,0000,District - Sonbhadra  70,016018, 2 PUNJABI,1297,709,588,117,62,55,1180,647,533
C0116,09,70,0000,District - Sonbhadra  70,016999,16 Others,45,27,18,0,0,0,45,27,18
C0116,09,70,0000,District - Sonbhadra  70,017000,17 SANSKRIT,9,8,1,9,8,1,0,0,0
C0116,09,70,0000,District - Sonbhadra  70,017002, 1 SANSKRIT,9,8,1,9,8,1,0,0,0
C0116,09,70,0000,District - Sonbhadra  70,018000,18 SANTALI,8,3,5,0,0,0,8,3,5
C0116,09,70,0000,District - Sonbhadra  70,018013, 1 SANTALI,8,3,5,0,0,0,8,3,5
C0116,09,70,0000,District - Sonbhadra  70,019000,19 SINDHI,34,17,17,2,2,0,32,15,17
C0116,09,70,0000,District - Sonbhadra  70,019013, 1 SINDHI,34,17,17,2,2,0,32,15,17
C0116,09,70,0000,District - Sonbhadra  70,020000,20 TAMIL,402,256,146,14,8,6,388,248,140
C0116,09,70,0000,District - Sonbhadra  70,020020, 1 TAMIL,385,251,134,14,8,6,371,243,128
C0116,09,70,0000,District - Sonbhadra  70,020999,20 Others,17,5,12,0,0,0,17,5,12
C0116,09,70,0000,District - Sonbhadra  70,021000,21 TELUGU,312,169,143,21,10,11,291,159,132
C0116,09,70,0000,District - Sonbhadra  70,021035, 1 TELUGU,312,169,143,21,10,11,291,159,132
C0116,09,70,0000,District - Sonbhadra  70,022000,22 URDU,10372,5529,4843,4802,2578,2224,5570,2951,2619
C0116,09,70,0000,District - Sonbhadra  70,022014, 1 URDU,10372,5529,4843,4802,2578,2224,5570,2951,2619
C0116,09,70,0000,District - Sonbhadra  70,028000,28 ARABIC/ARBI,58,41,17,42,26,16,16,15,1
C0116,09,70,0000,District - Sonbhadra  70,028001, 1 ARABIC/ARBI,58,41,17,42,26,16,16,15,1
C0116,09,70,0000,District - Sonbhadra  70,030000,30 BHILI/BHILODI,2,1,1,2,1,1,0,0,0
C0116,09,70,0000,District - Sonbhadra  70,030048, 1 RATHI,2,1,1,2,1,1,0,0,0
C0116,09,70,0000,District - Sonbhadra  70,040000,40 ENGLISH,98,57,41,69,37,32,29,20,9
C0116,09,70,0000,District - Sonbhadra  70,040001, 1 ENGLISH,98,57,41,69,37,32,29,20,9
C0116,09,70,0000,District - Sonbhadra  70,044000,44 GONDI,410,201,209,410,201,209,0,0,0
C0116,09,70,0000,District - Sonbhadra  70,044006, 1 GONDI,402,195,207,402,195,207,0,0,0
C0116,09,70,0000,District - Sonbhadra  70,044999,44 Others,8,6,2,8,6,2,0,0,0
C0116,09,70,0000,District - Sonbhadra  70,053000,53 KHANDESHI,1,0,1,1,0,1,0,0,0
C0116,09,70,0000,District - Sonbhadra  70,053005, 1 GUJARI,1,0,1,1,0,1,0,0,0
C0116,09,70,0000,District - Sonbhadra  70,054000,54 KHARIA,20,9,11,0,0,0,20,9,11
C0116,09,70,0000,District - Sonbhadra  70,054004, 1 KHARIA,20,9,11,0,0,0,20,9,11
C0116,09,70,0000,District - Sonbhadra  70,072000,72 KURUKH/ORAON,44,22,22,20,13,7,24,9,15
C0116,09,70,0000,District - Sonbhadra  70,072009, 1 KURUKH/ORAON,44,22,22,20,13,7,24,9,15
C0116,09,70,0000,District - Sonbhadra  70,075000,75 LAHNDA,1,0,1,0,0,0,1,0,1
C0116,09,70,0000,District - Sonbhadra  70,075012, 1 MULTANI,1,0,1,0,0,0,1,0,1
C0116,09,70,0000,District - Sonbhadra  70,090000,90 MUNDA,29,19,10,3,2,1,26,17,9
C0116,09,70,0000,District - Sonbhadra  70,090003, 1 KOL,2,1,1,2,1,1,0,0,0
C0116,09,70,0000,District - Sonbhadra  70,090006, 2 MUNDA,9,6,3,1,1,0,8,5,3
C0116,09,70,0000,District - Sonbhadra  70,090999,90 Others,18,12,6,0,0,0,18,12,6
C0116,09,70,0000,District - Sonbhadra  70,091000,91 MUNDARI,27,14,13,0,0,0,27,14,13
C0116,09,70,0000,District - Sonbhadra  70,091004, 1 MUNDARI,27,14,13,0,0,0,27,14,13
C0116,09,70,0000,District - Sonbhadra  70,093000,93 NISSI/DAFLA,7,5,2,0,0,0,7,5,2
C0116,09,70,0000,District - Sonbhadra  70,093999,93 Others,7,5,2,0,0,0,7,5,2
C0116,09,70,0000,District - Sonbhadra  70,108000,108 SHINA,1,1,0,0,0,0,1,1,0
C0116,09,70,0000,District - Sonbhadra  70,108999,108 Others,1,1,0,0,0,0,1,1,0
C0116,09,70,0000,District - Sonbhadra  70,115000,115 TRIPURI,2,1,1,0,0,0,2,1,1
C0116,09,70,0000,District - Sonbhadra  70,115006, 1 TRIPURI,2,1,1,0,0,0,2,1,1
C0116,09,70,0000,District - Sonbhadra  70,116000,116 TULU,3,1,2,0,0,0,3,1,2
C0116,09,70,0000,District - Sonbhadra  70,116009, 1 TULU,3,1,2,0,0,0,3,1,2
C0116,09,70,0000,District - Sonbhadra  70,123000,123 OTHERS,277,143,134,80,34,46,197,109,88
C0116,09,70,0001,Tehsil - Ghorawal ** 0001,002000,2 BENGALI,2,1,1,0,0,0,2,1,1
C0116,09,70,0001,Tehsil - Ghorawal ** 0001,002004, 1 BENGALI,2,1,1,0,0,0,2,1,1
C0116,09,70,0001,Tehsil - Ghorawal ** 0001,006000,6 HINDI,225055,117339,107716,218608,113827,104781,6447,3512,2935
C0116,09,70,0001,Tehsil - Ghorawal ** 0001,006008, 1 AWADHI,864,452,412,864,452,412,0,0,0
C0116,09,70,0001,Tehsil - Ghorawal ** 0001,006045, 2 BHOJPURI,40549,21096,19453,40542,21091,19451,7,5,2
C0116,09,70,0001,Tehsil - Ghorawal ** 0001,006060, 3 BUNDELI/BUNDELKHANDI,1,1,0,0,0,0,1,1,0
C0116,09,70,0001,Tehsil - Ghorawal ** 0001,006095, 4 GARHWALI,176,105,71,176,105,71,0,0,0
C0116,09,70,0001,Tehsil - Ghorawal ** 0001,006118, 5 HINDI,183455,95680,87775,177016,92174,84842,6439,3506,2933
C0116,09,70,0001,Tehsil - Ghorawal ** 0001,006127, 6 JAUNSARI,5,0,5,5,0,5,0,0,0
C0116,09,70,0001,Tehsil - Ghorawal ** 0001,006148, 7 KHARI BOLI,5,5,0,5,5,0,0,0,0
C0116,09,70,0001,Tehsil - Ghorawal ** 0001,011000,11 MALAYALAM,4,1,3,2,1,1,2,0,2
C0116,09,70,0001,Tehsil - Ghorawal ** 0001,011013, 1 MALAYALAM,4,1,3,2,1,1,2,0,2
C0116,09,70,0001,Tehsil - Ghorawal ** 0001,014000,14 NEPALI,289,157,132,284,156,128,5,1,4
C0116,09,70,0001,Tehsil - Ghorawal ** 0001,014009, 1 NEPALI,289,157,132,284,156,128,5,1,4
C0116,09,70,0001,Tehsil - Ghorawal ** 0001,016000,16 PUNJABI,3,1,2,3,1,2,0,0,0
C0116,09,70,0001,Tehsil - Ghorawal ** 0001,016018, 1 PUNJABI,3,1,2,3,1,2,0,0,0
C0116,09,70,0001,Tehsil - Ghorawal ** 0001,022000,22 URDU,466,257,209,450,248,202,16,9,7
C0116,09,70,0001,Tehsil - Ghorawal ** 0001,022014, 1 URDU,466,257,209,450,248,202,16,9,7
C0116,09,70,0001,Tehsil - Ghorawal ** 0001,040000,40 ENGLISH,2,1,1,2,1,1,0,0,0
C0116,09,70,0001,Tehsil - Ghorawal ** 0001,040001, 1 ENGLISH,2,1,1,2,1,1,0,0,0
C0116,09,70,0001,Tehsil - Ghorawal ** 0001,090000,90 MUNDA,2,1,1,2,1,1,0,0,0
C0116,09,70,0001,Tehsil - Ghorawal ** 0001,090003, 1 KOL,2,1,1,2,1,1,0,0,0
C0116,09,70,0001,Tehsil - Ghorawal ** 0001,123000,123 OTHERS,1,0,1,1,0,1,0,0,0
C0116,09,70,0002,Tehsil - Robertsganj 0002,001000,1 ASSAMESE,14,12,2,0,0,0,14,12,2
C0116,09,70,0002,Tehsil - Robertsganj 0002,001002, 1 ASSAMESE,14,12,2,0,0,0,14,12,2
C0116,09,70,0002,Tehsil - Robertsganj 0002,002000,2 BENGALI,402,200,202,95,54,41,307,146,161
C0116,09,70,0002,Tehsil - Robertsganj 0002,002004, 1 BENGALI,402,200,202,95,54,41,307,146,161
C0116,09,70,0002,Tehsil - Robertsganj 0002,003000,3 BODO,2,1,1,0,0,0,2,1,1
C0116,09,70,0002,Tehsil - Robertsganj 0002,003001, 1 BODO,2,1,1,0,0,0,2,1,1
C0116,09,70,0002,Tehsil - Robertsganj 0002,005000,5 GUJARATI,11,7,4,0,0,0,11,7,4
C0116,09,70,0002,Tehsil - Robertsganj 0002,005011, 1 GUJARATI,5,4,1,0,0,0,5,4,1
C0116,09,70,0002,Tehsil - Robertsganj 0002,005999,5 Others,6,3,3,0,0,0,6,3,3
C0116,09,70,0002,Tehsil - Robertsganj 0002,006000,6 HINDI,678210,356059,322151,578292,302155,276137,99918,53904,46014
C0116,09,70,0002,Tehsil - Robertsganj 0002,006008, 1 AWADHI,1695,865,830,1693,863,830,2,2,0
C0116,09,70,0002,Tehsil - Robertsganj 0002,006045, 2 BHOJPURI,178886,93048,85838,173790,90416,83374,5096,2632,2464
C0116,09,70,0002,Tehsil - Robertsganj 0002,006059, 3 BRAJBHASHA,2,1,1,0,0,0,2,1,1
C0116,09,70,0002,Tehsil - Robertsganj 0002,006060, 4 BUNDELI/BUNDELKHANDI,69,44,25,16,9,7,53,35,18
C0116,09,70,0002,Tehsil - Robertsganj 0002,006095, 5 GARHWALI,552,323,229,471,279,192,81,44,37
C0116,09,70,0002,Tehsil - Robertsganj 0002,006117, 6 HARYANVI,91,47,44,9,6,3,82,41,41
C0116,09,70,0002,Tehsil - Robertsganj 0002,006118, 7 HINDI,496632,261572,235060,402155,210496,191659,94477,51076,43401
C0116,09,70,0002,Tehsil - Robertsganj 0002,006127, 8 JAUNSARI,11,8,3,9,6,3,2,2,0
C0116,09,70,0002,Tehsil - Robertsganj 0002,006148, 9 KHARI BOLI,83,48,35,45,27,18,38,21,17
C0116,09,70,0002,Tehsil - Robertsganj 0002,006162, 10 KUMAUNI,1,0,1,1,0,1,0,0,0
C0116,09,70,0002,Tehsil - Robertsganj 0002,006192, 11 MARWARI,42,27,15,0,0,0,42,27,15
C0116,09,70,0002,Tehsil - Robertsganj 0002,006242, 12 RAJASTHANI,30,15,15,0,0,0,30,15,15
C0116,09,70,0002,Tehsil - Robertsganj 0002,006999,6 Others,116,61,55,103,53,50,13,8,5
C0116,09,70,0002,Tehsil - Robertsganj 0002,007000,7 KANNADA,5,3,2,0,0,0,5,3,2
C0116,09,70,0002,Tehsil - Robertsganj 0002,007013, 1 KANNADA,5,3,2,0,0,0,5,3,2
C0116,09,70,0002,Tehsil - Robertsganj 0002,008000,8 KASHMIRI,2,1,1,0,0,0,2,1,1
C0116,09,70,0002,Tehsil - Robertsganj 0002,008002, 1 KASHMIRI,2,1,1,0,0,0,2,1,1
C0116,09,70,0002,Tehsil - Robertsganj 0002,010000,10 MAITHILI,27,14,13,11,5,6,16,9,7
C0116,09,70,0002,Tehsil - Robertsganj 0002,010006, 1 MAITHILI,27,14,13,11,5,6,16,9,7
C0116,09,70,0002,Tehsil - Robertsganj 0002,011000,11 MALAYALAM,97,50,47,7,4,3,90,46,44
C0116,09,70,0002,Tehsil - Robertsganj 0002,011013, 1 MALAYALAM,97,50,47,7,4,3,90,46,44
C0116,09,70,0002,Tehsil - Robertsganj 0002,012000,12 MANIPURI,1,1,0,0,0,0,1,1,0
C0116,09,70,0002,Tehsil - Robertsganj 0002,012002, 1 MANIPURI,1,1,0,0,0,0,1,1,0
C0116,09,70,0002,Tehsil - Robertsganj 0002,013000,13 MARATHI,25,12,13,3,2,1,22,10,12
C0116,09,70,0002,Tehsil - Robertsganj 0002,013048, 1 MARATHI,25,12,13,3,2,1,22,10,12
C0116,09,70,0002,Tehsil - Robertsganj 0002,014000,14 NEPALI,821,454,367,426,244,182,395,210,185
C0116,09,70,0002,Tehsil - Robertsganj 0002,014009, 1 NEPALI,821,454,367,426,244,182,395,210,185
C0116,09,70,0002,Tehsil - Robertsganj 0002,015000,15 ORIYA,36,25,11,0,0,0,36,25,11
C0116,09,70,0002,Tehsil - Robertsganj 0002,015031, 1 ORIYA,36,25,11,0,0,0,36,25,11
C0116,09,70,0002,Tehsil - Robertsganj 0002,016000,16 PUNJABI,354,194,160,32,18,14,322,176,146
C0116,09,70,0002,Tehsil - Robertsganj 0002,016018, 1 PUNJABI,348,190,158,32,18,14,316,172,144
C0116,09,70,0002,Tehsil - Robertsganj 0002,016999,16 Others,6,4,2,0,0,0,6,4,2
C0116,09,70,0002,Tehsil - Robertsganj 0002,017000,17 SANSKRIT,9,8,1,9,8,1,0,0,0
C0116,09,70,0002,Tehsil - Robertsganj 0002,017002, 1 SANSKRIT,9,8,1,9,8,1,0,0,0
C0116,09,70,0002,Tehsil - Robertsganj 0002,018000,18 SANTALI,5,2,3,0,0,0,5,2,3
C0116,09,70,0002,Tehsil - Robertsganj 0002,018013, 1 SANTALI,5,2,3,0,0,0,5,2,3
C0116,09,70,0002,Tehsil - Robertsganj 0002,019000,19 SINDHI,6,4,2,1,1,0,5,3,2
C0116,09,70,0002,Tehsil - Robertsganj 0002,019013, 1 SINDHI,6,4,2,1,1,0,5,3,2
C0116,09,70,0002,Tehsil - Robertsganj 0002,020000,20 TAMIL,131,112,19,0,0,0,131,112,19
C0116,09,70,0002,Tehsil - Robertsganj 0002,020020, 1 TAMIL,123,110,13,0,0,0,123,110,13
C0116,09,70,0002,Tehsil - Robertsganj 0002,020999,20 Others,8,2,6,0,0,0,8,2,6
C0116,09,70,0002,Tehsil - Robertsganj 0002,021000,21 TELUGU,47,31,16,2,1,1,45,30,15
C0116,09,70,0002,Tehsil - Robertsganj 0002,021035, 1 TELUGU,47,31,16,2,1,1,45,30,15
C0116,09,70,0002,Tehsil - Robertsganj 0002,022000,22 URDU,5781,3083,2698,2804,1510,1294,2977,1573,1404
C0116,09,70,0002,Tehsil - Robertsganj 0002,022014, 1 URDU,5781,3083,2698,2804,1510,1294,2977,1573,1404
C0116,09,70,0002,Tehsil - Robertsganj 0002,028000,28 ARABIC/ARBI,42,26,16,42,26,16,0,0,0
C0116,09,70,0002,Tehsil - Robertsganj 0002,028001, 1 ARABIC/ARBI,42,26,16,42,26,16,0,0,0
C0116,09,70,0002,Tehsil - Robertsganj 0002,040000,40 ENGLISH,4,3,1,2,2,0,2,1,1
C0116,09,70,0002,Tehsil - Robertsganj 0002,040001, 1 ENGLISH,4,3,1,2,2,0,2,1,1
C0116,09,70,0002,Tehsil - Robertsganj 0002,044000,44 GONDI,395,193,202,395,193,202,0,0,0
C0116,09,70,0002,Tehsil - Robertsganj 0002,044006, 1 GONDI,395,193,202,395,193,202,0,0,0
C0116,09,70,0002,Tehsil - Robertsganj 0002,072000,72 KURUKH/ORAON,9,5,4,4,3,1,5,2,3
C0116,09,70,0002,Tehsil - Robertsganj 0002,072009, 1 KURUKH/ORAON,9,5,4,4,3,1,5,2,3
C0116,09,70,0002,Tehsil - Robertsganj 0002,090000,90 MUNDA,3,1,2,0,0,0,3,1,2
C0116,09,70,0002,Tehsil - Robertsganj 0002,090006, 1 MUNDA,1,0,1,0,0,0,1,0,1
C0116,09,70,0002,Tehsil - Robertsganj 0002,090999,90 Others,2,1,1,0,0,0,2,1,1
C0116,09,70,0002,Tehsil - Robertsganj 0002,123000,123 OTHERS,58,29,29,38,16,22,20,13,7
C0116,09,70,0003,Tehsil - Dudhi 0003,001000,1 ASSAMESE,45,30,15,0,0,0,45,30,15
C0116,09,70,0003,Tehsil - Dudhi 0003,001002, 1 ASSAMESE,45,30,15,0,0,0,45,30,15
C0116,09,70,0003,Tehsil - Dudhi 0003,002000,2 BENGALI,2377,1245,1132,168,105,63,2209,1140,1069
C0116,09,70,0003,Tehsil - Dudhi 0003,002004, 1 BENGALI,2372,1243,1129,168,105,63,2204,1138,1066
C0116,09,70,0003,Tehsil - Dudhi 0003,002023, 2 RAJBANGSI,1,0,1,0,0,0,1,0,1
C0116,09,70,0003,Tehsil - Dudhi 0003,002999,2 Others,4,2,2,0,0,0,4,2,2
C0116,09,70,0003,Tehsil - Dudhi 0003,003000,3 BODO,6,2,4,0,0,0,6,2,4
C0116,09,70,0003,Tehsil - Dudhi 0003,003001, 1 BODO,6,2,4,0,0,0,6,2,4
C0116,09,70,0003,Tehsil - Dudhi 0003,004000,4 DOGRI,8,4,4,0,0,0,8,4,4
C0116,09,70,0003,Tehsil - Dudhi 0003,004001, 1 DOGRI,8,4,4,0,0,0,8,4,4
C0116,09,70,0003,Tehsil - Dudhi 0003,005000,5 GUJARATI,58,32,26,15,9,6,43,23,20
C0116,09,70,0003,Tehsil - Dudhi 0003,005011, 1 GUJARATI,58,32,26,15,9,6,43,23,20
C0116,09,70,0003,Tehsil - Dudhi 0003,006000,6 HINDI,538575,285834,252741,383558,199984,183574,155017,85850,69167
C0116,09,70,0003,Tehsil - Dudhi 0003,006008, 1 AWADHI,1520,819,701,1049,560,489,471,259,212
C0116,09,70,0003,Tehsil - Dudhi 0003,006016, 2 BAGHELI/BAGHEL KHANDI,125,64,61,0,0,0,125,64,61
C0116,09,70,0003,Tehsil - Dudhi 0003,006045, 3 BHOJPURI,90186,47658,42528,74608,38806,35802,15578,8852,6726
C0116,09,70,0003,Tehsil - Dudhi 0003,006059, 4 BRAJBHASHA,40,18,22,5,2,3,35,16,19
C0116,09,70,0003,Tehsil - Dudhi 0003,006060, 5 BUNDELI/BUNDELKHANDI,408,217,191,59,32,27,349,185,164
C0116,09,70,0003,Tehsil - Dudhi 0003,006072, 6 CHHATTISGARHI,316,160,156,2,1,1,314,159,155
C0116,09,70,0003,Tehsil - Dudhi 0003,006095, 7 GARHWALI,565,318,247,186,104,82,379,214,165
C0116,09,70,0003,Tehsil - Dudhi 0003,006117, 8 HARYANVI,184,99,85,0,0,0,184,99,85
C0116,09,70,0003,Tehsil - Dudhi 0003,006118, 9 HINDI,440043,233707,206336,306394,159859,146535,133649,73848,59801
C0116,09,70,0003,Tehsil - Dudhi 0003,006127, 10 JAUNSARI,7,4,3,5,2,3,2,2,0
C0116,09,70,0003,Tehsil - Dudhi 0003,006148, 11 KHARI BOLI,2487,1355,1132,11,4,7,2476,1351,1125
C0116,09,70,0003,Tehsil - Dudhi 0003,006153, 12 KHORTHA/KHOTTA,4,3,1,0,0,0,4,3,1
C0116,09,70,0003,Tehsil - Dudhi 0003,006162, 13 KUMAUNI,110,49,61,0,0,0,110,49,61
C0116,09,70,0003,Tehsil - Dudhi 0003,006179, 14 MAGADHI/MAGAHI,188,101,87,12,8,4,176,93,83
C0116,09,70,0003,Tehsil - Dudhi 0003,006192, 15 MARWARI,331,186,145,28,12,16,303,174,129
C0116,09,70,0003,Tehsil - Dudhi 0003,006195, 16 MEWARI,26,14,12,0,0,0,26,14,12
C0116,09,70,0003,Tehsil - Dudhi 0003,006204, 17 NAGPURIA,5,3,2,0,0,0,5,3,2
C0116,09,70,0003,Tehsil - Dudhi 0003,006213, 18 PAHARI,32,22,10,4,4,0,28,18,10
C0116,09,70,0003,Tehsil - Dudhi 0003,006242, 19 RAJASTHANI,716,405,311,2,0,2,714,405,309
C0116,09,70,0003,Tehsil - Dudhi 0003,006251, 20 SADAN/SADRI,20,7,13,0,0,0,20,7,13
C0116,09,70,0003,Tehsil - Dudhi 0003,006999,6 Others,1262,625,637,1193,590,603,69,35,34
C0116,09,70,0003,Tehsil - Dudhi 0003,007000,7 KANNADA,28,16,12,0,0,0,28,16,12
C0116,09,70,0003,Tehsil - Dudhi 0003,007013, 1 KANNADA,28,16,12,0,0,0,28,16,12
C0116,09,70,0003,Tehsil - Dudhi 0003,008000,8 KASHMIRI,11,8,3,0,0,0,11,8,3
C0116,09,70,0003,Tehsil - Dudhi 0003,008002, 1 KASHMIRI,11,8,3,0,0,0,11,8,3
C0116,09,70,0003,Tehsil - Dudhi 0003,009000,9 KONKANI,33,18,15,23,13,10,10,5,5
C0116,09,70,0003,Tehsil - Dudhi 0003,009010, 1 KONKANI,32,17,15,23,13,10,9,4,5
C0116,09,70,0003,Tehsil - Dudhi 0003,009999,9 Others,1,1,0,0,0,0,1,1,0
C0116,09,70,0003,Tehsil - Dudhi 0003,010000,10 MAITHILI,752,424,328,24,17,7,728,407,321
C0116,09,70,0003,Tehsil - Dudhi 0003,010006, 1 MAITHILI,752,424,328,24,17,7,728,407,321
C0116,09,70,0003,Tehsil - Dudhi 0003,011000,11 MALAYALAM,1110,585,525,48,22,26,1062,563,499
C0116,09,70,0003,Tehsil - Dudhi 0003,011013, 1 MALAYALAM,1107,585,522,48,22,26,1059,563,496
C0116,09,70,0003,Tehsil - Dudhi 0003,011999,11 Others,3,0,3,0,0,0,3,0,3
C0116,09,70,0003,Tehsil - Dudhi 0003,012000,12 MANIPURI,1,0,1,0,0,0,1,0,1
C0116,09,70,0003,Tehsil - Dudhi 0003,012002, 1 MANIPURI,1,0,1,0,0,0,1,0,1
C0116,09,70,0003,Tehsil - Dudhi 0003,013000,13 MARATHI,188,94,94,6,4,2,182,90,92
C0116,09,70,0003,Tehsil - Dudhi 0003,013048, 1 MARATHI,188,94,94,6,4,2,182,90,92
C0116,09,70,0003,Tehsil - Dudhi 0003,014000,14 NEPALI,1237,665,572,710,360,350,527,305,222
C0116,09,70,0003,Tehsil - Dudhi 0003,014009, 1 NEPALI,1236,664,572,710,360,350,526,304,222
C0116,09,70,0003,Tehsil - Dudhi 0003,014999,14 Others,1,1,0,0,0,0,1,1,0
C0116,09,70,0003,Tehsil - Dudhi 0003,015000,15 ORIYA,623,367,256,217,124,93,406,243,163
C0116,09,70,0003,Tehsil - Dudhi 0003,015031, 1 ORIYA,623,367,256,217,124,93,406,243,163
C0116,09,70,0003,Tehsil - Dudhi 0003,016000,16 PUNJABI,990,544,446,82,43,39,908,501,407
C0116,09,70,0003,Tehsil - Dudhi 0003,016001, 1 BAGRI,5,3,2,0,0,0,5,3,2
C0116,09,70,0003,Tehsil - Dudhi 0003,016018, 2 PUNJABI,946,518,428,82,43,39,864,475,389
C0116,09,70,0003,Tehsil - Dudhi 0003,016999,16 Others,39,23,16,0,0,0,39,23,16
C0116,09,70,0003,Tehsil - Dudhi 0003,018000,18 SANTALI,3,1,2,0,0,0,3,1,2
C0116,09,70,0003,Tehsil - Dudhi 0003,018013, 1 SANTALI,3,1,2,0,0,0,3,1,2
C0116,09,70,0003,Tehsil - Dudhi 0003,019000,19 SINDHI,28,13,15,1,1,0,27,12,15
C0116,09,70,0003,Tehsil - Dudhi 0003,019013, 1 SINDHI,28,13,15,1,1,0,27,12,15
C0116,09,70,0003,Tehsil - Dudhi 0003,020000,20 TAMIL,271,144,127,14,8,6,257,136,121
C0116,09,70,0003,Tehsil - Dudhi 0003,020020, 1 TAMIL,262,141,121,14,8,6,248,133,115
C0116,09,70,0003,Tehsil - Dudhi 0003,020999,20 Others,9,3,6,0,0,0,9,3,6
C0116,09,70,0003,Tehsil - Dudhi 0003,021000,21 TELUGU,265,138,127,19,9,10,246,129,117
C0116,09,70,0003,Tehsil - Dudhi 0003,021035, 1 TELUGU,265,138,127,19,9,10,246,129,117
C0116,09,70,0003,Tehsil - Dudhi 0003,022000,22 URDU,4125,2189,1936,1548,820,728,2577,1369,1208
C0116,09,70,0003,Tehsil - Dudhi 0003,022014, 1 URDU,4125,2189,1936,1548,820,728,2577,1369,1208
C0116,09,70,0003,Tehsil - Dudhi 0003,028000,28 ARABIC/ARBI,16,15,1,0,0,0,16,15,1
C0116,09,70,0003,Tehsil - Dudhi 0003,028001, 1 ARABIC/ARBI,16,15,1,0,0,0,16,15,1
C0116,09,70,0003,Tehsil - Dudhi 0003,030000,30 BHILI/BHILODI,2,1,1,2,1,1,0,0,0
C0116,09,70,0003,Tehsil - Dudhi 0003,030048, 1 RATHI,2,1,1,2,1,1,0,0,0
C0116,09,70,0003,Tehsil - Dudhi 0003,040000,40 ENGLISH,92,53,39,65,34,31,27,19,8
C0116,09,70,0003,Tehsil - Dudhi 0003,040001, 1 ENGLISH,92,53,39,65,34,31,27,19,8
C0116,09,70,0003,Tehsil - Dudhi 0003,044000,44 GONDI,15,8,7,15,8,7,0,0,0
C0116,09,70,0003,Tehsil - Dudhi 0003,044006, 1 GONDI,7,2,5,7,2,5,0,0,0
C0116,09,70,0003,Tehsil - Dudhi 0003,044999,44 Others,8,6,2,8,6,2,0,0,0
C0116,09,70,0003,Tehsil - Dudhi 0003,053000,53 KHANDESHI,1,0,1,1,0,1,0,0,0
C0116,09,70,0003,Tehsil - Dudhi 0003,053005, 1 GUJARI,1,0,1,1,0,1,0,0,0
C0116,09,70,0003,Tehsil - Dudhi 0003,054000,54 KHARIA,20,9,11,0,0,0,20,9,11
C0116,09,70,0003,Tehsil - Dudhi 0003,054004, 1 KHARIA,20,9,11,0,0,0,20,9,11
C0116,09,70,0003,Tehsil - Dudhi 0003,072000,72 KURUKH/ORAON,35,17,18,16,10,6,19,7,12
C0116,09,70,0003,Tehsil - Dudhi 0003,072009, 1 KURUKH/ORAON,35,17,18,16,10,6,19,7,12
C0116,09,70,0003,Tehsil - Dudhi 0003,075000,75 LAHNDA,1,0,1,0,0,0,1,0,1
C0116,09,70,0003,Tehsil - Dudhi 0003,075012, 1 MULTANI,1,0,1,0,0,0,1,0,1
C0116,09,70,0003,Tehsil - Dudhi 0003,090000,90 MUNDA,24,17,7,1,1,0,23,16,7
C0116,09,70,0003,Tehsil - Dudhi 0003,090006, 1 MUNDA,8,6,2,1,1,0,7,5,2
C0116,09,70,0003,Tehsil - Dudhi 0003,090999,90 Others,16,11,5,0,0,0,16,11,5
C0116,09,70,0003,Tehsil - Dudhi 0003,091000,91 MUNDARI,27,14,13,0,0,0,27,14,13
C0116,09,70,0003,Tehsil - Dudhi 0003,091004, 1 MUNDARI,27,14,13,0,0,0,27,14,13
C0116,09,70,0003,Tehsil - Dudhi 0003,093000,93 NISSI/DAFLA,7,5,2,0,0,0,7,5,2
C0116,09,70,0003,Tehsil - Dudhi 0003,093999,93 Others,7,5,2,0,0,0,7,5,2
C0116,09,70,0003,Tehsil - Dudhi 0003,108000,108 SHINA,1,1,0,0,0,0,1,1,0
C0116,09,70,0003,Tehsil - Dudhi 0003,108999,108 Others,1,1,0,0,0,0,1,1,0
C0116,09,70,0003,Tehsil - Dudhi 0003,115000,115 TRIPURI,2,1,1,0,0,0,2,1,1
C0116,09,70,0003,Tehsil - Dudhi 0003,115006, 1 TRIPURI,2,1,1,0,0,0,2,1,1
C0116,09,70,0003,Tehsil - Dudhi 0003,116000,116 TULU,3,1,2,0,0,0,3,1,2
C0116,09,70,0003,Tehsil - Dudhi 0003,116009, 1 TULU,3,1,2,0,0,0,3,1,2
C0116,09,70,0003,Tehsil - Dudhi 0003,123000,123 OTHERS,218,114,104,41,18,23,177,96,81
